# NaN NaN NaN ;Mean Elev.(m), Avg Gradient(m/km), RMS Gradient(m/km) - SRTM1     
#   32.454   0.163   2.467 ;Mean Elev.(m), Avg Gradient(m/km), RMS Gradient(m/km) - ASTER GDEM
#   37.596   0.064   1.430 ;Mean Elev.(m), Avg Gradient(m/km), RMS Gradient(m/km) - GMTED2010 
  7  91.006757  26.217683    40.784    40.794  5 52458.17566517 45.335
  8  91.013647  26.218836    40.974    40.977  5 52493.17564300 43.881
 10  91.012612  26.219474    38.418    38.322  5 52563.17566265 46.577
 12  91.007169  26.218062    35.620    35.635  5 52633.17563097 49.769
 13  91.004646  26.218628    35.015    35.025  6 52668.17564682 46.375
 14  91.014781  26.217813    38.430    38.201  5 52703.17562389 18.578
 16  91.007382  26.217495    38.106    38.149  5 52773.17562212 46.504
 17  91.006345  26.217473    40.505    40.474  5 52808.17568654 40.920
 18  91.008515  26.218212    41.129    41.037  5 52843.17574412 38.257
 19  91.005748  26.218402    40.178    40.155  6 52878.17578246 30.021
 20  91.010789  26.218684    39.902    39.956  4 52913.17574051 25.116
 21  91.015302  26.218869    37.995    37.994  5 52948.17569827 50.471
 23  91.004813  26.217281    35.073    35.104  6 53018.17572522 39.407
 24  91.012873  26.219853    35.090    35.079  5 53053.17570645 46.420
 25  90.998183  26.225908    38.073    38.073  2 53088.17574276 30.749
 26  91.008032  26.217200    38.591    38.850  5 53123.17571392 18.132
 27  91.001382  26.219870    39.618    39.590  6 53158.17577117 41.999
 28  91.010457  26.218020    40.753    40.757  5 53193.17576522 44.453
 30  91.001213  26.219615    40.081    40.036  6 53263.17573449 45.249
 56  91.004357  26.219228    38.412    37.925  6 54173.17566441 21.097
 57  91.007115  26.218874    36.618    36.541  5 54208.17566274 43.964
 58  91.006949  26.217426    38.466    38.522  5 54243.17569458 44.327
 59  91.007239  26.219131    41.055    41.090  5 54278.17570774 45.788
 60  91.007594  26.217544    41.872    41.864  5 54313.17570838 41.518
 61  91.004531  26.216802    40.374    40.373  6 54348.17567972 25.732
 62  91.009181  26.219599    39.268    39.199  5 54383.17564558 32.354
 63  91.004720  26.218108    37.124    36.648  6 54418.17562914 21.954
 64  91.009316  26.217485    35.156    35.221  5 54453.17561608 42.862
 66  91.009317  26.218205    36.780    36.738  4 54523.17562912 21.857
 67  91.005132  26.219149    39.289    39.629  6 54558.17563665 20.470
 68  91.006561  26.218229    37.792    37.828  6 54593.17562487 49.196
 69  91.005812  26.218187    38.989    39.062  5 54628.17564026 41.928
 70  91.004892  26.218431    40.721    40.720  6 54663.17564743 46.159
 71  91.006333  26.218733    41.371    41.376  6 54698.17562100 42.534
 72  91.008359  26.218243    39.645    39.717  5 54733.17560469 28.146
 73  91.006931  26.218427    37.414    37.401  6 54768.17560115 48.890
 74  91.007360  26.218713    35.608    35.602  6 54803.17559853 49.088
 75  91.006992  26.218410    34.762    34.688  5 54838.17559403 29.344
 76  91.007693  26.218913    34.375    34.356  5 54873.17559805 50.233
 77  91.003039  26.220164    34.871    34.862  7 54908.17560105 47.510
 78  91.006945  26.217925    35.804    35.802  5 54943.17559043 41.198
 79  91.005441  26.217920    37.037    37.036  5 54978.17561807 44.456
 80  91.005569  26.217546    39.273    39.271  6 55013.17562468 47.983
 81  91.007438  26.218073    40.655    40.680  5 55048.17561697 46.429
 82  91.004107  26.217921    39.281    39.287  7 55083.17558739 35.242
 83  91.009291  26.218129    39.544    39.629  5 55118.17554919 38.507
 84  91.004603  26.217379    36.013    36.016  6 55153.17554624 18.743
 85  91.007847  26.219134    35.130    35.260  5 55188.17553685 45.635
 86  91.005562  26.218887    34.663    34.710  6 55223.17554510 47.585
 87  91.007993  26.218261    34.734    34.733  5 55258.17553321 42.815
 88  91.004152  26.217987    37.830    37.811  7 55293.17553219 35.271
 89  91.004909  26.218710    39.165    38.855  6 55328.17551609 38.395
 90  91.005257  26.217642    40.230    40.233  6 55363.17551200 39.844
 91  91.007850  26.217812    41.304    41.292  5 55398.17552041 47.274
 92  91.008419  26.218340    41.061    41.055  6 55433.17552715 46.340
 93  91.004357  26.216970    40.390    40.391  6 55468.17548530 48.722
