# NaN NaN NaN ;Mean Elev.(m), Avg Gradient(m/km), RMS Gradient(m/km) - SRTM1     
#   96.838  -0.410   1.947 ;Mean Elev.(m), Avg Gradient(m/km), RMS Gradient(m/km) - ASTER GDEM
#  107.206   0.185   1.595 ;Mean Elev.(m), Avg Gradient(m/km), RMS Gradient(m/km) - GMTED2010 
  7  95.042906  27.545744   109.045   109.070  7 52458.64030501 41.536
  8  95.048841  27.547368   108.757   108.755  7 52493.64028670 44.955
  9  95.038981  27.546856   107.548   107.554  9 52528.64026806 47.521
 10  95.045419  27.545920   107.337   107.332  7 52563.64030120 49.277
 12  95.037653  27.547616   106.108   106.083  9 52633.64027403 48.141
 13  95.039724  27.547156   105.891   105.960  9 52668.64028827 46.431
 16  95.048453  27.548811   107.689   107.690  7 52773.64026131 49.378
 17  95.036094  27.547263   108.356   108.330 10 52808.64032992 41.109
 18  95.038605  27.547266   108.490   108.524  9 52843.64038718 47.467
 19  95.038645  27.546979   108.411   108.392  9 52878.64042520 46.551
 20  95.049127  27.548829   108.401   108.390  7 52913.64038325 47.950
 21  95.042918  27.545678   106.540   106.539  8 52948.64034102 49.990
 23  95.044224  27.545907   105.526   105.555  7 53018.64036474 46.062
 24  95.043904  27.544440   105.313   105.292  7 53053.64034758 48.118
 25  95.035316  27.548505   107.325   107.374  9 53088.64038550 43.382
 26  95.039411  27.548317   106.688   106.694  9 53123.64035570 48.666
 27  95.032707  27.551227   107.440   107.454  9 53158.64041488 49.349
 28  95.046064  27.544727   109.256   109.291  7 53193.64040764 33.459
 29  95.046729  27.546356   108.671   108.657  7 53228.64040241 51.825
 30  95.042614  27.545792   107.886   107.886  8 53263.64037465 48.942
 31  95.028455  27.554362   107.077   107.066 10 53298.64041842 49.123
 32  95.041789  27.546361   106.051   106.099  7 53333.64038756 48.819
 33  95.047392  27.546440   105.910   105.896  7 53368.64032963 48.066
 34  95.041166  27.545506   105.688   105.749  8 53403.64036020 45.923
 35  95.045287  27.546109   107.315   107.306  7 53438.64034844 48.387
 36  95.035709  27.547685   107.870   107.880 10 53473.64040690 44.777
 37  95.039798  27.547575   107.531   107.561  9 53508.64043012 48.787
 38  95.037791  27.547441   108.711   108.717  9 53543.64044203 46.094
 39  95.042187  27.545879   108.875   108.855  7 53578.64042337 48.780
 40  95.042018  27.545669   108.964   108.984  7 53613.64037668 46.691
 41  95.042361  27.544835   108.016   108.017  8 53648.64038238 49.571
 42  95.036493  27.548403   106.323   106.347 10 53683.64039770 47.962
 43  95.047664  27.545925   105.827   105.835  7 53718.64032390 48.407
 44  95.046327  27.545775   105.542   105.505  7 53753.64024556 47.418
 45  95.046934  27.545675   105.871   105.868  7 53788.64027557 47.846
 46  95.041626  27.546744   106.753   106.753  8 53823.64023125 49.607
 47  95.036240  27.547765   107.033   107.043 10 53858.64032426 50.001
 48  95.044334  27.545627   108.696   108.697  7 53893.64033922 45.954
 49  95.029100  27.554568   108.476   108.510  9 53928.64039859 46.601
 50  95.035961  27.548700   107.817   107.793  9 53963.64037840 50.206
 51  95.038882  27.549053   108.026   108.036  9 53998.64032860 51.651
 52  95.043143  27.545834   106.697   106.665  8 54033.64037547 47.794
 54  95.044310  27.546479   106.046   106.131  7 54103.64032681 46.998
 55  95.039068  27.548798   106.056   106.087  9 54138.64030006 49.370
 56  95.043258  27.545331   105.970   105.967  7 54173.64030504 47.326
 57  95.038024  27.548559   106.965   106.923  9 54208.64030578 50.474
 58  95.041736  27.546089   108.011   107.996  8 54243.64033715 50.024
 59  95.041859  27.545239   108.331   108.316  8 54278.64034972 47.158
 60  95.044002  27.545307   109.318   109.263  8 54313.64034949 44.897
 61  95.044629  27.546701   109.157   109.086  7 54348.64032038 34.234
 62  95.041410  27.546024   107.853   107.864  8 54383.64028747 49.118
 63  95.043534  27.545331   106.192   106.143  7 54418.64026945 48.127
 64  95.039134  27.547568   105.740   105.773 10 54453.64025830 47.210
 65  95.043937  27.546294   105.951   105.964  7 54488.64026833 29.539
 66  95.042307  27.546101   105.948   106.016  8 54523.64027090 45.492
 67  95.043795  27.545154   107.083   107.067  8 54558.64027778 47.696
 68  95.041226  27.545360   107.552   107.577  8 54593.64026730 48.237
 69  95.042000  27.544749   108.505   108.494  8 54628.64028172 39.656
 70  95.038938  27.548094   108.737   108.732  9 54663.64028954 49.197
 71  95.046037  27.544526   109.105   109.149  7 54698.64026182 46.897
 72  95.039358  27.547069   107.513   107.495  9 54733.64024712 49.204
 73  95.043617  27.545221   107.645   107.659  7 54768.64024132 44.702
 74  95.038464  27.546986   105.730   105.761  9 54803.64024063 47.257
 75  95.042411  27.546159   105.563   105.579  8 54838.64023550 45.663
 76  95.039540  27.547711   105.388   105.377  9 54873.64024048 46.322
 77  95.042802  27.546194   105.874   105.912  8 54908.64024187 47.578
 78  95.038392  27.547443   106.841   106.844  9 54943.64023350 45.298
 79  95.040716  27.546195   108.111   108.097  9 54978.64026050 44.871
 80  95.041490  27.547193   109.231   109.254  8 55013.64026583 46.085
 81  95.042438  27.545762   108.686   108.677  7 55048.64025876 48.147
 82  95.045373  27.544377   107.716   107.713  7 55083.64022789 40.479
 83  95.041434  27.546120   107.187   107.252  7 55118.64019033 50.062
 84  95.041923  27.546507   107.250   107.272  8 55153.64018674 47.392
 85  95.038654  27.547571   105.811   105.794 10 55188.64017960 43.700
 86  95.042392  27.545385   105.474   105.489  7 55223.64018592 47.151
 87  95.042253  27.545588   105.719   105.717  8 55258.64017467 46.379
 88  95.043798  27.546603   108.353   108.384  7 55293.64017334 44.651
 89  95.038946  27.548243   108.969   109.037  9 55328.64015884 36.476
 90  95.043486  27.545471   108.634   108.641  7 55363.64015282 46.160
 91  95.039073  27.548086   108.910   108.888  9 55398.64016284 40.140
 92  95.044122  27.545389   109.257   109.246  8 55433.64016894 47.099
 93  95.046262  27.546580   108.708   108.702  7 55468.64012547 47.564
