# NaN NaN NaN ;Mean Elev.(m), Avg Gradient(m/km), RMS Gradient(m/km) - SRTM1     
#   92.916   0.083   2.481 ;Mean Elev.(m), Avg Gradient(m/km), RMS Gradient(m/km) - ASTER GDEM
#  103.315  -0.181   1.035 ;Mean Elev.(m), Avg Gradient(m/km), RMS Gradient(m/km) - GMTED2010 
  7  94.943411  27.556570   106.632   106.622  5 52468.16543195 43.410
  8  94.941754  27.554408   105.949   105.954  6 52503.16542159 43.702
  9  94.949957  27.557807   105.609   105.590  5 52538.16540541 48.912
 10  94.942301  27.555619   104.817   104.814  5 52573.16544628 49.563
 11  94.946058  27.557902   104.375   104.392  5 52608.16540396 49.621
 12  94.946349  27.558563   103.988   104.021  6 52643.16539968 50.050
 13  94.947327  27.558239   104.080   104.090  6 52678.16538264 48.942
 15  94.933658  27.557188   104.632   104.628  3 52748.16544664 50.294
 16  94.947519  27.558661   105.352   105.351  6 52783.16538613 49.919
 17  94.946539  27.558474   106.822   106.783  5 52818.16546412 37.541
 18  94.948916  27.559394   106.278   106.186  5 52853.16551365 45.303
 20  94.941744  27.555318   105.873   105.881  5 52923.16550302 43.930
 21  94.954362  27.559292   104.344   104.344  5 52958.16546802 46.585
 22  94.949864  27.559732   103.745   103.767  5 52993.16549384 47.442
 23  94.947828  27.558961   103.386   103.372  6 53028.16545880 44.618
 24  94.952818  27.559336   103.689   103.698  4 53063.16546695 36.435
 25  94.937162  27.556249   104.346   104.336  4 53098.16548544 42.581
 26  94.955255  27.559383   104.597   104.551  5 53133.16546448 47.666
 28  94.944201  27.556435   107.020   107.032  5 53203.16554054 29.644
 29  94.950000  27.557863   106.090   106.060  5 53238.16550877 45.517
 30  94.952711  27.558672   105.883   105.880  5 53273.16546804 43.398
 56  94.941450  27.554627   103.734   103.723  6 54183.16541004 48.214
 57  94.946240  27.557756   105.553   105.545  5 54218.16543485 44.433
 58  94.945546  27.558098   105.900   105.916  6 54253.16545993 46.435
 59  94.947463  27.559279   106.120   106.136  6 54288.16546417 49.167
 60  94.947751  27.559748   106.046   106.040  6 54323.16546130 47.527
 61  94.943365  27.556026   106.142   106.128  6 54358.16541920 48.222
 62  94.947285  27.558415   105.071   105.067  5 54393.16540206 46.411
 63  94.945935  27.558192   103.331   103.292  5 54428.16536916 45.694
 66  94.948810  27.559579   103.436   103.441  6 54533.16539379 40.231
 67  94.943481  27.556448   104.151   104.145  6 54568.16538272 36.784
 68  94.946531  27.558661   105.139   105.161  5 54603.16538873 47.290
 69  94.944296  27.557109   106.338   106.320  5 54638.16540031 45.104
 70  94.943942  27.556291   106.782   106.790  6 54673.16540326 44.575
 71  94.946126  27.558381   107.262   107.280  6 54708.16536149 40.270
 72  94.947202  27.559461   105.299   105.294  6 54743.16536855 47.213
 73  94.946821  27.559267   104.140   104.128  6 54778.16534398 44.544
 74  94.948347  27.558541   103.836   103.838  6 54813.16536189 49.080
 75  94.944532  27.556958   103.552   103.584  5 54848.16534398 46.570
 76  94.945985  27.558520   103.375   103.351  6 54883.16536574 45.614
 77  94.940189  27.555725   103.609   103.610  4 54918.16534679 48.404
 78  94.946121  27.558710   104.620   104.606  5 54953.16535924 47.109
 79  94.943277  27.555641   104.951   104.992  6 54988.16538444 46.215
 80  94.946863  27.558981   106.539   106.533  6 55023.16537589 43.611
 81  94.946316  27.559307   106.455   106.453  5 55058.16537102 50.276
 82  94.941788  27.553956   105.280   105.289  5 55093.16532739 43.894
 83  94.946908  27.559642   104.507   104.592  5 55128.16531204 49.326
 84  94.944963  27.557259   103.846   103.877  6 55163.16528823 36.985
 85  94.947139  27.558660   103.414   103.451  6 55198.16530320 47.142
 86  94.942176  27.554586   103.871   103.796  6 55233.16529346 35.503
 87  94.946885  27.558756   103.859   103.827  5 55268.16529796 47.185
 89  94.946140  27.559241   106.923   106.939  5 55338.16527120 41.372
 90  94.946355  27.558101   106.748   106.712  5 55373.16526227 43.239
 91  94.949133  27.560032   106.706   106.692  5 55408.16528216 46.545
 92  94.946275  27.558890   106.533   106.482  5 55443.16528008 41.717
 93  94.943878  27.557358   105.365   105.314  5 55478.16521990 48.543
