# NaN NaN NaN ;Mean Elev.(m), Avg Gradient(m/km), RMS Gradient(m/km) - SRTM1     
#   32.000 -14.370  45.669 ;Mean Elev.(m), Avg Gradient(m/km), RMS Gradient(m/km) - ASTER GDEM
#   44.229 -13.197  43.540 ;Mean Elev.(m), Avg Gradient(m/km), RMS Gradient(m/km) - GMTED2010 
  7  91.784258  26.209338    32.987    32.964  4 52448.65004941 44.944
  8  91.792159  26.212488    66.814    73.003  3 52483.65003745 31.758
 10  91.786169  26.210612    63.559    67.559  3 52553.65004668 30.506
 13  91.794359  26.216929    43.425    43.501  4 52658.64999958 46.336
 16  91.788583  26.211384    46.651    46.961  3 52763.65002985 27.720
 17  91.794826  26.217629    48.466    48.406  4 52798.65000644 46.066
 19  91.797999  26.218250    53.454    53.395  4 52868.65011873 42.752
 20  91.792978  26.219067    68.866    68.866  2 52903.65013127 38.188
 22  91.791674  26.209337    44.895    44.895  2 52973.65010253 46.598
 23  91.789853  26.210783    42.993    43.626  3 53008.65011053 43.398
 24  91.789417  26.210192    43.149    43.717  3 53043.65006876 40.328
 25  91.789131  26.216012    80.450    52.029  3 53078.65010308 36.285
 26  91.786390  26.209299    77.955    77.955  2 53113.65007244 10.821
 27  91.789117  26.212650    50.028    50.079  3 53148.65011844 42.212
 29  91.793287  26.215500    50.124    50.118  4 53218.65014046 32.582
 30  91.792403  26.213791    51.010    50.902  4 53253.65011764 46.165
 31  91.784889  26.209797    53.648    52.524  3 53288.65012017 41.047
 33  91.799011  26.221772    44.672    45.076  4 53358.65006097 45.288
 34  91.790022  26.213852    46.394    46.393  4 53393.65007622 22.650
 35  91.797595  26.219896    45.321    45.333  4 53428.65007118 45.787
 41  91.788879  26.210512    47.459    47.459  2 53638.65010399 47.439
 43  91.799748  26.221403    45.054    45.372  3 53708.65005698 41.679
 46  91.798703  26.221140    42.425    42.154  4 53813.64996957 43.665
 50  91.785790  26.211089    49.571    49.610  4 53953.65010933 42.324
 52  91.792272  26.214011    46.588    46.488  3 54023.65009035 45.995
 55  91.792256  26.212846    43.191    42.222  4 54128.65000102 48.214
 56  91.793620  26.213533    42.140    41.916  3 54163.65003194 50.771
 57  91.791503  26.216025    45.326    45.191  4 54198.65000390 24.474
 58  91.792999  26.217161    46.287    46.424  4 54233.65004663 19.979
 63  91.793042  26.217304    45.345    44.919  4 54408.64999963 46.695
 64  91.792130  26.212653    43.769    43.674  4 54443.64996310 43.756
 65  91.794394  26.217532    45.078    44.967  4 54478.64998935 35.941
 66  91.792404  26.214664    44.476    45.092  4 54513.64997832 40.466
 68  91.793672  26.217678    48.817    49.584  4 54583.64997497 20.272
 69  91.794078  26.214596    47.190    47.141  4 54618.64999452 46.495
 70  91.792416  26.215163    53.172    53.057  3 54653.65000606 40.526
 71  91.794201  26.216664    51.330    51.286  4 54688.64999499 41.379
 73  91.793283  26.216155    46.715    46.896  4 54758.64997055 43.979
 74  91.790086  26.214046    44.408    44.823  4 54793.64994719 44.427
 76  91.792205  26.215651    43.743    43.714  4 54863.64994209 42.709
 79  91.793498  26.215728    44.717    44.775  4 54968.64997058 47.241
 80  91.791439  26.212680    46.024    46.097  4 55003.64998955 47.330
 81  91.794635  26.216852    49.620    49.414  3 55038.64997715 39.830
 83  91.792896  26.209662    46.544    46.544  2 55108.64990822 29.093
 85  91.792688  26.210712    43.723    43.723  2 55178.64988166 46.400
 88  91.793858  26.214781    45.151    45.184  4 55283.64990160 37.238
 92  91.794147  26.217462    50.330    50.320  4 55423.64989279 41.182
 93  91.795569  26.217568    53.296    53.278  3 55458.64986417 43.220
