-311759.705   -19.222     0.00    2.01
-311384.190   -20.047    -2.20    2.55
-311008.662   -21.255    -3.22    2.21
-310633.121   -21.372    -0.31    2.65
-310257.567   -20.412     2.55    3.29
-309882.001   -19.206     3.21    3.04
-309506.422   -17.777     3.80    2.39
-309130.831   -18.011    -0.62    2.74
-308755.226   -16.962     2.79    2.82
-308379.609   -15.807     3.08    2.96
-308003.979   -15.882    -0.20    3.13
-307628.337   -15.532     0.93    3.34
-307252.682   -15.791    -0.69    3.18
-306877.014   -17.420    -4.33    3.15
-306501.333   -17.991    -1.52    2.96
-306125.639   -17.491     1.33    3.37
-305749.933   -17.377     0.30    3.44
-305374.214   -16.541     2.22    3.65
-304998.482   -15.694     2.25    3.48
-304622.738   -14.767     2.47    2.69
-304246.980   -14.230     1.43    2.56
-303871.210   -14.507    -0.73    2.62
-303495.427   -14.582    -0.20    2.84
-303119.632   -14.550     0.08    2.85
-302743.823   -14.158     1.04    2.63
-302368.002   -14.426    -0.71    2.71
-301992.168   -14.572    -0.39    2.29
-301616.321   -14.474     0.26    2.19
-301240.462   -14.592    -0.31    2.47
-300864.589   -14.491     0.27    2.67
-300488.704   -14.284     0.55    2.70
-300112.806   -14.158     0.34    2.40
-299736.895   -13.991     0.44    2.66
-299360.972   -13.957     0.09    2.82
-298985.035   -14.341    -1.02    3.01
-298609.086   -14.261     0.21    3.02
-298233.124   -14.791    -1.41    2.53
-297857.149   -15.301    -1.35    2.18
-297481.161   -15.206     0.25    1.75
-297105.161   -15.409    -0.54    2.29
-296729.148   -15.515    -0.28    2.43
-296353.121   -14.967     1.46    2.46
-295977.082   -14.344     1.66    2.83
-295601.031   -13.718     1.66    2.45
-295224.966   -13.944    -0.60    2.59
-294848.888   -14.618    -1.79    2.87
-294472.798   -15.372    -2.01    2.74
-294096.695   -15.257     0.31    2.71
-293720.579   -15.920    -1.76    2.58
-293344.450   -15.499     1.12    2.63
-292968.308   -15.207     0.78    2.64
-292592.153   -15.257    -0.13    2.67
-292215.986   -15.132     0.33    2.19
-291839.805   -15.718    -1.56    2.12
-291463.612   -16.515    -2.12    1.84
-291087.406   -16.277     0.63    2.12
-290711.187   -15.743     1.42    2.51
-290334.955   -14.848     2.38    2.90
-289958.710   -14.255     1.58    2.52
-289582.453   -14.352    -0.26    2.59
-289206.182   -15.060    -1.88    2.70
-288829.899   -16.011    -2.53    2.10
-288453.602   -16.548    -1.43    1.88
-288077.293   -16.791    -0.65    1.69
-287700.971   -16.482     0.82    1.71
-287324.636   -16.499    -0.05    1.93
-286948.288   -16.457     0.11    2.21
-286571.927   -16.063     1.05    2.33
-286195.553   -16.134    -0.19    2.21
-285819.166   -16.082     0.14    2.02
-285442.766   -15.753     0.87    2.14
-285066.354   -16.028    -0.73    1.79
-284689.928   -15.645     1.02    2.13
-284313.490   -14.967     1.80    2.19
-283937.038   -14.657     0.83    2.32
-283560.574   -13.515     3.03    2.59
-283184.097   -12.823     1.84    2.12
-282807.607   -12.856    -0.09    2.02
-282431.103   -13.110    -0.67    2.49
-282054.587   -13.840    -1.94    2.89
-281678.058   -14.740    -2.39    2.66
-281301.516   -15.471    -1.94    1.92
-280924.961   -15.926    -1.21    2.23
-280548.393   -16.182    -0.68    2.05
-280171.812   -15.896     0.76    1.85
-279795.218   -16.110    -0.57    1.72
-279418.611   -15.823     0.76    1.71
-279041.991   -15.967    -0.38    1.62
-278665.359   -15.782     0.49    1.63
-278288.713   -15.991    -0.56    1.29
-277912.054   -15.889     0.27    1.47
-277535.382   -15.412     1.26    1.63
-277158.697   -15.753    -0.90    1.71
-276781.999   -15.682     0.19    1.74
-276405.289   -15.596     0.23    1.60
-276028.565   -15.426     0.45    1.58
-275651.828   -15.011     1.10    1.64
-275275.078   -14.182     2.20    1.72
-274898.315   -13.682     1.33    1.41
-274521.539   -14.035    -0.94    1.57
-274144.751   -14.572    -1.42    1.55
-273767.949   -15.158    -1.55    1.60
-273391.134   -15.357    -0.53    1.91
-273014.306   -15.548    -0.51    1.87
-272637.465   -15.865    -0.84    1.98
-272260.611   -15.444     1.12    2.11
-271883.744   -15.328     0.31    1.98
-271506.864   -15.372    -0.12    1.63
-271129.970   -15.134     0.63    1.31
-270753.064   -14.816     0.84    1.36
-270377.967   -14.694     0.33    1.36
-270003.629   -14.782    -0.23    1.35
-269629.278   -14.732     0.13    1.55
-269254.914   -14.987    -0.68    1.57
-268880.537   -14.767     0.59    1.56
-268506.147   -15.991    -3.27    3.09
-268131.744   -18.063    -5.53    4.06
-267757.329   -19.925    -4.97    4.13
-267382.900   -21.454    -4.08    3.37
-267008.459   -23.060    -4.29    0.78
-266634.005   -23.182    -0.33    0.00
-266259.537   -23.182     0.00    0.00
-265885.057   -23.182     0.00    0.00
-265510.564   -23.182     0.00    0.00
-265136.059   -23.182     0.00    0.00
-264761.540   -23.182     0.00    0.00
-264387.008   -23.182     0.00    0.00
-264012.464   -23.182     0.00    0.00
-263637.906   -23.182     0.00    0.00
-263263.336   -23.182     0.00    0.00
-262888.752   -23.182     0.00    0.00
-262514.156   -23.182     0.00    0.00
-262139.547   -23.182     0.00    0.00
-261764.925   -23.182     0.00    0.00
-261390.290   -23.182     0.00    0.00
-261015.642   -23.182     0.00    0.00
-260640.981   -23.182     0.00    0.00
-260266.307   -22.718     1.24    1.29
-259891.620   -21.450     3.38    2.73
-259516.920   -19.109     6.25    3.83
-259142.207   -16.572     6.77    3.47
-258767.481   -14.874     4.53    2.35
-258392.743   -14.532     0.91    1.89
-258017.991   -15.586    -2.81    2.33
-257643.226   -16.645    -2.82    1.73
-257268.449   -17.229    -1.56    1.55
-256893.658   -17.607    -1.01    1.41
-256518.855   -17.206     1.07    1.90
-256144.038   -16.557     1.73    2.24
-255769.209   -16.596    -0.11    2.28
-255394.366   -16.357     0.64    2.04
-255019.511   -16.729    -0.99    1.81
-254644.642   -17.134    -1.08    1.55
-254269.761   -16.907     0.61    1.75
-253894.866   -17.229    -0.86    1.32
-253519.959   -17.002     0.61    1.48
-253145.038   -16.977     0.07    1.42
-252770.105   -17.011    -0.09    1.56
-252395.158   -16.596     1.11    1.64
-252020.199   -16.647    -0.13    1.75
-251645.226   -16.524     0.33    1.60
-251270.240   -16.500     0.06    1.68
-250895.242   -16.032     1.25    1.83
-250520.230   -16.205    -0.46    2.07
-250145.206   -15.825     1.02    1.95
-249770.168   -15.694     0.35    1.70
-249395.117   -15.949    -0.68    1.44
-249020.053   -16.024    -0.20    1.50
-248644.977   -16.307    -0.75    1.60
-248269.887   -16.743    -1.16    1.76
-247894.784   -17.084    -0.91    1.53
-247519.668   -17.110    -0.07    1.50
-247144.539   -17.028     0.22    1.46
-246769.397   -16.557     1.26    1.46
-246394.241   -16.450     0.28    1.50
-246019.073   -16.352     0.26    1.63
-245643.892   -15.987     0.97    1.71
-245268.698   -15.777     0.56    2.01
-244893.490   -15.572     0.55    2.13
-244518.270   -15.457     0.31    2.08
-244143.036   -16.230    -2.06    2.05
-243767.789   -17.158    -2.47    1.76
-243392.529   -17.882    -1.93    1.51
-243017.257   -18.158    -0.74    1.18
-242641.971   -18.182    -0.06    1.12
-242266.671   -17.707     1.27    1.50
-241891.359   -16.732     2.60    2.00
-241516.034   -15.991     1.97    1.99
-241140.696   -15.499     1.31    1.93
-240765.344   -15.572    -0.19    2.00
-240389.979   -15.582    -0.03    2.11
-240014.602   -16.024    -1.18    2.10
-239639.211   -16.926    -2.40    1.76
-239263.807   -17.284    -0.95    1.31
-238888.390   -17.426    -0.38    1.30
-238512.959   -17.206     0.58    1.60
-238137.516   -17.361    -0.41    1.41
-237762.060   -17.636    -0.73    1.52
-237386.590   -17.771    -0.36    1.67
-237011.107   -17.825    -0.14    1.56
-236635.611   -17.401     1.13    2.07
-236260.102   -17.232     0.45    2.23
-235884.580   -17.113     0.31    2.34
-235509.044   -17.182    -0.18    2.37
-235133.496   -17.253    -0.19    2.38
-234757.934   -17.253     0.00    2.44
-234382.359   -17.539    -0.76    2.26
-234006.771   -17.420     0.32    2.12
-233631.170   -17.156     0.70    1.88
-233255.555   -16.991     0.44    2.02
-232879.928   -16.865     0.34    2.26
-232504.287   -16.610     0.68    2.32
-232128.633   -16.896    -0.76    2.36
-231752.966   -17.035    -0.37    2.25
-231377.286   -16.962     0.19    2.08
-231001.592   -16.932     0.08    2.18
-230625.885   -16.621     0.83    2.92
-230250.165   -16.257     0.97    3.21
-229874.432   -16.229     0.07    2.87
-229498.686   -15.182     2.79    3.38
-229122.926   -14.298     2.35    3.37
-228747.153   -13.645     1.74    2.24
-228371.367   -13.848    -0.54    2.34
-227995.568   -14.962    -2.96    2.31
-227619.756   -15.515    -1.47    1.84
-227243.930   -15.467     0.13    1.74
-226868.091   -14.705     2.03    1.73
-226492.239   -14.707    -0.00    2.04
-226116.374   -14.807    -0.27    3.35
-225740.495   -15.082    -0.73    3.40
-225364.603   -15.352    -0.72    3.23
-224988.698   -14.816     1.43    3.28
-224612.780   -14.848    -0.09    2.24
-224236.848   -14.694     0.41    2.36
-223860.903   -14.592     0.27    2.34
-223484.945   -14.063     1.41    2.58
-223108.974   -13.499     1.50    2.48
-222732.989   -13.396     0.27    2.26
-222356.991   -13.279     0.31    2.26
-221980.980   -14.208    -2.47    2.41
-221604.955   -14.500    -0.78    2.60
-221228.918   -14.857    -0.95    2.94
-220852.867   -15.352    -1.32    3.09
-220476.802   -15.255     0.26    3.04
-220100.725   -15.387    -0.35    3.16
-219724.634   -15.500    -0.30    2.96
-219348.529   -15.618    -0.31    2.79
-218972.412   -15.840    -0.59    2.71
-218596.281   -15.523     0.84    2.78
-218220.137   -15.132     1.04    2.83
-217843.980   -14.750     1.01    2.69
-217467.809   -14.761    -0.03    2.71
-217091.625   -14.499     0.70    2.63
-216715.427   -14.682    -0.49    2.90
-216339.217   -14.499     0.49    3.24
-215962.993   -14.227     0.72    3.58
-215586.755   -14.874    -1.72    3.27
-215210.505   -15.610    -1.96    3.05
-214834.241   -15.856    -0.65    2.90
-214457.963   -16.035    -0.48    2.95
-214081.673   -15.474     1.49    3.08
-213705.369   -14.807     1.77    3.29
-213329.051   -14.372     1.15    2.89
-212952.720   -14.548    -0.47    2.75
-212576.376   -14.301     0.66    2.96
-212200.019   -14.328    -0.07    2.80
-211823.648   -14.035     0.78    2.95
-211447.264   -13.857     0.47    2.90
-211070.866   -14.082    -0.60    2.72
-210694.455   -13.987     0.25    3.20
-210318.031   -14.086    -0.27    3.10
-209941.594   -13.896     0.51    2.99
-209565.142   -12.848     2.78    3.05
-209188.678   -11.515     3.54    3.13
-208812.200   -10.913     1.60    3.69
-208435.709    -9.840     2.85    3.52
-208059.204    -9.572     0.71    3.32
-207682.686   -10.182    -1.62    3.55
-207306.155    -9.938     0.65    3.34
-206929.610   -11.840    -5.05    3.82
-206553.052   -13.632    -4.76    3.82
-206176.480   -13.791    -0.42    3.91
-205799.895   -14.557    -2.03    3.56
-205423.297   -14.328     0.61    3.35
-205046.685   -15.182    -2.27    2.92
-204670.060   -15.572    -1.04    2.23
-204293.421   -15.491     0.21    1.73
-203916.769   -15.156     0.89    1.86
-203540.103   -14.301     2.27    2.13
-203163.424   -13.682     1.64    2.26
-202786.732   -12.949     1.94    2.50
-202410.026   -13.158    -0.55    2.84
-202033.307   -12.387     2.05    2.79
-201656.574   -12.318     0.18    2.87
-201279.828   -13.084    -2.03    3.05
-200903.068   -13.467    -1.02    2.79
-200526.295   -13.920    -1.20    2.60
-200149.508   -14.129    -0.56    2.17
-199772.708   -14.091     0.10    2.27
-199395.894   -13.332     2.01    2.64
-199019.067   -12.833     1.32    2.77
-198642.227   -12.586     0.65    3.09
-198265.373   -12.284     0.80    2.82
-197888.505   -12.659    -0.99    2.59
-197511.624   -12.797    -0.37    2.48
-197134.730   -13.253    -1.21    2.05
-196757.822   -13.134     0.32    2.13
-196380.901   -12.720     1.10    2.14
-196003.966   -12.727    -0.02    2.17
-195627.017   -13.233    -1.34    2.34
-195252.381   -13.482    -0.66    2.33
-194878.094   -14.035    -1.48    2.56
-194503.795   -13.840     0.52    2.33
-194129.482   -14.134    -0.78    2.23
-193755.156   -13.746     1.04    2.22
-193380.816   -13.645     0.27    2.18
-193006.463   -13.682    -0.10    2.36
-192632.097   -13.962    -0.75    2.47
-192257.718   -14.572    -1.63    2.17
-191883.325   -14.848    -0.74    2.24
-191508.919   -15.107    -0.69    1.94
-191134.499   -14.957     0.40    1.98
-190760.066   -15.377    -1.12    1.82
-190385.620   -14.539     2.24    2.95
-190011.161   -12.962     4.21    4.45
-189636.688   -11.753     3.23    4.29
-189262.202   -10.352     3.74    4.29
-188887.702    -9.669     1.82    3.78
-188513.189   -10.232    -1.50    3.59
-188138.663   -10.352    -0.32    3.80
-187764.123   -10.882    -1.41    3.15
-187389.570   -10.563     0.85    3.18
-187015.004    -9.753     2.16    2.84
-186640.424    -9.967    -0.57    3.14
-186265.831    -9.967     0.00    3.59
-185891.224   -10.079    -0.30    3.80
-185516.604   -10.750    -1.79    3.64
-185141.971   -11.352    -1.61    4.06
-184767.324   -10.967     1.03    4.44
-184392.664    -9.791     3.14    4.50
-184017.991    -8.392     3.73    3.92
-183643.304    -8.204     0.50    3.87
-183268.603    -7.848     0.95    3.88
-182893.890    -7.694     0.41    3.54
-182519.162    -7.372     0.86    3.06
-182144.422    -7.746    -1.00    2.21
-181769.668    -6.386     3.63    3.42
-181394.900    -5.182     3.21    3.44
-181020.120    -3.889     3.45    3.81
-180645.325    -3.063     2.20    3.39
-180270.518    -2.865     0.53    3.21
-179895.697    -2.647     0.58    3.01
-179520.862    -1.977     1.79    2.87
-179146.014    -2.753    -2.07    2.25
-178771.153    -3.060    -0.82    2.27
-178396.278    -3.206    -0.39    1.71
-178021.389    -2.743     1.24    1.58
-177646.487    -2.596     0.39    1.79
-177271.572    -2.107     1.31    1.94
-176896.643    -2.401    -0.79    2.64
-176521.701    -2.865    -1.24    2.85
-176146.746    -3.086    -0.59    2.89
-175771.777    -3.658    -1.52    2.75
-175396.794    -3.705    -0.13    3.13
-175021.798    -3.872    -0.44    3.45
-174646.788    -5.767    -5.05    4.47
-174271.765    -6.718    -2.54    4.09
-173896.729    -6.523     0.52    4.12
-173521.679    -6.082     1.18    4.09
-173146.615    -3.791     6.11    3.80
-172771.538    -3.610     0.48    3.72
-172396.448    -3.610     0.00    3.47
-172021.344    -3.658    -0.13    3.51
-171646.226    -5.002    -3.58    3.32
-171271.095    -4.461     1.44    3.38
-170895.950    -3.865     1.59    4.30
-170520.792    -3.444     1.12    4.40
-170145.621    -2.230     3.23    4.25
-169770.436    -1.813     1.11    4.61
-169395.237    -2.023    -0.56    3.79
-169020.025    -1.407     1.64    3.57
-168644.799    -0.987     1.12    3.63
-168269.560    -0.206     2.08    3.48
-167894.307    -0.259    -0.14    3.33
-167519.041     0.068     0.87    3.20
-167143.761     0.357     0.77    3.04
-166768.468     0.062    -0.78    3.51
-166393.161     0.914     2.27    3.84
-166017.840     0.648    -0.71    4.24
-165642.506     1.341     1.85    4.72
-165267.158     0.766    -1.53    5.02
-164891.797    -0.039    -2.14    5.05
-164516.422    -0.391    -0.94    4.99
-164141.034    -2.372    -5.28    5.77
-163765.632    -4.872    -6.66    5.76
-163390.216    -6.951    -5.54    4.91
-163014.787    -7.372    -1.12    4.14
-162639.345    -6.082     3.44    4.52
-162263.888    -3.444     7.03    4.09
-161888.418    -1.426     5.37    3.12
-161512.935    -1.548    -0.32    3.85
-161137.438    -1.548     0.00    3.97
-160761.927    -2.230    -1.82    4.06
-160386.403    -1.848     1.02    4.23
-160010.865    -0.563     3.42    3.77
-159635.314    -1.158    -1.58    4.39
-159259.748    -1.275    -0.31    5.23
-158884.170    -1.396    -0.32    5.17
-158508.577    -0.634     2.03    4.87
-158132.971    -0.032     1.60    4.40
-157757.352     0.428     1.22    3.58
-157381.718     0.104    -0.86    3.55
-157006.072     0.062    -0.11    3.46
-156630.411    -0.277    -0.90    4.34
-156254.737    -1.407    -3.01    4.57
-155879.049    -2.060    -1.74    4.79
-155503.348    -2.310    -0.67    4.61
-155127.632    -3.325    -2.70    4.86
-154751.904    -4.889    -4.16    5.65
-154376.161    -7.039    -5.72    5.48
-154000.405    -9.982    -7.83    3.27
-153624.635   -10.629    -1.72    3.24
-153248.852   -11.461    -2.21    2.42
-152873.055   -12.133    -1.79    1.26
-152497.244   -11.840     0.78    1.32
-152121.420   -11.060     2.08    1.76
-151745.581   -10.336     1.93    2.21
-151369.730   -10.273     0.17    2.18
-150993.864   -10.105     0.45    2.18
-150617.985   -10.491    -1.03    2.11
-150242.092   -10.972    -1.28    2.08
-149866.185   -11.157    -0.49    2.22
-149490.265   -10.795     0.96    2.22
-149114.331   -10.603     0.51    2.24
-148738.383   -10.414     0.50    1.73
-148362.422   -10.110     0.81    1.54
-147986.447    -9.967     0.38    1.55
-147610.458   -10.136    -0.45    1.68
-147234.455   -10.207    -0.19    2.06
-146858.439   -10.368    -0.43    2.04
-146482.409    -9.694     1.79    2.19
-146106.365    -9.420     0.73    1.78
-145730.308    -9.372     0.13    1.93
-145354.236    -9.336     0.10    1.90
-144978.151    -9.348    -0.03    2.07
-144602.053    -8.757     1.57    2.17
-144225.940    -8.426     0.88    1.92
-143849.814    -8.767    -0.91    1.96
-143473.674    -9.230    -1.23    1.94
-143097.520    -9.610    -1.01    1.70
-142721.352   -10.007    -1.05    1.80
-142345.171   -10.279    -0.72    1.99
-141968.976   -10.133     0.39    2.13
-141592.767    -9.426     1.88    2.36
-141216.545    -8.944     1.28    2.23
-140840.308    -8.414     1.41    2.35
-140464.058    -8.035     1.01    2.50
-140087.794    -8.457    -1.12    2.94
-139711.516    -8.110     0.92    2.99
-139335.225    -8.277    -0.44    3.14
-138958.919    -8.228     0.13    2.81
-138582.600    -7.987     0.64    2.32
-138206.267    -7.982     0.01    2.14
-137829.921    -7.791     0.51    1.96
-137453.560    -7.740     0.14    1.86
-137077.186    -8.301    -1.49    2.06
-136700.797    -8.944    -1.71    2.22
-136324.395    -9.515    -1.52    2.14
-135947.979    -9.457     0.15    2.29
-135571.550    -8.729     1.93    2.31
-135195.106    -8.991    -0.70    2.09
-134818.649    -8.913     0.21    1.99
-134442.178    -8.865     0.13    1.75
-134065.693    -8.743     0.32    1.73
-133689.194    -7.957     2.09    1.66
-133312.681    -7.450     1.35    2.32
-132936.155    -7.084     0.97    2.29
-132559.614    -6.944     0.37    2.39
-132183.060    -7.328    -1.02    2.34
-131806.492    -7.457    -0.34    1.81
-131429.910    -7.253     0.54    1.87
-131053.314    -7.336    -0.22    2.03
-130676.704    -7.134     0.53    2.06
-130300.081    -6.991     0.38    1.99
-129923.443    -7.063    -0.19    1.98
-129546.792    -6.658     1.07    2.00
-129170.126    -6.643     0.04    2.10
-128793.447    -6.295     0.92    2.49
-128416.754    -6.658    -0.96    2.72
-128040.047    -6.991    -0.88    2.30
-127663.327    -7.042    -0.14    2.09
-127286.592    -7.813    -2.05    1.99
-126909.843    -7.818    -0.01    1.95
-126533.081    -8.032    -0.57    2.05
-126156.304    -7.949     0.22    2.19
-125779.514    -7.753     0.52    2.51
-125402.709    -7.079     1.79    2.87
-125025.891    -6.727     0.93    2.98
-124649.059    -6.284     1.18    3.04
-124272.213    -5.600     1.81    2.47
-123895.353    -5.134     1.24    2.25
-123518.479    -4.925     0.55    1.94
-123141.591    -3.250     4.44    3.35
-122764.689    -0.951     6.10    4.53
-122387.774     0.501     3.85    4.63
-122010.844     2.184     4.46    4.75
-121633.900     2.770     1.55    4.01
-121256.943     3.046     0.73    3.67
-120879.971     4.318     3.38    2.28
-120503.040     4.696     1.00    1.83
-120128.816     5.199     1.34    1.90
-119754.578     5.599     1.07    1.68
-119380.326     5.342    -0.69    1.97
-119006.060     4.870    -1.26    2.18
-118631.780     4.033    -2.24    2.34
-118257.487     2.794    -3.31    2.22
-117883.180     2.144    -1.74    2.45
-117508.859     1.696    -1.20    2.37
-117134.524     1.509    -0.50    2.31
-116760.176     1.652     0.38    2.28
-116385.814     1.477    -0.47    2.33
-116011.438     1.013    -1.24    2.40
-115637.048     1.160     0.39    2.14
-115262.644     0.890    -0.72    2.16
-114888.227     0.461    -1.14    1.87
-114513.796     0.721     0.69    2.07
-114139.351     0.563    -0.42    2.01
-113764.892     0.355    -0.55    1.72
-113390.420    -0.253    -1.62    1.94
-113015.933    -1.079    -2.21    2.51
-112641.433    -3.134    -5.49    3.08
-112266.919    -5.182    -5.47    2.78
-111892.391    -6.396    -3.24    1.73
-111517.849    -6.450    -0.14    1.95
-111143.294    -6.392     0.15    2.34
-110768.725    -6.863    -1.26    2.46
-110394.141    -7.482    -1.65    1.83
-110019.544    -7.157     0.87    1.71
-109644.934    -6.896     0.70    1.73
-109270.309    -6.387     1.36    1.72
-108895.670    -6.568    -0.48    1.69
-108521.018    -6.618    -0.13    1.67
-108146.352    -6.325     0.78    1.77
-107771.672    -5.801     1.40    1.74
-107396.978    -5.444     0.95    1.68
-107022.270    -5.954    -1.36    2.38
-106647.548    -6.182    -0.61    2.10
-106272.812    -6.341    -0.42    1.95
-105898.063    -6.132     0.56    1.95
-105523.300    -5.682     1.20    2.02
-105148.522    -5.279     1.07    1.89
-104773.731    -5.282    -0.01    1.82
-104398.926    -4.856     1.14    1.87
-104024.107    -4.732     0.33    1.93
-103649.275    -4.206     1.40    2.13
-103274.428    -3.944     0.70    1.87
-102899.567    -4.060    -0.31    1.68
-102524.693    -3.729     0.88    1.86
-102149.804    -3.957    -0.61    1.85
-101774.902    -4.182    -0.60    1.62
-101399.986    -4.426    -0.65    1.83
-101025.056    -4.158     0.71    2.12
-100650.112    -3.682     1.27    2.36
-100275.154    -2.729     2.54    2.58
 -99900.182    -1.840     2.37    2.44
 -99525.196    -2.109    -0.72    2.34
 -99150.196    -2.840    -1.95    2.59
 -98775.182    -3.949    -2.96    2.24
 -98400.155    -4.426    -1.27    2.23
 -98025.113    -4.205     0.59    2.37
 -97650.057    -3.791     1.10    2.55
 -97274.988    -3.791     0.00    2.31
 -96899.904    -3.532     0.69    2.29
 -96524.807    -3.035     1.32    2.36
 -96149.695    -2.857     0.48    2.63
 -95774.570    -2.539     0.85    2.69
 -95399.431    -2.491     0.13    2.81
 -95024.277    -2.647    -0.41    2.73
 -94649.110    -3.134    -1.30    2.24
 -94273.929    -3.207    -0.20    2.39
 -93898.733    -3.750    -1.45    2.63
 -93523.524    -3.987    -0.63    2.96
 -93148.301    -4.396    -1.09    2.98
 -92773.063    -5.011    -1.64    2.92
 -92397.812    -5.497    -1.30    2.83
 -92022.547    -4.682     2.17    2.83
 -91647.268    -4.182     1.33    2.94
 -91271.974    -3.658     1.40    2.71
 -90896.667    -3.634     0.06    2.46
 -90521.346    -3.618     0.04    2.14
 -90146.010    -3.523     0.25    1.87
 -89770.661    -3.603    -0.21    1.83
 -89395.298    -3.753    -0.40    1.67
 -89019.920    -3.634     0.32    1.63
 -88644.529    -4.253    -1.65    1.67
 -88269.123    -4.273    -0.05    1.72
 -87893.704    -4.848    -1.53    1.56
 -87518.270    -4.896    -0.13    1.47
 -87142.823    -5.086    -0.51    1.62
 -86767.361    -4.991     0.25    1.82
 -86391.885    -4.658     0.89    2.00
 -86016.396    -4.657     0.00    2.16
 -85640.892    -4.437     0.58    2.07
 -85265.374    -4.032     1.08    2.09
 -84889.842    -3.962     0.19    1.94
 -84514.296    -3.840     0.32    1.41
 -84138.736    -4.011    -0.45    1.46
 -83763.162    -3.848     0.43    1.59
 -83387.574    -3.645     0.54    1.80
 -83011.971    -3.377     0.71    1.68
 -82636.355    -3.467    -0.24    1.40
 -82260.724    -3.610    -0.38    1.29
 -81885.080    -3.791    -0.48    1.39
 -81509.421    -3.670     0.32    1.64
 -81133.748    -3.255     1.11    1.81
 -80758.061    -2.657     1.59    2.11
 -80382.360    -2.523     0.36    1.84
 -80006.645    -2.786    -0.70    1.80
 -79630.916    -2.926    -0.37    1.85
 -79255.173    -3.229    -0.81    1.50
 -78879.415    -2.967     0.70    1.65
 -78503.643    -2.377     1.57    1.68
 -78127.858    -2.277     0.27    1.53
 -77752.058    -2.401    -0.33    1.57
 -77376.244    -2.325     0.20    1.70
 -77000.416    -2.255     0.19    1.54
 -76624.573    -2.491    -0.63    1.70
 -76248.717    -2.482     0.03    1.67
 -75872.846    -2.499    -0.05    1.79
 -75496.962    -2.407     0.24    1.72
 -75121.063    -1.848     1.49    1.90
 -74745.150    -1.777     0.19    1.96
 -74369.223    -1.777     0.00    1.67
 -73993.281    -2.586    -2.15    1.85
 -73617.326    -2.771    -0.49    1.62
 -73241.356    -2.182     1.57    2.14
 -72865.372    -1.889     0.78    2.26
 -72489.374    -1.205     1.82    2.26
 -72113.362    -0.913     0.78    2.04
 -71737.335    -1.155    -0.64    1.97
 -71361.295    -0.795     0.96    2.10
 -70985.240    -0.532     0.70    1.98
 -70609.171    -0.035     1.32    1.73
 -70233.088    -0.474    -1.17    1.76
 -69856.990    -0.438     0.10    1.76
 -69480.878    -1.023    -1.55    1.64
 -69104.753    -1.387    -0.97    1.44
 -68728.613    -1.467    -0.21    1.71
 -68352.458    -1.531    -0.17    1.96
 -67976.290    -1.257     0.73    1.95
 -67600.107    -0.886     0.98    2.08
 -67223.910    -0.813     0.19    2.17
 -66847.699    -0.368     1.18    1.99
 -66471.473    -0.515    -0.39    2.19
 -66095.234    -0.610    -0.25    2.22
 -65718.980    -1.182    -1.52    2.36
 -65342.712    -1.259    -0.20    2.40
 -64966.429    -1.500    -0.64    2.22
 -64590.133    -1.328     0.46    2.17
 -64213.822    -1.372    -0.12    2.11
 -63837.497    -1.325     0.13    1.82
 -63461.157    -1.361    -0.10    1.75
 -63084.803    -1.318     0.11    1.73
 -62708.435    -1.982    -1.76    1.94
 -62332.053    -2.230    -0.66    1.76
 -61955.657    -2.401    -0.45    1.72
 -61579.246    -2.304     0.26    1.58
 -61202.821    -2.015     0.77    1.78
 -60826.381    -2.082    -0.18    1.84
 -60449.928    -2.607    -1.39    1.77
 -60073.460    -2.967    -0.96    1.60
 -59696.978    -3.109    -0.37    1.42
 -59320.481    -2.634     1.26    1.66
 -58943.970    -2.707    -0.19    1.72
 -58567.445    -2.279     1.14    1.73
 -58190.905    -1.882     1.06    1.70
 -57814.352    -1.015     2.30    1.90
 -57437.783    -0.694     0.85    1.96
 -57061.201    -0.634     0.16    2.05
 -56684.604    -0.474     0.42    2.11
 -56307.993    -0.872    -1.06    1.85
 -55931.368    -0.996    -0.33    1.83
 -55554.728    -0.634     0.96    1.76
 -55178.074    -0.507     0.34    1.57
 -54801.405    -0.563    -0.15    1.32
 -54424.723    -0.401     0.43    1.29
 -54048.025    -0.548    -0.39    1.32
 -53671.314    -0.229     0.84    1.64
 -53294.588    -0.065     0.44    1.76
 -52917.848     0.283     0.93    1.80
 -52541.093     0.485     0.53    1.88
 -52164.324     0.247    -0.63    1.77
 -51787.541     0.257     0.03    1.78
 -51410.743     0.175    -0.22    1.92
 -51033.931     0.533     0.95    1.69
 -50657.105     0.623     0.24    1.86
 -50280.264     1.353     1.94    2.30
 -49903.409     2.485     3.00    3.40
 -49526.539     3.672     3.15    3.76
 -49149.655     4.509     2.22    3.59
 -48772.757     5.623     2.96    4.63
 -48395.844    10.233    12.23   11.53
 -48018.916    17.675    19.74   18.05
 -47641.975    24.271    17.50   19.54
 -47265.019    30.018    15.25   19.72
 -46888.048    29.723    -0.78   17.46
 -46511.063    33.550    10.15   22.36
 -46134.064    42.318    23.26   27.15
 -45757.050    59.209    44.80   37.26
 -45380.509    79.588    54.12   35.87
 -45006.333    96.477    45.14   32.03
 -44632.142   103.135    17.79   24.50
 -44257.938    92.916   -27.31   34.92
 -43883.719    70.509   -59.87   42.75
 -43509.486    45.818   -65.97   37.67
 -43135.238    26.137   -52.59   27.27
 -42760.977    15.203   -29.21   15.86
 -42386.701    19.614    11.78   20.68
 -42012.411    29.414    26.18   22.85
 -41638.107    34.104    12.53   20.56
 -41263.789    48.437    38.29   23.34
 -40889.456    59.382    29.24   24.00
 -40515.109    66.705    19.56   22.20
 -40140.748    71.100    11.74   19.68
 -39766.372    62.961   -21.74   20.83
 -39391.982    54.233   -23.31   17.85
 -39017.579    48.135   -16.29   17.11
 -38643.160    45.182    -7.89   14.30
 -38268.728    42.845    -6.24   15.68
 -37894.281    38.366   -11.96   17.02
 -37519.820    34.679    -9.85   16.16
 -37145.345    33.247    -3.82   15.74
 -36770.855    28.437   -12.84   14.62
 -36396.351    25.243    -8.53   13.23
 -36021.833    21.866    -9.02   12.43
 -35647.301    16.843   -13.41   12.72
 -35272.754    12.533   -11.51   13.09
 -34898.193     6.366   -16.46    9.16
 -34523.618     4.366    -5.34    7.48
 -34149.028     3.574    -2.11    7.36
 -33774.424     4.307     1.95    7.90
 -33399.806     3.866    -1.18    7.33
 -33025.173     2.393    -3.93    5.78
 -32650.526     0.366    -5.41    2.06
 -32275.865     0.051    -0.84    1.77
 -31901.190     0.307     0.68    1.75
 -31526.500     0.771     1.24    2.07
 -31151.796     0.843     0.19    2.14
 -30777.077     0.770    -0.20    2.16
 -30402.344     0.890     0.32    1.99
 -30027.597     0.699    -0.51    1.85
 -29652.835     0.104    -1.59    1.84
 -29278.059     0.080    -0.06    1.86
 -28903.269     0.111     0.08    1.83
 -28528.465     0.518     1.09    1.87
 -28153.646     0.509    -0.03    1.91
 -27778.812     0.493    -0.04    2.06
 -27403.965     0.485    -0.02    2.02
 -27029.103     0.414    -0.19    1.85
 -26654.226     0.446     0.09    1.70
 -26279.335     0.509     0.17    1.69
 -25904.430     0.871     0.97    1.64
 -25529.511     1.068     0.53    1.81
 -25154.577     1.233     0.44    2.06
 -24779.628     1.556     0.86    2.11
 -24404.666     1.452    -0.28    2.12
 -24029.688     1.664     0.57    1.90
 -23654.697     1.341    -0.86    1.91
 -23279.691     1.690     0.93    1.92
 -22904.671     1.533    -0.42    1.85
 -22529.636     2.004     1.26    1.68
 -22154.587     2.193     0.50    1.81
 -21779.523     2.250     0.15    1.82
 -21404.445     2.424     0.46    2.01
 -21029.353     2.493     0.18    1.98
 -20654.246     2.237    -0.68    2.34
 -20279.124     1.842    -1.05    2.20
 -19903.989     1.423    -1.12    1.87
 -19528.839     1.280    -0.38    1.52
 -19153.674     1.409     0.34    1.56
 -18778.495     1.550     0.38    1.83
 -18403.301     1.628     0.21    1.74
 -18028.093     1.209    -1.12    2.01
 -17652.871     0.989    -0.59    2.29
 -17277.634     1.046     0.15    2.18
 -16902.383     1.093     0.13    2.10
 -16527.117     1.295     0.54    2.13
 -16151.837     1.652     0.95    1.59
 -15776.542     1.818     0.44    1.69
 -15401.233     2.013     0.52    1.72
 -15025.909     2.033     0.05    1.72
 -14650.571     1.623    -1.09    1.82
 -14275.218     1.604    -0.05    1.76
 -13899.851     1.679     0.20    1.90
 -13524.469     1.485    -0.52    1.91
 -13149.073     1.958     1.26    1.68
 -12773.662     2.056     0.26    1.65
 -12398.237     2.199     0.38    1.41
 -12022.797     2.306     0.28    1.47
 -11647.343     3.009     1.87    1.50
 -11271.874     3.260     0.67    1.75
 -10896.391     3.679     1.11    2.18
 -10520.893     3.604    -0.20    2.26
 -10145.381     3.818     0.57    2.01
  -9769.854     3.723    -0.25    1.90
  -9394.313     3.379    -0.92    2.69
  -9018.757     2.563    -2.17    3.30
  -8643.186     1.699    -2.30    3.28
  -8267.601     1.295    -1.08    3.01
  -7892.002     0.961    -0.89    2.73
  -7516.388     1.247     0.76    2.76
  -7140.759     2.038     2.11    2.53
  -6765.116     2.033    -0.01    2.49
  -6389.458     1.648    -1.02    2.50
  -6013.786     0.842    -2.14    2.18
  -5638.099    -0.621    -3.89    2.96
  -5262.397    -1.882    -3.36    2.68
  -4886.681    -2.112    -0.61    2.24
  -4510.951    -1.464     1.73    2.32
  -4135.206    -0.658     2.14    2.25
  -3759.446    -0.491     0.44    2.35
  -3383.671    -0.717    -0.60    2.29
  -3007.882    -1.110    -1.05    2.03
  -2632.079    -1.541    -1.15    1.98
  -2256.261    -2.091    -1.46    1.57
  -1880.428    -2.548    -1.22    1.44
  -1504.580    -2.298     0.66    2.01
  -1128.718    -0.791     4.01    3.12
   -752.842     0.792     4.21    3.05
   -376.950     2.296     4.00    2.52
     -1.045     3.075     2.07    2.39
    374.876     2.509    -1.51    2.75
    750.811     2.074    -1.16    5.26
   1126.761     1.075    -2.66    5.59
   1502.725    -0.068    -3.04    5.39
   1878.704    -0.746    -1.80    5.58
   2254.698    -0.729     0.04    5.48
   2630.706    -1.135    -1.08    2.94
   3006.729    -1.610    -1.26    2.23
   3382.767    -2.000    -1.04    3.07
   3758.819    -0.997     2.67    3.09
   4134.886    -0.568     1.14    3.49
   4510.968    -0.321     0.66    3.59
   4887.064    -0.763    -1.17    3.45
   5263.175    -0.112     1.73    3.69
   5639.301     0.357     1.25    3.95
   6015.441     1.137     2.07    3.51
   6391.596     2.477     3.56    2.89
   6767.766     3.366     2.36    2.13
   7143.950     4.209     2.24    1.56
   7520.149     4.745     1.43    1.29
   7896.363     4.773     0.07    1.71
   8272.592     4.280    -1.31    2.02
   8648.835     4.452     0.46    2.41
   9025.093     3.485    -2.57    2.89
   9401.366     3.550     0.17    2.35
   9777.653     3.563     0.03    2.59
  10153.955     3.947     1.02    2.13
  10530.272     4.485     1.43    2.08
  10906.603     5.056     1.52    2.06
  11282.949     4.675    -1.01    2.08
  11659.310     4.866     0.51    2.06
  12035.686     4.843    -0.06    2.12
  12412.077     5.379     1.43    2.03
  12788.482     5.989     1.62    1.73
  13164.902     5.580    -1.09    1.85
  13541.336     5.033    -1.45    2.15
  13917.786     4.604    -1.14    2.10
  14294.250     4.257    -0.92    1.90
  14670.729     4.199    -0.15    1.74
  15047.223     4.257     0.15    1.82
  15423.731     4.353     0.25    1.86
  15800.255     4.271    -0.22    1.71
  16176.793     4.182    -0.24    1.70
  16553.346     4.167    -0.04    1.49
  16929.913     4.282     0.30    1.60
  17306.496     4.243    -0.10    1.55
  17683.093     4.175    -0.18    1.65
  18059.705     4.144    -0.08    1.55
  18436.332     4.563     1.11    1.85
  18812.973     4.556    -0.02    2.27
  19189.630     4.550    -0.02    2.49
  19566.301     4.985     1.15    2.46
  19942.987     5.469     1.29    2.30
  20319.688     5.909     1.17    1.80
  20696.403     5.937     0.07    1.61
  21073.134     6.152     0.57    1.41
  21449.879     5.914    -0.63    1.27
  21826.639     6.038     0.33    1.64
  22203.414     5.989    -0.13    2.26
  22580.204     5.842    -0.39    2.52
  22957.009     5.891     0.13    2.66
  23333.828     5.656    -0.63    2.51
  23710.663     5.604    -0.14    2.12
  24087.512     5.160    -1.18    2.10
  24464.376     5.199     0.10    1.99
  24841.255     4.672    -1.40    1.86
  25218.149     4.961     0.77    2.09
  25595.058     6.152     3.16    2.33
  25971.981     6.604     1.20    2.38
  26348.919     6.893     0.77    2.31
  26725.873     7.175     0.75    2.35
  27102.841     6.891    -0.75    2.03
  27479.824     6.866    -0.07    2.05
  27856.822     7.599     1.94    1.98
  28233.835     7.668     0.18    1.94
  28610.863     7.981     0.83    1.82
  28987.905     8.209     0.60    1.84
  29364.963     8.652     1.18    2.12
  29741.098     8.745     0.25    2.20
  30115.220     9.643     2.40    2.11
  30489.357     9.546    -0.26    2.16
  30863.508     9.357    -0.50    2.16
  31237.674     8.749    -1.63    2.11
  31611.855     8.223    -1.40    2.14
  31986.050     8.423     0.53    2.22
  32360.260     8.795     0.99    2.37
  32734.485     9.950     3.09    1.65
  33108.724    10.205     0.68    1.73
  33482.978    10.093    -0.30    1.83
  33857.247     9.604    -1.31    2.19
  34231.530     9.247    -0.95    1.98
  34605.829     9.100    -0.39    2.03
  34980.142     9.023    -0.21    1.84
  35354.469     8.976    -0.12    1.84
  35728.812     8.749    -0.61    1.52
  36103.169     8.818     0.19    1.45
  36477.540     8.414    -1.08    1.74
  36851.927     8.144    -0.72    1.46
  37226.328     8.049    -0.25    1.51
  37600.744     7.932    -0.31    1.86
  37975.175     8.111     0.48    1.76
  38349.620     8.271     0.43    2.10
  38724.081     8.056    -0.57    2.27
  39098.556     8.331     0.73    2.36
  39473.045     9.004     1.80    2.24
  39847.550     9.550     1.46    1.75
  40222.069     9.723     0.46    2.13
  40596.603     9.632    -0.24    2.42
  40971.152     9.914     0.75    2.51
  41345.715    10.355     1.18    2.40
  41720.294    10.771     1.11    2.31
  42094.887    11.271     1.33    2.13
  42469.495    11.295     0.06    1.86
  42844.117    11.771     1.27    1.79
  43218.755    11.675    -0.25    1.76
  43593.407    11.609    -0.18    1.64
  43968.074    11.469    -0.37    1.73
  44342.756    11.260    -0.56    1.80
  44717.452    11.128    -0.35    1.67
  45092.164    11.223     0.25    1.84
  45466.890    11.989     2.04    1.76
  45841.631    11.958    -0.08    1.83
  46216.387    12.009     0.14    1.90
  46591.158    11.818    -0.51    1.94
  46965.943    11.409    -1.09    2.24
  47340.744    11.223    -0.50    2.29
  47715.559    10.937    -0.76    2.17
  48090.389    10.533    -1.08    2.14
  48465.234    10.428    -0.28    1.97
  48840.093    10.771     0.91    2.11
  49214.968    11.271     1.33    1.94
  49589.857    11.526     0.68    1.90
  49964.762    11.628     0.27    1.98
  50339.681    11.459    -0.45    1.75
  50714.615    11.423    -0.10    1.64
  51089.564    11.209    -0.57    1.55
  51464.527    10.656    -1.47    1.74
  51839.506    10.223    -1.15    2.37
  52214.499     9.529    -1.85    2.55
  52589.508     9.000    -1.41    2.82
  52964.531     8.293    -1.88    2.57
  53339.569     8.282    -0.03    2.27
  53714.622     8.423     0.38    2.42
  54089.690     8.818     1.05    2.73
  54464.773     9.091     0.73    2.78
  54839.870     9.152     0.16    2.69
  55214.983     9.455     0.81    2.74
  55590.110     9.376    -0.21    3.00
  55965.253     9.318    -0.15    2.64
  56340.410    10.046     1.94    2.48
  56715.582     9.947    -0.26    1.70
  57090.769    10.296     0.93    1.62
  57465.971    10.844     1.46    1.65
  57841.188    11.437     1.58    1.56
  58216.420    11.890     1.21    1.69
  58591.667    12.343     1.21    1.52
  58966.929    12.273    -0.19    1.50
  59342.206    12.213    -0.16    1.41
  59717.498    12.461     0.66    1.51
  60092.804    12.935     1.26    1.64
  60468.126    13.128     0.51    1.81
  60843.462    13.477     0.93    1.85
  61218.814    13.434    -0.12    2.11
  61594.181    13.516     0.22    2.03
  61969.562    14.295     2.07    2.04
  62344.958    14.771     1.27    2.07
  62720.370    14.675    -0.25    1.72
  63095.796    14.989     0.84    2.12
  63471.238    14.702    -0.76    1.98
  63846.694    15.018     0.84    2.03
  64222.165    15.461     1.18    1.68
  64597.652    15.247    -0.57    1.89
  64973.153    14.916    -0.88    2.11
  65348.669    14.795    -0.32    2.03
  65724.201    14.795     0.00    1.77
  66099.747    14.961     0.44    1.76
  66475.309    15.318     0.95    1.50
  66850.885    15.493     0.46    1.61
  67226.476    15.574     0.22    1.81
  67602.083    15.749     0.46    1.86
  67977.704    15.652    -0.26    1.58
  68353.341    15.379    -0.73    1.63
  68728.992    15.199    -0.48    2.00
  69104.659    15.271     0.19    2.11
  69480.341    15.632     0.96    2.16
  69856.037    16.659     2.73    2.37
  70231.749    17.144     1.29    2.18
  70607.476    17.723     1.54    2.37
  70983.218    18.013     0.77    2.11
  71358.975    18.428     1.10    2.44
  71734.747    19.028     1.60    2.72
  72110.534    19.446     1.11    2.94
  72486.336    19.818     0.99    2.87
  72862.153    19.628    -0.51    2.95
  73237.985    20.175     1.46    3.03
  73613.832    20.214     0.10    3.13
  73989.695    20.563     0.93    3.13
  74365.572    20.675     0.30    3.05
  74741.465    20.935     0.69    3.24
  75117.373    20.771    -0.44    2.99
  75493.295    20.366    -1.08    3.34
  75869.233    20.209    -0.42    3.65
  76245.186    19.366    -2.24    3.04
  76621.155    19.723     0.95    3.21
  76997.138    20.318     1.58    2.92
  77373.136    21.675     3.61    3.63
  77749.150    22.461     2.09    3.14
  78125.178    22.493     0.09    3.14
  78501.222    21.516    -2.60    3.33
  78877.281    19.891    -4.32    2.56
  79253.355    19.461    -1.14    2.24
  79629.444    19.580     0.32    2.40
  80005.548    20.343     2.03    2.23
  80381.668    21.091     1.99    2.53
  80757.803    21.257     0.44    2.57
  81133.952    21.580     0.86    2.90
  81510.117    21.533    -0.13    2.76
  81886.297    21.699     0.44    2.53
  82262.493    21.909     0.56    2.11
  82638.703    22.203     0.78    2.32
  83014.929    23.000     2.12    2.18
  83391.169    23.247     0.66    2.40
  83767.425    23.400     0.41    2.45
  84143.697    23.609     0.56    2.32
  84519.983    24.555     2.51    1.77
  84896.284    24.932     1.00    1.98
  85272.601    25.574     1.71    1.73
  85648.933    25.469    -0.28    1.91
  86025.280    24.723    -1.98    2.41
  86401.643    24.306    -1.11    2.27
  86778.020    24.341     0.09    2.17
  87154.413    24.767     1.13    1.97
  87530.821    25.414     1.72    1.67
  87907.244    25.958     1.45    1.51
  88283.683    26.366     1.08    2.10
  88660.136    27.137     2.05    2.56
  89036.605    27.555     1.11    2.95
  89413.089    28.137     1.54    3.01
  89789.589    28.556     1.12    3.40
  90166.103    29.074     1.38    3.26
  90542.633    29.023    -0.14    3.33
  90919.178    29.055     0.09    3.29
  91295.739    29.841     2.09    3.26
  91672.315    31.168     3.52    2.99
  92048.905    32.477     3.48    2.57
  92425.512    34.271     4.76    3.55
  92802.133    36.664     6.36    4.01
  93178.770    39.296     6.99    4.46
  93555.422    41.870     6.83    4.19
  93932.089    43.318     3.85    3.58
  94308.772    44.981     4.41    3.64
  94685.470    45.868     2.36    3.60
  95062.183    46.500     1.68    2.90
  95438.911    46.924     1.12    2.90
  95815.655    47.887     2.56    3.78
  96192.414    48.772     2.35    4.08
  96569.189    49.981     3.21    3.39
  96945.978    50.516     1.42    2.76
  97322.783    50.998     1.28    2.49
  97699.604    51.659     1.76    2.54
  98076.439    52.672     2.69    3.92
  98453.290    55.283     6.93    5.40
  98830.157    57.056     4.70    6.04
  99207.038    58.741     4.47    5.76
  99583.935    59.023     0.75    5.15
  99960.848    58.485    -1.43    4.17
 100337.775    60.604     5.62    5.52
 100714.718    64.121     9.33    8.15
 101091.677    68.745    12.27    7.94
 101468.651    71.887     8.33    6.74
 101845.640    73.371     3.94    5.80
 102222.644    73.223    -0.39    5.29
 102599.664    74.074     2.26    5.06
 102976.699    76.461     6.33    5.46
 103353.750    79.773     8.78    4.58
 103730.816    81.947     5.77    3.96
 104107.897    84.523     6.83    3.73
 104484.994    87.414     7.67    4.19
 104860.719    91.247    10.20    5.73
 105234.791    93.842     6.94    6.70
 105608.878    95.672     4.89    7.30
 105982.980    96.523     2.27    7.14
 106357.098    96.793     0.72    7.10
 106731.230    97.283     1.31    6.62
 107105.378    97.961     1.81    6.05
 107479.541    99.580     4.33    5.82
 107853.719   102.271     7.19    6.29
 108227.912   103.937     4.45    7.32
 108602.120   107.152     8.59    9.60
 108976.343   110.080     7.83   10.90
 109350.582   113.237     8.44    9.87
 109724.836   116.580     8.93   10.69
 110099.105   118.679     5.61   11.20
 110473.389   124.477    15.49   13.59
 110847.688   130.144    15.14   15.05
 111222.003   137.390    19.36   15.69
 111596.333   143.652    16.73   14.83
 111970.678   147.623    10.61   11.92
 112345.038   152.632    13.38    9.71
 112719.413   157.068    11.85   12.10
 113093.804   161.509    11.86   12.21
 113468.210   165.705    11.21   12.15
 113842.631   168.675     7.94   10.73
 114217.067   171.648     7.94    9.85
 114591.518   175.209     9.51   10.23
 114965.985   183.604    22.42   14.95
 115340.467   194.199    28.30   17.65
 115714.964   208.199    37.39   18.87
 116089.476   219.199    29.37   16.56
 116464.004   224.675    14.62   14.01
 116838.547   221.160    -9.39   18.15
 117213.105   219.888    -3.40   17.58
 117587.678   226.282    17.07   24.46
 117962.267   242.818    44.15   39.90
 118336.871   269.747    71.89   46.56
 118711.490   293.493    63.39   48.50
 119086.124   328.205    92.66   67.50
 119460.774   351.075    61.05   76.34
 119835.439   376.679    68.35   85.96
 120210.119   398.580    58.46   85.71
 120584.815   392.214   -16.99   83.12
 120959.526   388.516    -9.87   65.10
 121334.252   388.108    -1.09   54.89
 121708.993   418.705    81.66   83.90
 122083.750   485.768   178.97  128.65
 122458.522   551.247   174.73  141.64
 122833.309   662.307   296.36  175.03
 123208.112   760.588   262.25  204.21
 123582.930   811.637   136.21  203.59
 123957.763   815.055     9.12  190.30
 124332.611   725.250  -239.60  204.19
 124707.475   604.563  -321.98  171.37
 125082.354   524.307  -214.11  107.12
 125457.249   538.167    36.98  114.81
 125832.159   610.588   193.19  141.98
 126207.084   704.705   251.06  138.06
 126582.025   778.618   197.15  146.45
 126956.981   804.295    68.49  185.99
 127331.952   778.080   -69.92  208.69
 127706.938   734.013  -117.53  171.18
 128081.940   637.250  -258.06  167.72
 128456.958   583.766  -142.63  132.61
 128831.990   622.958   104.51  144.96
 129207.039   714.795   244.89  202.41
 129582.102   845.723   349.12  201.35
 129957.181   999.509   410.05  161.72
 130332.275  1116.152   311.00  139.61
 130707.385  1219.500   275.55  144.65
 131082.510  1302.193   220.47  115.82
 131457.650  1379.152   205.17  125.42
 131832.806  1458.080   210.41  134.28
 132207.977  1531.721   196.31  146.56
 132583.163  1608.493   204.65  139.85
 132958.365  1638.550    80.12  125.47
 133333.583  1632.175   -16.99  145.97
 133708.816  1574.080  -154.84  181.70
 134084.064  1476.121  -261.08  211.01
 134459.327  1335.509  -374.74  220.21
 134834.606  1220.414  -306.73  229.20
 135209.901  1117.009  -275.56  188.08
 135585.211  1101.199   -42.13  155.31
 135960.536  1192.842   244.20  188.03
 136335.877  1372.330   478.25  214.63
 136711.233  1518.771   390.18  194.40
 137086.605  1613.516   252.43  141.37
 137461.992  1612.121    -3.72  168.54
 137837.395  1535.318  -204.61  192.83
 138212.813  1424.652  -294.82  190.51
 138588.246  1376.247  -128.95  183.49
 138963.695  1378.469     5.92  220.80
 139339.160  1438.074   158.77  225.97
 139714.640  1480.865   113.98  190.12
 140090.135  1505.461    65.51  165.64
 140465.646  1486.526   -50.43  150.83
 140841.172  1413.702  -193.95  168.21
 141216.714  1331.237  -219.62  158.86
 141592.271  1248.772  -219.61  152.91
 141967.844  1144.283  -278.24  148.75
 142343.433  1030.818  -302.14  156.13
 142719.036   934.699  -255.94  122.88
 143094.656   953.199    49.26  134.66
 143470.291   981.675    75.82  155.63
