# NaN NaN NaN ;Mean Elev.(m), Avg Gradient(m/km), RMS Gradient(m/km) - SRTM1     
#   96.838  -0.410   1.947 ;Mean Elev.(m), Avg Gradient(m/km), RMS Gradient(m/km) - ASTER GDEM
#  107.206   0.185   1.595 ;Mean Elev.(m), Avg Gradient(m/km), RMS Gradient(m/km) - GMTED2010 
  7   109.279 52458.64030307 37.59  95.045486  27.535877 23.484
  7   109.173 52458.64030372 37.34  95.044626  27.539167 23.484
  7   108.994 52458.64030436 38.24  95.043766  27.542457 23.484
  7   109.071 52458.64030501 41.42  95.042906  27.545747 23.484
  7   109.013 52458.64030565 42.09  95.042045  27.549031 28.293
  7   108.923 52458.64030630 41.23  95.041185  27.552321 28.293
  7   108.864 52458.64030694 45.86  95.040325  27.555611 28.293
  8   108.852 52493.64028477 43.06  95.051415  27.537498 21.600
  8   108.772 52493.64028541 42.26  95.050555  27.540788 21.600
  8   108.766 52493.64028606 45.38  95.049695  27.544078 21.600
  8   108.687 52493.64028670 44.43  95.048845  27.547368 21.600
  8   108.727 52493.64028735 45.94  95.047985  27.550658 21.600
  8   108.776 52493.64028799 47.98  95.047125  27.553948 21.600
  8   108.721 52493.64028864 42.48  95.046265  27.557238 21.600
  9   107.570 52528.64026548 43.02  95.042421  27.533696 23.520
  9   107.590 52528.64026613 44.56  95.041561  27.536996 23.520
  9   107.581 52528.64026677 42.01  95.040701  27.540286 23.520
  9   107.573 52528.64026742 43.46  95.039841  27.543566 23.520
  9   107.583 52528.64026806 44.70  95.038981  27.546856 23.520
  9   107.544 52528.64026871 47.39  95.038121  27.550146 23.520
  9   107.527 52528.64026935 48.37  95.037261  27.553436 23.520
  9   107.494 52528.64027000 50.34  95.036401  27.556726 23.520
  9   107.473 52528.64027064 52.06  95.035541  27.560016 23.520
 10   107.575 52563.64029926 49.68  95.047999  27.536050 30.397
 10   107.564 52563.64029991 51.03  95.047139  27.539340 30.397
 10   107.462 52563.64030055 48.52  95.046279  27.542630 30.397
 10   107.323 52563.64030120 51.00  95.045419  27.545920 30.397
 10   107.208 52563.64030184 49.18  95.044559  27.549210 30.397
 10   107.050 52563.64030249 46.48  95.043699  27.552500 30.397
 10   107.179 52563.64030313 46.88  95.042839  27.555800 30.397
 12   106.375 52633.64027145 51.28  95.041093  27.534446 22.096
 12   106.259 52633.64027210 46.31  95.040233  27.537746 22.096
 12   106.324 52633.64027274 46.93  95.039373  27.541036 22.096
 12   106.261 52633.64027339 48.93  95.038513  27.544326 22.096
 12   106.083 52633.64027403 49.78  95.037653  27.547616 22.096
 12   106.121 52633.64027468 46.35  95.036793  27.550906 22.096
 12   105.807 52633.64027532 46.94  95.035933  27.554196 22.096
 12   105.891 52633.64027597 48.92  95.035073  27.557486 22.096
 12   105.848 52633.64027661 42.16  95.034214  27.560776 33.095
 13   106.142 52668.64028569 49.02  95.043164  27.533990 23.747
 13   105.989 52668.64028634 46.31  95.042304  27.537280 23.747
 13   106.188 52668.64028698 49.76  95.041444  27.540580 23.747
 13   106.085 52668.64028763 45.69  95.040584  27.543860 23.747
 13   105.973 52668.64028827 45.58  95.039724  27.547150 23.747
 13   105.850 52668.64028892 45.12  95.038864  27.550450 23.747
 13   105.732 52668.64028956 46.81  95.038004  27.553740 23.747
 13   105.605 52668.64029021 43.34  95.037144  27.557030 23.747
 13   105.454 52668.64029085 35.10  95.036284  27.560320 23.747
 16   107.743 52773.64025938 50.45  95.051029  27.538941 34.377
 16   107.814 52773.64026002 49.55  95.050169  27.542231 34.377
 16   107.652 52773.64026067 48.21  95.049309  27.545521 34.377
 16   107.633 52773.64026131 50.55  95.048449  27.548811 34.377
 16   107.653 52773.64026196 47.67  95.047599  27.552101 34.377
 16   107.654 52773.64026260 48.74  95.046739  27.555391 34.377
 16   107.673 52773.64026325 49.66  95.045879  27.558681 34.377
 17   109.124 52808.64032702 45.54  95.039964  27.532458 15.911
 17   108.428 52808.64032767 41.45  95.039104  27.535748 15.911
 17   108.477 52808.64032831 42.03  95.038244  27.539038 15.911
 17   108.512 52808.64032896 42.15  95.037384  27.542328 15.911
 17   108.230 52808.64032960 37.17  95.036524  27.545618 15.911
 17   108.156 52808.64033024 37.28  95.035664  27.548908 15.911
 17   108.276 52808.64033089 37.25  95.034804  27.552198 15.911
 17   108.213 52808.64033153 39.07  95.033944  27.555488 15.911
 17   108.124 52808.64033218 37.81  95.033084  27.558770 27.623
 17   108.024 52808.64033282 42.30  95.032224  27.562060 27.623
 18   108.624 52843.64038460 43.43  95.042045  27.534096 27.140
 18   108.610 52843.64038525 46.08  95.041185  27.537386 27.140
 18   108.644 52843.64038589 47.86  95.040325  27.540686 27.140
 18   108.665 52843.64038654 51.65  95.039465  27.543976 27.140
 18   108.679 52843.64038718 50.39  95.038605  27.547266 27.140
 18   108.557 52843.64038783 47.48  95.037745  27.550556 27.140
 18   108.404 52843.64038847 47.07  95.036885  27.553846 27.140
 18   108.155 52843.64038912 40.65  95.036025  27.557136 27.140
 18   108.069 52843.64038976 36.51  95.035165  27.560426 27.140
 19   108.552 52878.64042262 47.68  95.042085  27.533814 22.731
 19   108.493 52878.64042326 45.08  95.041225  27.537104 22.731
 19   108.437 52878.64042391 43.96  95.040365  27.540394 22.731
 19   108.450 52878.64042455 46.04  95.039505  27.543684 22.731
 19   108.512 52878.64042520 48.78  95.038645  27.546984 22.731
 19   108.535 52878.64042584 49.51  95.037785  27.550274 22.731
 19   108.288 52878.64042649 45.62  95.036925  27.553564 22.731
 19   108.198 52878.64042713 44.18  95.036065  27.556854 22.731
 19   108.233 52878.64042778 43.69  95.035205  27.560144 22.731
 20   108.544 52913.64038131 47.32  95.051707  27.538949 23.718
 20   108.520 52913.64038196 49.14  95.050847  27.542249 23.718
 20   108.472 52913.64038260 50.73  95.049987  27.545539 23.718
 20   108.427 52913.64038325 48.58  95.049127  27.548829 23.718
 20   108.402 52913.64038389 48.10  95.048267  27.552109 23.718
 20   108.259 52913.64038454 44.52  95.047407  27.555399 23.718
 20   108.184 52913.64038518 42.39  95.046547  27.558699 23.718
 21   106.718 52948.64033876 47.92  95.045928  27.534167 22.914
 21   106.661 52948.64033940 53.89  95.045068  27.537457 22.914
 21   106.732 52948.64034005 50.97  95.044208  27.540747 22.914
 21   106.602 52948.64034069 38.85  95.043348  27.544037 22.914
 21   106.305 52948.64034134 40.42  95.042488  27.547327 22.914
 21   106.462 52948.64034198 48.05  95.041627  27.550608 32.550
 21   106.360 52948.64034263 49.46  95.040767  27.553898 32.550
 21   106.475 52948.64034327 52.91  95.039907  27.557188 32.550
 23   105.882 53018.64036280 50.00  95.046804  27.536033 28.436
 23   105.725 53018.64036345 47.32  95.045944  27.539323 28.436
 23   105.601 53018.64036409 41.81  95.045084  27.542613 28.436
 23   105.279 53018.64036474 35.80  95.044224  27.545903 28.436
 23   105.392 53018.64036538 39.88  95.043364  27.549203 28.436
 23   105.385 53018.64036603 46.60  95.042504  27.552493 28.436
 23   105.415 53018.64036667 47.35  95.041644  27.555783 28.436
 24   105.496 53053.64034565 49.70  95.046484  27.534560 26.087
 24   105.636 53053.64034629 49.48  95.045624  27.537860 26.087
 24   105.347 53053.64034693 45.93  95.044764  27.541150 26.087
 24   105.243 53053.64034758 40.27  95.043904  27.544440 26.087
 24   105.141 53053.64034822 40.60  95.043044  27.547720 26.087
 24   105.156 53053.64034887 50.46  95.042184  27.551020 26.087
 24   105.170 53053.64034951 49.97  95.041324  27.554310 26.087
 25   107.690 53088.64038292 39.72  95.038756  27.535345 17.193
 25   107.674 53088.64038356 37.59  95.037896  27.538635 17.193
 25   107.424 53088.64038421 34.04  95.037036  27.541925 17.193
 25   107.233 53088.64038485 34.09  95.036176  27.545205 17.193
 25   107.194 53088.64038550 35.91  95.035316  27.548505 17.193
 25   107.343 53088.64038614 37.66  95.034456  27.551795 17.193
 25   107.105 53088.64038679 39.75  95.033596  27.555085 17.193
 25   107.136 53088.64038743 46.11  95.032736  27.558375 17.193
 25   107.121 53088.64038808 50.64  95.031876  27.561665 17.193
 26   106.851 53123.64035312 49.06  95.042851  27.535157 29.054
 26   106.783 53123.64035377 50.54  95.041991  27.538447 29.054
 26   106.689 53123.64035441 50.88  95.041131  27.541737 29.054
 26   106.715 53123.64035506 46.91  95.040271  27.545017 29.054
 26   106.596 53123.64035570 46.21  95.039411  27.548317 29.054
 26   106.664 53123.64035634 49.19  95.038551  27.551607 29.054
 26   106.685 53123.64035699 49.40  95.037691  27.554897 29.054
 26   106.641 53123.64035763 47.20  95.036831  27.558187 29.054
 26   106.564 53123.64035828 45.10  95.035971  27.561477 29.054
 27   107.435 53158.64041165 49.98  95.037007  27.534777 37.310
 27   107.414 53158.64041230 52.26  95.036147  27.538067 37.310
 27   107.509 53158.64041359 47.70  95.034427  27.544647 37.310
 27   107.487 53158.64041423 42.30  95.033567  27.547937 37.310
 27   107.488 53158.64041488 49.68  95.032707  27.551227 37.310
 27   107.462 53158.64041552 49.53  95.031847  27.554517 37.310
 27   107.444 53158.64041617 47.49  95.030987  27.557817 37.310
 27   107.403 53158.64041681 51.27  95.030127  27.561107 37.310
 27   107.321 53158.64041746 47.66  95.029267  27.564387 37.310
 28   109.766 53193.64040571 38.36  95.048644  27.534853 22.392
 28   109.431 53193.64040635 28.66  95.047784  27.538143 22.392
 28   109.163 53193.64040700 29.13  95.046924  27.541433 22.392
 28   108.964 53193.64040764 30.01  95.046064  27.544723 22.392
 28   109.100 53193.64040829 30.56  95.045204  27.548023 22.392
 28   109.151 53193.64040893 32.31  95.044344  27.551313 22.392
 28   109.215 53193.64040958 35.15  95.043484  27.554603 22.392
 29   108.768 53228.64040048 49.25  95.049300  27.536489 37.255
 29   108.647 53228.64040112 48.52  95.048450  27.539779 37.255
 29   108.637 53228.64040177 52.49  95.047590  27.543069 37.255
 29   108.657 53228.64040241 53.09  95.046730  27.546359 37.255
 29   108.664 53228.64040306 53.91  95.045870  27.549649 37.255
 29   108.658 53228.64040370 52.70  95.045011  27.552932 30.292
 29   108.663 53228.64040435 49.87  95.044151  27.556222 30.292
 30   108.067 53263.64037240 50.91  95.045617  27.534277 28.142
 30   108.023 53263.64037304 49.56  95.044757  27.537567 28.142
 30   107.966 53263.64037368 45.58  95.043907  27.540857 28.142
 30   107.912 53263.64037433 50.54  95.043047  27.544147 28.142
 30   107.842 53263.64037497 39.04  95.042187  27.547437 28.142
 30   107.770 53263.64037562 46.94  95.041327  27.550737 28.142
 30   107.757 53263.64037626 52.51  95.040467  27.554027 28.142
 30   107.752 53263.64037691 44.52  95.039607  27.557307 28.142
 31   107.315 53298.64041423 50.89  95.034045  27.532967 36.830
 31   107.006 53298.64041617 43.04  95.031465  27.542837 36.830
 31   106.838 53298.64041681 37.49  95.030605  27.546137 36.830
 31   107.080 53298.64041746 43.86  95.029745  27.549427 36.830
 31   107.047 53298.64041810 53.54  95.028885  27.552717 36.830
 31   106.996 53298.64041875 42.06  95.028025  27.556007 36.830
 31   107.098 53298.64041939 51.07  95.027165  27.559297 36.830
 31   107.186 53298.64042004 51.98  95.026305  27.562587 36.830
 31   107.055 53298.64042068 49.31  95.025445  27.565867 36.830
 31   107.144 53298.64042133 44.96  95.024585  27.569157 36.830
 32   106.276 53333.64038562 50.95  95.044369  27.536491 27.796
 32   106.221 53333.64038627 53.63  95.043509  27.539781 27.796
 32   106.151 53333.64038691 40.75  95.042649  27.543081 27.796
 32   105.929 53333.64038756 35.12  95.041789  27.546371 27.796
 32   105.690 53333.64038820 36.22  95.040929  27.549651 27.796
 32   105.981 53333.64038884 38.57  95.040069  27.552941 27.796
 32   106.110 53333.64038949 51.81  95.039209  27.556231 27.796
 33   106.015 53368.64032770 50.00  95.049969  27.536573 21.409
 33   105.980 53368.64032834 51.00  95.049109  27.539863 21.409
 33   106.197 53368.64032899 49.53  95.048248  27.543148 32.889
 33   105.927 53368.64032963 38.05  95.047388  27.546438 32.889
 33   105.674 53368.64033028 38.63  95.046528  27.549728 32.889
 33   105.812 53368.64033092 38.37  95.045678  27.553018 32.889
 33   105.768 53368.64033156 50.50  95.044818  27.556308 32.889
 34   105.892 53403.64035795 43.27  95.044178  27.533998 13.371
 34   106.102 53403.64035859 51.22  95.043316  27.537281 34.987
 34   106.021 53403.64035924 43.24  95.042456  27.540571 34.987
 34   105.814 53403.64035988 34.06  95.041596  27.543861 34.987
 34   105.313 53403.64036053 33.34  95.040736  27.547151 34.987
 34   105.314 53403.64036117 35.00  95.039876  27.550441 34.987
 34   105.425 53403.64036182 44.12  95.039016  27.553731 34.987
 34   105.621 53403.64036246 50.19  95.038156  27.557031 34.987
 35   107.305 53438.64034650 50.14  95.047865  27.536245 19.854
 35   107.401 53438.64034715 51.63  95.047003  27.539529 33.672
 35   107.435 53438.64034779 45.62  95.046143  27.542819 33.672
 35   107.182 53438.64034844 38.54  95.045283  27.546109 33.672
 35   107.222 53438.64034908 39.55  95.044423  27.549399 33.672
 35   107.306 53438.64034973 44.83  95.043573  27.552689 33.672
 35   107.358 53438.64035037 51.79  95.042713  27.555989 33.672
 36   107.983 53473.64040400 40.71  95.039579  27.532870 25.883
 36   107.806 53473.64040464 41.15  95.038719  27.536170 25.883
 36   107.902 53473.64040529 43.71  95.037859  27.539460 25.883
 36   108.005 53473.64040593 47.64  95.036999  27.542750 25.883
 36   107.669 53473.64040658 40.59  95.036139  27.546040 25.883
 36   107.764 53473.64040722 43.61  95.035279  27.549330 25.883
 36   107.867 53473.64040786 48.52  95.034419  27.552620 25.883
 36   107.894 53473.64040851 45.34  95.033559  27.555910 25.883
 36   108.003 53473.64040915 43.12  95.032699  27.559200 25.883
 36   107.810 53473.64040980 45.29  95.031839  27.562480 25.883
 37   107.576 53508.64042755 51.94  95.043236  27.534417 20.593
 37   107.583 53508.64042819 51.96  95.042378  27.537700 33.124
 37   107.620 53508.64042883 46.78  95.041518  27.540990 33.124
 37   107.590 53508.64042948 40.93  95.040658  27.544280 33.124
 37   107.403 53508.64043012 39.45  95.039798  27.547570 33.124
 37   107.384 53508.64043077 44.47  95.038938  27.550870 33.124
 37   107.547 53508.64043141 52.53  95.038078  27.554160 33.124
 37   107.526 53508.64043206 46.24  95.037218  27.557450 33.124
 37   107.548 53508.64043270 46.93  95.036358  27.560740 33.124
 38   108.662 53543.64043945 45.40  95.041231  27.534281 25.805
 38   108.645 53543.64044009 45.56  95.040371  27.537571 25.805
 38   108.803 53543.64044074 46.20  95.039511  27.540861 25.805
 38   108.875 53543.64044138 46.45  95.038651  27.544151 25.805
 38   108.760 53543.64044203 42.85  95.037791  27.547441 25.805
 38   108.738 53543.64044267 47.64  95.036931  27.550731 25.805
 38   108.649 53543.64044332 45.95  95.036071  27.554021 25.805
 38   108.613 53543.64044396 45.12  95.035211  27.557311 25.805
 38   108.655 53543.64044461 47.81  95.034351  27.560611 25.805
 39   108.864 53578.64042143 48.19  95.044764  27.536013 28.007
 39   108.808 53578.64042208 44.55  95.043904  27.539303 28.007
 39   108.785 53578.64042272 47.59  95.043049  27.542587 30.263
 39   108.855 53578.64042337 49.80  95.042189  27.545877 30.263
 39   108.956 53578.64042401 52.94  95.041329  27.549167 30.263
 39   108.970 53578.64042466 47.29  95.040469  27.552457 30.263
 39   108.887 53578.64042530 44.90  95.039609  27.555747 30.263
 40   108.903 53613.64037474 43.67  95.044594  27.535805 28.176
 40   108.872 53613.64037539 43.78  95.043734  27.539089 27.253
 40   108.917 53613.64037603 47.30  95.042874  27.542379 27.253
 40   108.992 53613.64037668 45.34  95.042014  27.545669 27.253
 40   109.032 53613.64037732 49.16  95.041154  27.548959 27.253
 40   109.037 53613.64037797 46.80  95.040304  27.552249 27.253
 40   108.993 53613.64037861 47.88  95.039444  27.555539 27.253
 41   108.012 53648.64038012 48.16  95.045365  27.533325 21.121
 41   108.005 53648.64038077 54.32  95.044515  27.536615 21.121
 41   107.967 53648.64038141 50.82  95.043651  27.539898 32.496
 41   107.931 53648.64038205 48.89  95.042791  27.543188 32.496
 41   108.027 53648.64038270 45.06  95.041931  27.546478 32.496
 41   108.173 53648.64038334 44.03  95.041071  27.549768 32.496
 41   108.030 53648.64038399 46.91  95.040211  27.553058 32.496
 41   107.982 53648.64038463 49.25  95.039351  27.556348 32.496
 42   106.179 53683.64039480 40.94  95.040361  27.533605 16.500
 42   106.291 53683.64039544 49.08  95.039501  27.536895 16.500
 42   106.281 53683.64039609 48.60  95.038644  27.540178 38.000
 42   106.206 53683.64039673 41.03  95.037784  27.543468 38.000
 42   105.918 53683.64039738 38.35  95.036924  27.546758 38.000
 42   106.272 53683.64039802 43.76  95.036064  27.550048 38.000
 42   106.402 53683.64039867 52.15  95.035204  27.553338 38.000
 42   106.590 53683.64039931 47.80  95.034344  27.556628 38.000
 42   106.636 53683.64039996 49.90  95.033484  27.559918 38.000
 42   106.456 53683.64040060 49.75  95.032624  27.563218 38.000
 43   105.837 53718.64032197 47.30  95.050242  27.536059 21.600
 43   105.708 53718.64032261 50.16  95.049382  27.539349 21.600
 43   105.807 53718.64032326 50.66  95.048519  27.542633 39.665
 43   105.767 53718.64032390 51.73  95.047659  27.545923 39.665
 43   105.803 53718.64032455 43.60  95.046799  27.549213 39.665
 43   105.950 53718.64032519 45.64  95.045949  27.552503 39.665
 43   105.918 53718.64032583 34.26  95.045089  27.555793 39.665
 44   105.577 53753.64024363 45.03  95.048903  27.535912 17.405
 44   105.426 53753.64024427 48.50  95.048047  27.539195 38.524
 44   105.493 53753.64024492 49.56  95.047187  27.542485 38.524
 44   105.574 53753.64024556 51.97  95.046327  27.545775 38.524
 44   105.518 53753.64024621 45.12  95.045467  27.549065 38.524
 44   105.517 53753.64024685 32.52  95.044607  27.552355 38.524
 44   105.691 53753.64024750 32.01  95.043747  27.555645 38.524
 45   105.956 53788.64027363 45.92  95.049511  27.535812 14.302
 45   105.835 53788.64027428 51.61  95.048654  27.539095 37.514
 45   105.844 53788.64027492 49.06  95.047794  27.542385 37.514
 45   105.775 53788.64027557 50.43  95.046934  27.545675 37.514
 45   105.754 53788.64027621 46.08  95.046074  27.548965 37.514
 45   106.017 53788.64027686 38.85  95.045214  27.552255 37.514
 45   105.918 53788.64027750 34.93  95.044354  27.555555 37.514
 46   106.787 53823.64022899 45.58  95.044636  27.535237 11.881
 46   106.667 53823.64022963 50.96  95.043776  27.538519 36.885
 46   106.707 53823.64023028 53.77  95.042916  27.541809 36.885
 46   106.821 53823.64023092 51.86  95.042056  27.545099 36.885
 46   106.751 53823.64023157 40.64  95.041196  27.548389 36.885
 46   106.823 53823.64023221 45.22  95.040336  27.551679 36.885
 46   106.731 53823.64023286 49.79  95.039476  27.554969 36.885
 46   106.739 53823.64023350 45.81  95.038616  27.558259 36.885
 47   106.979 53858.64032136 48.11  95.040107  27.532964 18.976
 47   107.117 53858.64032200 52.61  95.039247  27.536254 18.976
 47   106.971 53858.64032265 49.20  95.038387  27.539544 18.976
 47   107.108 53858.64032329 51.06  95.037527  27.542834 18.976
 47   107.019 53858.64032393 39.39  95.036667  27.546124 18.976
 47   106.906 53858.64032458 40.99  95.035813  27.549407 35.573
 47   107.065 53858.64032522 49.77  95.034953  27.552697 35.573
 47   107.106 53858.64032587 50.07  95.034093  27.555987 35.573
 47   107.093 53858.64032651 52.48  95.033233  27.559277 35.573
 47   106.962 53858.64032716 51.69  95.032373  27.562567 35.573
 48   108.658 53893.64033728 46.31  95.046914  27.535757 25.677
 48   108.703 53893.64033793 45.60  95.046054  27.539047 25.677
 48   108.672 53893.64033857 44.23  95.045194  27.542337 25.677
 48   108.697 53893.64033922 43.26  95.044334  27.545627 25.677
 48   108.718 53893.64033986 46.56  95.043474  27.548917 25.677
 48   108.732 53893.64034051 47.88  95.042614  27.552207 25.677
 48   108.692 53893.64034115 46.27  95.041754  27.555497 25.677
 49   108.476 53928.64039473 49.05  95.034261  27.534833 27.260
 49   108.348 53928.64039666 42.59  95.031681  27.544703 27.260
 49   108.344 53928.64039731 45.52  95.030820  27.547987 26.354
 49   108.467 53928.64039795 45.16  95.029960  27.551277 26.354
 49   108.519 53928.64039859 47.85  95.029100  27.554567 26.354
 49   108.533 53928.64039924 46.16  95.028240  27.557857 26.354
 49   108.575 53928.64039988 48.47  95.027380  27.561147 26.354
 49   108.527 53928.64040053 43.95  95.026520  27.564437 26.354
 49   108.497 53928.64040117 46.73  95.025660  27.567727 26.354
 50   107.671 53963.64037582 52.35  95.039392  27.535542 28.135
 50   107.607 53963.64037646 50.64  95.038532  27.538832 28.135
 50   107.588 53963.64037711 49.85  95.037682  27.542122 28.135
 50   107.680 53963.64037775 47.84  95.036822  27.545412 28.135
 50   107.839 53963.64037840 47.21  95.035962  27.548702 28.135
 50   107.855 53963.64037904 50.80  95.035102  27.551992 28.135
 50   108.049 53963.64037969 51.16  95.034244  27.555277 33.640
 50   108.073 53963.64038033 48.43  95.033384  27.558567 33.640
 50   107.988 53963.64038098 50.99  95.032524  27.561857 33.640
 51   107.792 53998.64032602 54.46  95.042324  27.535882 27.018
 51   107.842 53998.64032667 50.43  95.041464  27.539182 27.018
 51   107.859 53998.64032731 51.47  95.040604  27.542472 27.018
 51   107.791 53998.64032795 52.64  95.039741  27.545763 34.316
 51   108.123 53998.64032860 50.69  95.038881  27.549053 34.316
 51   108.146 53998.64032924 53.22  95.038021  27.552343 34.316
 51   108.166 53998.64032989 49.86  95.037161  27.555633 34.316
 51   108.199 53998.64033053 51.10  95.036301  27.558923 34.316
 51   108.316 53998.64033118 46.98  95.035441  27.562213 34.316
 52   106.455 54033.64037321 39.41  95.046152  27.534321 19.453
 52   106.449 54033.64037386 50.82  95.045292  27.537611 19.453
 52   106.420 54033.64037450 51.73  95.044432  27.540901 19.453
 52   106.450 54033.64037515 48.67  95.043572  27.544191 19.453
 52   106.542 54033.64037579 42.57  95.042712  27.547481 19.453
 52   106.868 54033.64037644 40.75  95.041852  27.550771 19.453
 52   107.158 54033.64037708 47.56  95.040996  27.554055 38.333
 52   107.235 54033.64037772 46.27  95.040136  27.557345 38.333
 54   105.929 54103.64032488 43.80  95.046884  27.536609 16.914
 54   105.980 54103.64032552 52.32  95.046024  27.539899 16.914
 54   105.973 54103.64032617 48.53  95.045174  27.543189 16.914
 54   105.893 54103.64032681 44.60  95.044314  27.546479 16.914
 54   105.881 54103.64032746 38.08  95.043454  27.549769 16.914
 54   106.306 54103.64032810 38.74  95.042594  27.553059 16.914
 54   106.359 54103.64032875 46.24  95.041734  27.556349 16.914
 55   105.771 54138.64029748 42.40  95.042506  27.535641 16.038
 55   105.942 54138.64029812 50.03  95.041646  27.538931 16.038
 55   105.953 54138.64029877 50.76  95.040786  27.542221 16.038
 55   105.841 54138.64029941 50.39  95.039926  27.545511 16.038
 55   105.811 54138.64030006 40.08  95.039070  27.548795 38.802
 55   106.149 54138.64030070 46.17  95.038210  27.552085 38.802
 55   106.286 54138.64030134 52.10  95.037350  27.555375 38.802
 55   106.347 54138.64030199 50.66  95.036490  27.558665 38.802
 55   106.402 54138.64030263 50.07  95.035630  27.561955 38.802
 56   105.950 54173.64030310 40.21  95.045838  27.535461 29.267
 56   105.838 54173.64030375 49.80  95.044978  27.538751 29.267
 56   105.855 54173.64030439 52.81  95.044118  27.542041 29.267
 56   105.998 54173.64030504 48.30  95.043258  27.545331 29.267
 56   106.031 54173.64030568 38.44  95.042398  27.548611 29.267
 56   105.954 54173.64030633 34.87  95.041538  27.551911 29.267
 56   106.166 54173.64030697 35.48  95.040678  27.555201 29.267
 57   106.810 54208.64030320 48.72  95.041464  27.535409 26.851
 57   107.095 54208.64030384 56.28  95.040604  27.538699 26.851
 57   106.900 54208.64030449 49.47  95.039744  27.541979 26.851
 57   106.867 54208.64030513 52.73  95.038884  27.545269 26.851
 57   106.843 54208.64030578 45.08  95.038024  27.548559 26.851
 57   106.917 54208.64030642 48.13  95.037164  27.551849 26.851
 57   106.979 54208.64030707 47.88  95.036304  27.555139 26.851
 57   107.066 54208.64030771 45.07  95.035444  27.558429 26.851
 57   107.212 54208.64030836 45.80  95.034584  27.561719 26.851
 58   107.867 54243.64033489 48.14  95.044746  27.534574 25.308
 58   107.994 54243.64033554 50.64  95.043886  27.537864 25.308
 58   107.911 54243.64033618 47.58  95.043026  27.541164 25.308
 58   108.017 54243.64033682 47.74  95.042166  27.544444 25.308
 58   108.002 54243.64033747 51.87  95.041306  27.547734 25.308
 58   108.019 54243.64033811 49.79  95.040446  27.551024 25.308
 58   108.089 54243.64033876 49.43  95.039586  27.554314 25.308
 58   108.191 54243.64033940 52.30  95.038726  27.557604 25.308
 59   108.523 54278.64034747 42.46  95.044869  27.533724 30.082
 59   108.211 54278.64034811 42.61  95.044009  27.537014 30.082
 59   108.173 54278.64034875 45.63  95.043149  27.540304 30.082
 59   108.155 54278.64034940 45.07  95.042289  27.543594 30.082
 59   108.272 54278.64035004 47.21  95.041429  27.546884 30.082
 59   108.402 54278.64035069 47.37  95.040569  27.550174 30.082
 59   108.449 54278.64035133 50.21  95.039709  27.553464 30.082
 59   108.464 54278.64035198 49.96  95.038849  27.556754 30.082
 60   109.824 54313.64034723 40.97  95.047012  27.533792 29.031
 60   109.345 54313.64034788 31.08  95.046152  27.537082 29.031
 60   108.857 54313.64034852 33.04  95.045292  27.540382 29.031
 60   109.090 54313.64034917 35.04  95.044432  27.543672 29.031
 60   109.262 54313.64034981 42.96  95.043572  27.546952 29.031
 60   109.341 54313.64035046 48.31  95.042712  27.550242 29.031
 60   109.386 54313.64035110 49.40  95.041852  27.553532 29.031
 60   109.437 54313.64035175 47.28  95.040992  27.556822 29.031
 61   109.370 54348.64031844 33.78  95.047209  27.536831 22.796
 61   109.019 54348.64031909 31.72  95.046349  27.540121 22.796
 61   109.026 54348.64031973 32.35  95.045489  27.543411 22.796
 61   109.043 54348.64032038 33.38  95.044629  27.546711 22.796
 61   109.338 54348.64032102 35.11  95.043769  27.549991 22.796
 61   109.103 54348.64032167 35.26  95.042909  27.553281 22.796
 61   109.198 54348.64032231 36.22  95.042049  27.556581 22.796
 62   107.689 54383.64028522 47.87  95.044420  27.534509 28.640
 62   107.829 54383.64028586 51.42  95.043560  27.537799 28.640
 62   107.891 54383.64028651 48.38  95.042700  27.541089 28.640
 62   107.687 54383.64028715 45.83  95.041840  27.544379 28.640
 62   107.752 54383.64028780 47.45  95.040980  27.547669 28.640
 62   107.970 54383.64028844 45.02  95.040120  27.550969 28.640
 62   107.965 54383.64028908 49.87  95.039260  27.554249 28.640
 62   108.039 54383.64028973 52.08  95.038400  27.557539 28.640
 63   106.163 54418.64026752 36.75  95.046114  27.535455 29.934
 63   106.310 54418.64026816 48.70  95.045254  27.538745 29.934
 63   106.149 54418.64026880 54.75  95.044394  27.542045 29.934
 63   106.153 54418.64026945 45.59  95.043534  27.545335 29.934
 63   106.137 54418.64027009 44.18  95.042674  27.548625 29.934
 63   106.089 54418.64027074 39.70  95.041814  27.551915 29.934
 63   106.341 54418.64027138 37.55  95.040954  27.555205 29.934
 64   105.714 54453.64025539 34.51  95.043004  27.532760 29.671
 64   105.551 54453.64025604 39.34  95.042144  27.536050 29.671
 64   105.767 54453.64025668 47.96  95.041284  27.539340 29.671
 64   105.793 54453.64025733 51.86  95.040424  27.542630 29.671
 64   105.767 54453.64025797 46.52  95.039564  27.545930 29.671
 64   105.533 54453.64025862 39.27  95.038704  27.549220 29.671
 64   105.539 54453.64025926 39.73  95.037844  27.552500 29.671
 64   105.791 54453.64025991 38.86  95.036984  27.555790 29.671
 64   105.936 54453.64026055 49.74  95.036124  27.559080 29.671
 64   106.010 54453.64026120 51.27  95.035264  27.562370 29.671
 65   106.119 54488.64026639 30.95  95.046517  27.536424 18.044
 65   106.069 54488.64026704 33.49  95.045657  27.539714 18.044
 65   105.970 54488.64026768 30.32  95.044797  27.543004 18.044
 65   105.923 54488.64026833 29.36  95.043937  27.546294 18.044
 65   105.961 54488.64026897 25.50  95.043077  27.549584 18.044
 65   105.802 54488.64026962 23.96  95.042217  27.552874 18.044
 65   105.809 54488.64027026 24.38  95.041357  27.556164 18.044
 66   105.797 54523.64026865 37.93  95.045317  27.534586 20.746
 66   106.013 54523.64026929 44.94  95.044457  27.537876 20.746
 66   106.031 54523.64026994 50.50  95.043597  27.541166 20.746
 66   106.069 54523.64027058 48.61  95.042737  27.544456 20.746
 66   106.044 54523.64027123 45.18  95.041877  27.547746 20.746
 66   105.714 54523.64027187 33.99  95.041017  27.551036 20.746
 66   105.898 54523.64027252 42.31  95.040157  27.554326 20.746
 66   106.020 54523.64027316 39.37  95.039297  27.557616 20.746
 67   107.088 54558.64027553 43.99  95.046805  27.533639 22.813
 67   107.033 54558.64027617 52.20  95.045945  27.536939 22.813
 67   107.154 54558.64027682 50.61  95.045085  27.540219 22.813
 67   107.070 54558.64027746 49.38  95.044225  27.543509 22.813
 67   107.228 54558.64027811 46.25  95.043365  27.546799 22.813
 67   107.050 54558.64027875 40.49  95.042505  27.550089 22.813
 67   106.889 54558.64027940 39.23  95.041645  27.553379 22.813
 67   107.149 54558.64028004 42.06  95.040785  27.556679 22.813
 68   107.400 54593.64026505 45.97  95.044236  27.533845 22.590
 68   107.579 54593.64026569 50.27  95.043376  27.537135 22.590
 68   107.611 54593.64026634 47.84  95.042516  27.540425 22.590
 68   107.469 54593.64026698 50.29  95.041656  27.543715 22.590
 68   107.617 54593.64026763 48.13  95.040796  27.547005 22.590
 68   107.560 54593.64026827 44.18  95.039936  27.550295 22.590
 68   107.575 54593.64026892 48.73  95.039076  27.553585 22.590
 68   107.609 54593.64026956 47.29  95.038216  27.556875 22.590
 69   108.653 54628.64027947 38.97  95.045010  27.533225 24.713
 69   108.511 54628.64028011 38.05  95.044150  27.536515 24.713
 69   108.480 54628.64028076 39.35  95.043290  27.539815 24.713
 69   108.444 54628.64028140 37.01  95.042430  27.543105 24.713
 69   108.525 54628.64028205 35.68  95.041570  27.546395 24.713
 69   108.494 54628.64028269 38.57  95.040710  27.549685 24.713
 69   108.477 54628.64028334 39.87  95.039850  27.552975 24.713
 69   108.454 54628.64028398 44.05  95.038990  27.556265 24.713
 70   108.702 54663.64028696 51.23  95.042378  27.534924 26.828
 70   108.699 54663.64028760 43.86  95.041518  27.538224 26.828
 70   108.703 54663.64028825 43.65  95.040658  27.541514 26.828
 70   108.706 54663.64028889 42.69  95.039798  27.544804 26.828
 70   108.732 54663.64028954 43.14  95.038938  27.548094 26.828
 70   108.747 54663.64029018 50.34  95.038078  27.551384 26.828
 70   108.758 54663.64029083 53.36  95.037218  27.554674 26.828
 70   108.785 54663.64029147 50.59  95.036358  27.557964 26.828
 70   108.800 54663.64029212 49.50  95.035498  27.561254 26.828
 71   109.169 54698.64025989 46.62  95.048617  27.534651 26.709
 71   109.205 54698.64026053 40.00  95.047757  27.537951 26.709
 71   108.911 54698.64026118 41.07  95.046897  27.541241 26.709
 71   109.056 54698.64026182 42.78  95.046037  27.544521 26.709
 71   109.068 54698.64026247 45.01  95.045177  27.547811 26.709
 71   109.136 54698.64026311 51.26  95.044317  27.551111 26.709
 71   109.193 54698.64026376 49.52  95.043457  27.554401 26.709
 72   107.714 54733.64024454 45.13  95.042798  27.533909 24.847
 72   107.527 54733.64024518 46.49  95.041938  27.537199 24.847
 72   107.523 54733.64024583 51.56  95.041078  27.540489 24.847
 72   107.459 54733.64024647 49.08  95.040218  27.543779 24.847
 72   107.478 54733.64024712 48.94  95.039358  27.547069 24.847
 72   107.527 54733.64024776 47.10  95.038498  27.550359 24.847
 72   107.457 54733.64024841 47.39  95.037638  27.553649 24.847
 72   107.480 54733.64024905 49.61  95.036778  27.556939 24.847
 72   107.449 54733.64024970 52.36  95.035918  27.560229 24.847
 73   107.979 54768.64023939 38.06  95.046197  27.535351 21.506
 73   107.622 54768.64024004 42.45  95.045337  27.538641 21.506
 73   107.494 54768.64024068 45.32  95.044477  27.541931 21.506
 73   107.354 54768.64024132 49.23  95.043617  27.545221 21.506
 73   107.544 54768.64024197 44.58  95.042757  27.548511 21.506
 73   107.810 54768.64024261 41.49  95.041897  27.551801 21.506
 73   107.714 54768.64024326 43.45  95.041037  27.555091 21.506
 74   105.664 54803.64023806 31.49  95.041904  27.533826 17.095
 74   105.638 54803.64023870 40.97  95.041044  27.537116 17.095
 74   105.694 54803.64023935 51.41  95.040184  27.540406 17.095
 74   105.797 54803.64023999 54.29  95.039324  27.543696 17.095
 74   105.820 54803.64024063 42.94  95.038464  27.546986 17.095
 74   105.785 54803.64024128 33.57  95.037604  27.550276 17.095
 74   105.816 54803.64024192 33.00  95.036744  27.553566 17.095
 74   105.607 54803.64024257 33.07  95.035884  27.556856 17.095
 74   105.746 54803.64024321 45.02  95.035024  27.560146 17.095
 75   105.546 54838.64023324 37.99  95.045421  27.534644 22.686
 75   105.681 54838.64023389 43.82  95.044561  27.537934 22.686
 75   105.587 54838.64023453 51.02  95.043701  27.541224 22.686
 75   105.628 54838.64023518 50.66  95.042841  27.544514 22.686
 75   105.576 54838.64023582 39.35  95.041981  27.547804 22.686
 75   105.372 54838.64023646 31.26  95.041121  27.551094 22.686
 75   105.419 54838.64023711 26.75  95.040261  27.554384 22.686
 75   105.695 54838.64023775 40.41  95.039401  27.557674 22.686
 76   105.279 54873.64023790 31.46  95.042980  27.534541 15.879
 76   105.371 54873.64023855 40.46  95.042120  27.537831 15.879
 76   105.494 54873.64023919 50.72  95.041260  27.541131 15.879
 76   105.431 54873.64023984 53.52  95.040400  27.544421 15.879
 76   105.370 54873.64024048 41.47  95.039540  27.547711 15.879
 76   105.430 54873.64024113 30.20  95.038680  27.551001 15.879
 76   105.275 54873.64024177 25.17  95.037820  27.554291 15.879
 76   105.460 54873.64024242 40.27  95.036960  27.557581 15.879
 76   105.385 54873.64024306 36.41  95.036103  27.560863 39.538
 77   106.021 54908.64023961 37.22  95.045812  27.534679 23.418
 77   106.152 54908.64024026 48.13  95.044952  27.537969 23.418
 77   105.962 54908.64024090 52.05  95.044092  27.541249 23.418
 77   105.938 54908.64024155 52.86  95.043232  27.544549 23.418
 77   105.894 54908.64024219 43.68  95.042372  27.547839 23.418
 77   105.850 54908.64024283 32.91  95.041512  27.551129 23.418
 77   105.449 54908.64024348 29.37  95.040652  27.554419 23.418
 77   105.728 54908.64024412 39.05  95.039792  27.557709 23.418
 78   106.632 54943.64023092 37.15  95.041832  27.534278 13.800
 78   106.893 54943.64023157 43.59  95.040972  27.537568 13.800
 78   106.997 54943.64023221 50.94  95.040112  27.540858 13.800
 78   106.963 54943.64023286 43.64  95.039252  27.544148 13.800
 78   106.852 54943.64023350 44.59  95.038392  27.547448 13.800
 78   106.851 54943.64023415 46.24  95.037532  27.550738 13.800
 78   106.806 54943.64023479 39.06  95.036672  27.554028 13.800
 78   106.795 54943.64023544 40.53  95.035812  27.557318 13.800
 78   106.779 54943.64023608 45.94  95.034954  27.560600 34.559
 79   108.406 54978.64025792 44.65  95.044156  27.533035 14.778
 79   108.193 54978.64025857 45.25  95.043296  27.536325 14.778
 79   108.186 54978.64025921 46.23  95.042436  27.539615 14.778
 79   108.131 54978.64025986 42.56  95.041576  27.542905 14.778
 79   108.027 54978.64026050 40.31  95.040716  27.546195 14.778
 79   108.049 54978.64026115 42.80  95.039856  27.549485 14.778
 79   107.944 54978.64026179 47.37  95.038996  27.552775 14.778
 79   107.994 54978.64026244 45.63  95.038136  27.556065 14.778
 79   108.073 54978.64026308 45.14  95.037276  27.559355 14.778
 80   109.323 55013.64026357 35.91  95.044500  27.535678 22.535
 80   109.157 55013.64026421 33.18  95.043640  27.538958 22.535
 80   108.785 55013.64026486 35.41  95.042780  27.542258 22.535
 80   109.162 55013.64026550 38.04  95.041920  27.545548 22.535
 80   109.342 55013.64026615 44.71  95.041060  27.548838 22.535
 80   109.424 55013.64026679 52.62  95.040200  27.552128 22.535
 80   109.350 55013.64026744 48.93  95.039340  27.555418 22.535
 80   109.303 55013.64026808 42.65  95.038480  27.558708 22.535
 81   108.737 55048.64025682 46.25  95.045018  27.535888 28.103
 81   108.676 55048.64025747 47.72  95.044158  27.539178 28.103
 81   108.673 55048.64025811 48.76  95.043298  27.542468 28.103
 81   108.674 55048.64025876 47.30  95.042438  27.545758 28.103
 81   108.613 55048.64025940 48.15  95.041578  27.549058 28.103
 81   108.678 55048.64026005 50.64  95.040718  27.552348 28.103
 81   108.751 55048.64026069 46.58  95.039858  27.555638 28.103
 82   107.934 55083.64022596 37.22  95.047953  27.534502 23.323
 82   107.817 55083.64022660 40.93  95.047093  27.537792 23.323
 82   107.731 55083.64022725 42.40  95.046233  27.541092 23.323
 82   107.502 55083.64022789 42.10  95.045373  27.544372 23.323
 82   107.534 55083.64022853 42.56  95.044513  27.547662 23.323
 82   107.608 55083.64022918 36.69  95.043653  27.550962 23.323
 82   107.883 55083.64022982 36.25  95.042793  27.554252 23.323
 83   107.122 55118.64018840 45.17  95.044014  27.536244 26.280
 83   107.000 55118.64018905 55.17  95.043154  27.539534 26.280
 83   106.901 55118.64018969 50.95  95.042294  27.542824 26.280
 83   107.051 55118.64019033 50.17  95.041434  27.546124 26.280
 83   107.081 55118.64019098 44.88  95.040574  27.549414 26.280
 83   107.521 55118.64019162 45.48  95.039714  27.552704 26.280
 83   107.630 55118.64019227 47.31  95.038854  27.555994 26.280
 84   107.152 55153.64018448 40.02  95.044933  27.534982 24.167
 84   107.127 55153.64018513 51.18  95.044073  27.538282 24.167
 84   107.203 55153.64018577 51.14  95.043213  27.541562 24.167
 84   107.086 55153.64018642 44.45  95.042353  27.544862 24.167
 84   107.185 55153.64018706 44.44  95.041493  27.548152 24.167
 84   107.351 55153.64018770 42.95  95.040633  27.551442 24.167
 84   107.419 55153.64018835 47.66  95.039773  27.554732 24.167
 84   107.475 55153.64018899 45.29  95.038913  27.558022 24.167
 85   104.965 55188.64017670 30.93  95.042524  27.532756 18.583
 85   105.584 55188.64017734 35.80  95.041664  27.536056 18.583
 85   105.858 55188.64017799 42.36  95.040804  27.539346 18.583
 85   105.749 55188.64017863 47.63  95.039944  27.542636 18.583
 85   105.736 55188.64017928 47.41  95.039084  27.545926 18.583
 85   105.634 55188.64017992 39.76  95.038224  27.549216 18.583
 85   105.958 55188.64018057 40.38  95.037364  27.552506 18.583
 85   106.070 55188.64018121 40.21  95.036504  27.555796 18.583
 85   106.269 55188.64018186 47.91  95.035644  27.559086 18.583
 85   106.291 55188.64018250 38.10  95.034785  27.562368 35.995
 86   105.332 55223.64018399 31.17  95.044972  27.535521 25.358
 86   105.560 55223.64018463 45.92  95.044112  27.538801 25.358
 86   105.425 55223.64018528 51.02  95.043252  27.542091 25.358
 86   105.333 55223.64018592 51.45  95.042392  27.545381 25.358
 86   105.541 55223.64018657 46.57  95.041532  27.548681 25.358
 86   105.402 55223.64018721 34.36  95.040672  27.551971 25.358
 86   105.725 55223.64018786 39.35  95.039812  27.555261 25.358
 87   105.185 55258.64017242 31.50  95.045263  27.534065 17.580
 87   105.694 55258.64017306 42.55  95.044403  27.537355 17.580
 87   105.608 55258.64017371 48.20  95.043543  27.540655 17.580
 87   105.780 55258.64017435 52.59  95.042683  27.543945 17.580
 87   105.799 55258.64017499 46.58  95.041823  27.547235 17.580
 87   105.672 55258.64017564 41.17  95.040963  27.550525 17.580
 87   105.986 55258.64017628 40.94  95.040103  27.553815 17.580
 87   106.030 55258.64017693 39.77  95.039243  27.557105 17.580
 88   108.391 55293.64017140 38.56  95.046378  27.536733 27.014
 88   108.250 55293.64017205 36.31  95.045518  27.540023 27.014
 88   108.253 55293.64017269 38.07  95.044658  27.543313 27.014
 88   108.385 55293.64017334 43.82  95.043798  27.546603 27.014
 88   108.412 55293.64017398 45.05  95.042938  27.549893 27.014
 88   108.382 55293.64017463 45.07  95.042078  27.553183 27.014
 88   108.396 55293.64017527 49.92  95.041218  27.556473 27.014
 89   109.062 55328.64015626 36.68  95.042386  27.535073 23.163
 89   108.951 55328.64015691 29.19  95.041526  27.538373 23.163
 89   108.498 55328.64015755 31.24  95.040666  27.541663 23.163
 89   108.784 55328.64015820 29.62  95.039806  27.544953 23.163
 89   109.144 55328.64015884 35.55  95.038946  27.548243 23.163
 89   109.148 55328.64015949 33.40  95.038086  27.551533 23.163
 89   109.095 55328.64016013 37.18  95.037226  27.554823 23.163
 89   109.171 55328.64016077 42.74  95.036366  27.558113 23.163
 89   108.873 55328.64016142 33.90  95.035506  27.561403 23.163
 90   108.725 55363.64015089 43.81  95.046066  27.535601 27.590
 90   108.743 55363.64015153 45.00  95.045206  27.538881 27.590
 90   108.645 55363.64015218 43.90  95.044346  27.542181 27.590
 90   108.582 55363.64015282 46.73  95.043486  27.545471 27.590
 90   108.575 55363.64015347 45.78  95.042626  27.548761 27.590
 90   108.584 55363.64015411 47.05  95.041766  27.552051 27.590
 90   108.583 55363.64015476 48.65  95.040906  27.555341 27.590
 91   109.059 55398.64016026 32.96  95.042513  27.534916 20.390
 91   108.759 55398.64016091 33.59  95.041653  27.538216 20.390
 91   108.835 55398.64016155 35.56  95.040793  27.541506 20.390
 91   108.862 55398.64016220 36.38  95.039933  27.544796 20.390
 91   108.868 55398.64016284 38.32  95.039073  27.548086 20.390
 91   108.920 55398.64016348 41.71  95.038213  27.551376 20.390
 91   108.994 55398.64016413 42.48  95.037353  27.554666 20.390
 91   108.968 55398.64016477 40.88  95.036493  27.557956 20.390
 91   108.927 55398.64016542 44.65  95.035633  27.561246 20.390
 92   109.367 55433.64016668 48.91  95.047132  27.533874 27.488
 92   109.312 55433.64016733 44.71  95.046272  27.537164 27.488
 92   109.332 55433.64016797 44.08  95.045412  27.540454 27.488
 92   109.407 55433.64016862 45.91  95.044552  27.543744 27.488
 92   109.192 55433.64016926 46.88  95.043692  27.547034 27.488
 92   109.096 55433.64016991 45.84  95.042832  27.550324 27.488
 92   109.160 55433.64017055 50.35  95.041972  27.553614 27.488
 92   109.191 55433.64017120 46.31  95.041112  27.556904 27.488
 93   108.771 55468.64012354 43.50  95.048842  27.536712 25.893
 93   108.761 55468.64012418 48.02  95.047982  27.540002 25.893
 93   108.716 55468.64012483 47.94  95.047122  27.543292 25.893
 93   108.679 55468.64012547 47.66  95.046262  27.546572 25.893
 93   108.680 55468.64012612 48.07  95.045402  27.549872 25.893
 93   108.657 55468.64012676 44.86  95.044542  27.553162 25.893
 93   108.691 55468.64012741 49.93  95.043682  27.556452 25.893
