-164852.704  3061.301     0.00  113.74
-164476.661  3032.991   -75.29  131.76
-164100.635  3010.161   -60.72  157.45
-163724.626  2949.615  -161.05  140.99
-163348.634  2927.161   -59.73  106.60
-162972.660  2985.572   155.38  141.44
-162596.702  3095.417   292.22  160.48
-162220.761  3229.344   356.30  162.61
-161844.838  3380.352   401.75  177.34
-161468.931  3482.503   271.79  175.81
-161093.042  3609.429   337.72  159.50
-160717.169  3729.835   320.38  149.06
-160341.314  3820.935   242.41  143.23
-159965.475  3874.839   143.44   89.20
-159589.654  3888.161    35.45   71.32
-159213.850  3879.360   -23.42   73.33
-158838.062  3878.848    -1.36   75.35
-158462.292  3868.526   -27.47   87.80
-158086.538  3850.660   -47.55   99.34
-157710.802  3868.776    48.22   98.47
-157335.083  3852.539   -43.22  101.95
-156959.380  3804.127  -128.87  147.75
-156583.695  3696.801  -285.72  183.28
-156208.026  3596.149  -267.97  122.43
-155832.375  3619.072    61.03  123.84
-155456.740  3704.978   228.73  166.28
-155081.123  3792.592   233.29  142.46
-154705.522  3820.733    74.93  103.29
-154329.939  3811.526   -24.52  101.17
-153954.372  3766.049  -121.11   93.21
-153578.822  3703.585  -166.35  107.66
-153203.289  3632.481  -189.37  141.48
-152827.774  3553.660  -209.93  144.36
-152452.275  3506.971  -124.36  122.14
-152076.793  3548.290   110.06  180.93
-151701.328  3627.209   210.22  205.41
-151325.880  3676.481   131.25  154.67
-150950.448  3595.588  -215.50  197.97
-150575.034  3425.185  -453.96  252.71
-150199.637  3258.588  -443.85  197.07
-149824.256  3217.981  -108.19  171.65
-149448.893  3344.662   337.53  270.63
-149073.546  3573.344   609.33  253.33
-148698.216  3702.003   342.84  148.66
-148322.904  3725.485    62.57  132.29
-147947.608  3626.685  -263.29  183.66
-147572.328  3443.138  -489.16  205.45
-147197.066  3289.662  -409.03  202.34
-146821.821  3116.322  -462.00  207.04
-146446.592  2951.935  -438.15  175.67
-146071.381  2838.844  -301.44  170.33
-145696.186  2698.785  -373.34  157.33
-145321.008  2605.780  -247.93  149.53
-144945.847  2610.732    13.20  182.66
-144570.703  2708.988   261.95  277.35
-144195.576  2875.640   444.31  245.68
-143820.465  2941.514   175.64  169.62
-143445.372  2859.390  -218.97  222.02
-143070.295  2670.149  -504.60  218.49
-142695.235  2518.958  -403.16  187.03
-142320.192  2392.197  -338.03  133.06
-141945.165  2309.542  -220.42  112.27
-141570.156  2228.526  -216.06  123.48
-141195.163  2148.711  -212.87  126.36
-140820.187  2061.662  -232.17  122.41
-140445.228  1958.708  -274.61  123.32
-140070.286  1875.476  -222.01  125.81
-139695.360  1833.871  -110.98   91.33
-139320.451  1854.110    53.99  110.92
-138945.559  1948.185   250.97  155.85
-138570.684  2083.942   362.18  145.38
-138195.826  2186.453   273.50  138.19
-137820.984  2315.313   343.81  151.26
-137446.159  2419.057   276.81  158.08
-137071.351  2541.208   325.94  165.79
-136696.560  2596.635   147.91  186.79
-136321.786  2655.640   157.46  204.09
-135947.028  2721.807   176.58  216.01
-135572.287  2781.708   159.86  229.98
-135197.562  2847.026   174.33  222.81
-134822.855  2914.447   179.95  220.66
-134448.164  3027.481   301.71  216.85
-134073.490  3138.813   297.18  210.11
-133698.833  3237.231   262.72  180.38
-133324.192  3296.220   157.47  140.50
-132949.568  3257.406  -103.62  171.33
-132574.961  3114.639  -381.16  225.79
-132200.371  2913.466  -537.11  205.37
-131825.797  2738.481  -467.21  202.60
-131451.240  2587.813  -402.30  161.03
-131076.699  2475.390  -300.20  159.69
-130702.176  2347.572  -341.32  167.32
-130327.669  2273.708  -197.25  158.26
-129953.178  2166.049  -287.52  159.13
-129578.705  2064.580  -270.99  156.49
-129204.248  2014.594  -133.50  141.24
-128829.808  1962.198  -139.95  132.07
-128455.384  1961.958    -0.64  175.95
-128080.977  1980.731    50.15  196.49
-127706.587  1967.685   -34.85  184.21
-127332.214  1963.958    -9.96  178.08
-126957.857  1922.922  -109.63  198.39
-126583.516  1817.344  -282.07  215.20
-126209.193  1687.360  -347.29  197.25
-125834.886  1583.367  -277.86  178.45
-125460.595  1477.435  -283.05  134.28
-125086.322  1413.051  -172.04  102.71
-124712.065  1381.708   -83.76  113.15
-124337.824  1381.369    -0.90  109.05
-123963.600  1434.276   141.39  128.82
-123589.393  1495.104   162.57  136.51
-123215.203  1605.594   295.31  151.93
-122841.029  1734.406   344.29  146.19
-122466.871  1819.813   228.29  128.38
-122092.731  1890.753   189.63  145.04
-121718.607  1942.485   138.29  159.76
-121344.499  2034.094   244.90  139.93
-120970.408  2061.778    74.01  118.89
-120596.334  2004.104  -154.20  175.34
-120222.276  1871.732  -353.92  217.57
-119848.235  1733.019  -370.89  189.39
-119474.210  1674.231  -157.19  132.67
-119100.202  1687.235    34.77  141.25
-118726.210  1829.918   381.55  186.23
-118352.235  1962.336   354.12  150.02
-117978.277  1998.376    96.38  126.03
-117604.335  1924.094  -198.66  206.79
-117230.410  1788.585  -362.43  237.15
-116856.501  1618.003  -456.26  191.88
-116482.609  1505.563  -300.76  159.43
-116108.733  1408.852  -258.70  148.88
-115734.874  1307.412  -271.36  166.04
-115361.032  1172.197  -361.73  164.10
-114985.282  1079.844  -245.81  124.03
-114608.134  1042.588   -98.80   92.84
-114231.003  1073.412    81.74  128.73
-113853.889  1129.336   148.31  123.35
-113476.792  1142.267    34.29  104.52
-113099.711  1084.423  -153.41  124.34
-112722.648   994.249  -239.17  136.97
-112345.601   885.572  -288.26  144.34
-111968.571   792.360  -247.25  117.88
-111591.558   758.828   -88.95   87.16
-111214.561   727.140   -84.06   78.07
-110837.582   717.612   -25.28   71.08
-110460.619   757.776   106.56   97.57
-110083.673   813.135   146.88  108.61
-109706.744   902.003   235.79  103.42
-109329.831   961.801   158.67   69.90
-108952.935   961.150    -1.73   78.75
-108576.057   915.988  -119.84  113.91
-108199.194   836.608  -210.65  118.44
-107822.349   740.776  -254.32  122.86
-107445.520   667.685  -193.98  107.59
-107068.709   623.526  -117.20   79.62
-106691.913   628.799    13.99   89.96
-106315.135   686.149   152.22  136.24
-105938.373   798.458   298.12  160.96
-105561.629   901.560   273.69  147.70
-105184.900  1019.594   313.34  142.90
-104808.189  1123.499   275.85  138.67
-104431.494  1227.708   276.67  149.86
-104054.816  1355.822   340.14  147.95
-103678.155  1457.095   268.90  155.06
-103301.510  1556.185   263.11  141.78
-102924.883  1633.614   205.60  123.49
-102548.271  1673.867   106.89  115.04
-102171.677  1677.799    10.44  131.04
-101795.099  1693.060    40.53  129.54
-101418.538  1670.435   -60.09  130.46
-101041.994  1647.070   -62.06  137.00
-100665.466  1635.549   -30.60  157.27
-100288.955  1604.336   -82.91  168.00
 -99912.461  1626.755    59.55  156.03
 -99535.983  1667.253   107.58  136.37
 -99159.522  1749.916   219.60  146.53
 -98783.078  1905.890   414.37  207.61
 -98406.650  2023.233   311.75  167.50
 -98030.239  2038.026    39.30  165.94
 -97653.845  1963.041  -199.24  224.08
 -97277.467  1801.035  -430.47  215.90
 -96901.106  1676.344  -331.33  191.84
 -96524.762  1599.685  -203.71  163.10
 -96148.434  1586.140   -36.00  163.28
 -95772.123  1616.127    79.69  159.59
 -95395.828  1632.825    44.38  165.14
 -95019.550  1682.458   131.92  179.19
 -94643.289  1722.916   107.54  183.65
 -94267.044  1794.094   189.20  190.62
 -93890.816  1866.257   191.82  150.76
 -93514.605  1859.253   -18.62  145.76
 -93138.410  1772.552  -230.49  203.93
 -92762.232  1645.960  -336.55  203.00
 -92386.070  1518.344  -339.29  164.71
 -92009.925  1456.948  -163.24  136.02
 -91633.797  1465.208    21.96  130.31
 -91257.685  1532.801   179.73  141.62
 -90881.589  1606.344   195.56  138.15
 -90505.511  1683.458   205.06  114.56
 -90129.448  1698.890    41.04  112.34
 -89753.403  1617.594  -216.20  180.75
 -89377.374  1509.758  -286.80  218.10
 -89001.361  1361.117  -395.34  229.72
 -88625.365  1216.390  -384.95  220.69
 -88249.386  1093.335  -327.32  179.72
 -87873.423   995.617  -259.93  146.80
 -87497.477   919.764  -201.78  120.11
 -87121.547   928.390    22.95  125.64
 -86745.634   916.522   -31.57  137.20
 -86369.737   902.162   -38.20  148.42
 -85993.857   847.778  -144.70  151.32
 -85617.993   813.813   -90.37  111.08
 -85242.146   846.844    87.89  131.49
 -84866.316   942.636   254.90  151.19
 -84490.501  1054.429   297.49  143.45
 -84114.704  1110.662   149.65  114.98
 -83738.923  1125.880    40.50  107.72
 -83363.158  1092.185   -89.68  135.93
 -82987.410  1015.475  -204.17  157.06
 -82611.678   948.799  -177.47  134.36
 -82235.963   928.685   -53.54   97.40
 -81860.264   961.662    87.78  100.53
 -81484.582  1046.732   226.46  130.91
 -81108.917  1151.813   279.74  166.35
 -80733.267  1287.799   362.03  197.43
 -80357.635  1383.760   255.48  173.06
 -79982.018  1434.313   134.60  136.41
 -79606.418  1424.569   -25.94  161.99
 -79230.835  1378.161  -123.57  171.57
 -78855.268  1355.412   -60.58  145.61
 -78479.717  1396.839   110.32  164.26
 -78104.183  1514.776   314.07  201.41
 -77728.666  1603.233   235.58  181.31
 -77353.164  1691.522   235.14  144.63
 -76977.680  1765.423   196.83  149.68
 -76602.211  1824.172   156.48  125.11
 -76226.759  1806.844   -46.16  137.85
 -75851.324  1746.010  -162.05  164.72
 -75475.905  1631.935  -303.88  166.27
 -75100.502  1540.825  -242.72  153.73
 -74725.116  1510.757   -80.10  169.16
 -74349.746  1498.572   -32.46  198.79
 -73974.392  1522.429    63.56  184.20
 -73599.055  1564.003   110.77  195.17
 -73223.734  1561.828    -5.80  185.76
 -72848.430  1576.127    38.10  157.89
 -72473.142  1559.988   -43.01  164.38
 -72097.870  1528.758   -83.22  167.77
 -71722.615  1475.708  -141.38  164.62
 -71347.376  1434.310  -110.33  155.35
 -70972.154  1371.336  -167.84  148.13
 -70596.948  1272.313  -263.93  132.55
 -70221.758  1191.447  -215.55  161.68
 -69846.584  1058.828  -353.51  168.25
 -69471.427   923.835  -359.85  173.74
 -69096.287   788.072  -361.92  173.99
 -68721.162   659.785  -342.00  170.13
 -68346.054   515.161  -385.57  171.25
 -67970.962   365.685  -398.53  166.07
 -67595.887   244.319  -323.60  136.20
 -67220.828   188.267  -149.46   90.21
 -66845.785   198.051    26.09  105.86
 -66470.759   295.592   260.11  142.85
 -66095.749   393.051   259.90  121.60
 -65720.755   489.964   258.45  142.32
 -65345.777   602.661   300.56  143.16
 -64970.816   712.923   294.08  182.11
 -64595.871   840.988   341.57  190.89
 -64220.942   941.828   268.97  155.96
 -63846.030   962.231    54.42  135.61
 -63471.134   949.507   -33.94  147.27
 -63096.254   941.174   -22.23  152.08
 -62721.391   966.209    66.79  182.63
 -62346.543  1013.313   125.67  177.83
 -61971.712  1046.313    88.04  159.51
 -61596.898  1015.138   -83.18  147.69
 -61222.099   996.328   -50.19  130.93
 -60847.317   985.526   -28.82  162.34
 -60472.551   988.569     8.12  184.30
 -60097.801  1010.825    59.39  195.35
 -59723.068  1031.406    54.93  165.52
 -59348.351  1113.174   218.22  178.88
 -58973.650  1245.209   352.39  184.15
 -58598.965  1351.848   284.62  172.15
 -58224.297  1405.594   143.46  156.74
 -57849.644  1423.185    46.95  176.80
 -57475.008  1423.231     0.12  192.50
 -57100.388  1403.801   -51.87  201.11
 -56725.785  1399.423   -11.69  177.71
 -56351.197  1410.127    28.58  161.03
 -55976.626  1458.127   128.15  132.87
 -55602.071  1528.755   188.57  133.48
 -55227.532  1612.057   222.42  124.69
 -54853.009  1712.336   267.76  130.06
 -54478.503  1800.708   235.98  124.47
 -54104.013  1817.954    46.05  123.05
 -53729.539  1769.638  -129.03  175.96
 -53355.081  1614.708  -413.76  217.39
 -52980.639  1437.253  -473.94  194.48
 -52606.213  1298.778  -369.85  161.44
 -52231.804  1175.453  -329.40  142.56
 -51857.411  1081.290  -251.52  100.99
 -51483.034   995.313  -229.66  112.18
 -51108.673   898.336  -259.06  114.76
 -50734.328   823.522  -199.86  119.89
 -50359.999   742.313  -216.96  103.51
 -49985.687   674.057  -182.36   74.57
 -49611.390   621.895  -139.37   70.54
 -49237.110   568.947  -141.47   57.88
 -48862.846   524.081  -119.88   57.12
 -48488.598   488.406   -95.33   47.49
 -48114.366   468.127   -54.19   39.30
 -47740.150   465.447    -7.16   51.81
 -47365.951   476.072    28.39   67.19
 -46991.767   459.733   -43.67   78.36
 -46617.600   425.560   -91.33   70.11
 -46243.449   415.890   -25.85   63.26
 -45869.313   411.760   -11.04   57.74
 -45495.194   424.661    34.49   60.02
 -45121.091   441.376    44.68   62.19
 -44747.004   442.918     4.12   54.88
 -44372.933   424.778   -48.49   59.65
 -43998.879   418.885   -15.76   65.85
 -43624.840   407.503   -30.43   76.96
 -43250.817   391.466   -42.88   83.08
 -42876.811   372.233   -51.43   82.23
 -42502.820   325.871  -123.97   57.33
 -42128.846   295.114   -82.25   43.82
 -41754.887   267.231   -74.56   33.50
 -41380.945   246.501   -55.44   32.26
 -41007.019   232.458   -37.56   30.06
 -40633.108   215.173   -46.23   27.51
 -40259.214   204.011   -29.85   24.67
 -39882.952   195.988   -21.32   22.83
 -39505.848   190.393   -14.84   23.86
 -39128.760   191.003     1.62   30.39
 -38751.688   206.608    41.39   50.50
 -38374.633   244.429   100.31   78.13
 -37997.594   270.546    69.27   79.54
 -37620.572   268.755    -4.75   92.13
 -37243.566   245.367   -62.04  101.77
 -36866.576   213.712   -83.97   82.76
 -36489.602   187.503   -69.52   59.51
 -36112.644   163.685   -63.19   53.81
 -35735.703   163.592    -0.25   58.17
 -35358.779   156.161   -19.71   48.96
 -34981.870   152.506    -9.70   51.05
 -34604.978   167.072    38.65   59.35
 -34228.102   185.352    48.51   73.27
 -33851.242   204.918    51.92   83.59
 -33474.399   237.367    86.11   96.13
 -33097.571   247.257    26.25   93.57
 -32720.760   235.981   -29.93   91.62
 -32343.966   208.839   -72.03   85.95
 -31967.187   210.208     3.63   80.68
 -31590.425   201.708   -22.56   90.46
 -31213.679   211.895    27.04  106.15
 -30836.949   231.435    51.87  104.67
 -30460.236   235.290    10.23  102.52
 -30083.539   245.776    27.84   91.54
 -29706.858   277.760    84.91   84.67
 -29330.193   334.522   150.70   95.60
 -28953.544   380.174   121.21   87.04
 -28576.912   388.588    22.34   78.52
 -28200.295   349.844  -102.87  100.42
 -27823.695   278.890  -188.41  109.39
 -27447.112   208.988  -185.63   80.84
 -27070.544   157.569  -136.55   59.10
 -26693.993   136.871   -54.97   50.92
 -26317.457   115.890   -55.72   49.55
 -25940.938   104.738   -29.62   56.24
 -25564.436    82.981   -57.79   57.45
 -25187.949    51.376   -83.95   41.24
 -24811.478    30.732   -54.84   16.62
 -24435.024    23.476   -19.27    4.17
 -24058.586    21.510    -5.22    3.20
 -23682.164    20.162    -3.58    3.54
 -23305.758    18.480    -4.47    4.34
 -22929.368    16.918    -4.15    4.74
 -22552.995    14.526    -6.35    4.43
 -22176.637    12.708    -4.83    2.98
 -21800.296    11.481    -3.26    1.34
 -21423.971    10.738    -1.97    1.21
 -21047.662    10.140    -1.59    1.32
 -20671.369     9.453    -1.83    1.11
 -20295.092     9.057    -1.05    1.16
 -19918.832     8.400    -1.75    0.94
 -19542.587     8.080    -0.85    1.10
 -19166.359     7.390    -1.83    1.32
 -18790.147     7.172    -0.58    1.21
 -18413.950     6.732    -1.17    1.09
 -18037.770     6.276    -1.21    1.00
 -17661.606     6.267    -0.03    1.12
 -17285.458     6.117    -0.40    1.11
 -16909.327     6.238     0.32    1.27
 -16533.211     6.072    -0.44    1.13
 -16157.111     6.057    -0.04    1.11
 -15781.028     5.801    -0.68    0.98
 -15404.960     5.615    -0.49    0.91
 -15028.909     5.429    -0.50    0.94
 -14652.873     5.185    -0.65    0.82
 -14276.854     5.172    -0.03    0.91
 -13900.851     5.011    -0.43    0.99
 -13524.864     4.912    -0.26    0.99
 -13148.893     4.758    -0.41    1.03
 -12772.938     4.481    -0.74    1.00
 -12396.998     4.554     0.19    1.07
 -12021.075     4.458    -0.25    1.08
 -11645.168     4.522     0.17    1.15
 -11269.278     4.731     0.55    1.18
 -10893.403     5.072     0.91    1.20
 -10517.544     5.224     0.40    1.14
 -10141.701     5.344     0.32    1.29
  -9765.874     5.660     0.84    1.44
  -9390.063     5.918     0.69    2.07
  -9014.268     6.390     1.26    2.09
  -8638.489     6.610     0.59    2.00
  -8262.727     6.481    -0.34    1.96
  -7886.980     6.422    -0.16    1.18
  -7511.249     6.322    -0.27    1.42
  -7135.534     6.011    -0.83    1.66
  -6759.835     5.825    -0.50    1.58
  -6384.152     5.313    -1.36    1.72
  -6008.485     4.942    -0.99    1.45
  -5632.834     5.003     0.16    1.47
  -5257.199     4.929    -0.20    1.53
  -4881.580     4.895    -0.09    1.28
  -4505.977     4.150    -1.98    2.02
  -4130.390     3.734    -1.11    2.30
  -3754.819     3.776     0.11    2.33
  -3379.264     3.580    -0.52    2.40
  -3003.724     3.753     0.46    2.21
  -2628.201     2.895    -2.29    2.54
  -2252.694     1.708    -3.16    2.42
  -1877.202     0.708    -2.66    2.04
  -1501.727    -0.263    -2.59    0.22
  -1126.267    -0.315    -0.14    0.00
   -750.823    -0.315     0.00    0.00
   -375.396    -0.100     0.57    1.05
      0.016     0.243     0.92    1.50
    375.412     0.344     0.27    1.44
    750.792     0.753     1.09    2.11
   1126.156     1.758     2.68    2.68
   1501.505     2.328     1.52    2.65
   1876.837     2.522     0.52    2.84
   2252.153     3.328     2.15    2.77
   2627.454     3.257    -0.19    2.59
   3002.739     3.535     0.74    2.76
   3378.008     4.094     1.49    2.55
   3753.261     4.485     1.04    2.78
   4128.498     4.447    -0.10    2.83
   4503.719     4.197    -0.67    2.86
   4878.924     3.923    -0.73    3.16
   5254.114     2.546    -3.67    3.00
   5629.287     1.804    -1.98    2.96
   6004.445     1.471    -0.89    3.95
   6379.587     2.185     1.90    3.95
   6754.713     3.708     4.06    4.13
   7129.823     4.804     2.92    3.91
   7504.918     5.360     1.48    1.71
   7879.996     5.267    -0.25    2.14
   8255.059     4.783    -1.29    2.06
   8630.106     4.542    -0.64    1.93
   9005.137     4.822     0.74    2.40
   9380.153     5.519     1.86    2.14
   9755.152     5.844     0.87    2.23
  10130.136     5.918     0.20    2.02
  10505.104     5.304    -1.64    1.72
  10880.056     4.900    -1.08    1.82
  11254.992     3.964    -2.49    1.76
  11629.913     3.895    -0.19    2.05
  12004.817     3.615    -0.74    2.26
  12379.706     3.453    -0.43    2.18
  12754.579     3.453     0.00    2.38
  13129.437     3.376    -0.21    2.17
  13504.278     3.590     0.57    2.12
  13879.104     4.197     1.62    2.15
  14253.914     4.615     1.12    2.03
  14628.709     4.732     0.31    2.37
  15003.487     4.971     0.64    2.54
  15378.250     4.376    -1.59    2.70
  15752.997     4.495     0.32    2.54
  16127.728     4.066    -1.14    2.20
  16502.444     3.522    -1.45    1.82
  16877.144     4.336     2.17    2.28
  17251.828     4.685     0.93    2.32
  17626.496     3.848    -2.23    2.38
  18001.149     3.209    -1.71    2.22
  18375.785     2.499    -1.89    1.79
  18750.407     2.336    -0.43    1.90
  19125.012     2.615     0.74    1.88
  19499.602     2.804     0.50    1.88
  19874.176     2.522    -0.75    2.18
  20248.734     2.233    -0.77    2.15
  20623.277     1.785    -1.20    2.37
  20997.804     1.253    -1.42    2.63
  21372.315     0.910    -0.92    2.65
  21746.811     1.185     0.73    3.06
  22121.290     2.019     2.23    4.34
  22495.755     3.639     4.33    5.79
  22870.203     4.733     2.92    5.27
  23244.636     5.985     3.34    4.08
  23619.053     5.094    -2.38    3.66
  23993.455     3.100    -5.33    3.69
  24367.840     1.566    -4.10    3.49
  24742.211     0.267    -3.47    2.07
  25116.565     0.209    -0.15    1.57
  25490.904     0.322     0.30    1.62
  25865.227     0.454     0.35    1.95
  26239.535     1.162     1.89    2.32
  26613.827     1.778     1.65    2.48
  26988.103     1.639    -0.37    2.84
  27362.364     1.471    -0.45    2.93
  27736.609     1.121    -0.93    2.92
  28110.838     1.049    -0.19    2.90
  28485.052     0.813    -0.63    2.34
  28859.250     0.900     0.23    2.11
  29233.433     0.890    -0.03    2.26
  29607.600     0.542    -0.93    2.32
  29981.751    -0.247    -2.11    2.13
  30355.887    -0.604    -0.96    2.00
  30730.007    -0.065     1.44    1.97
  31104.112     0.590     1.75    1.83
  31478.201     0.778     0.50    2.21
  31852.274    -0.386    -3.11    2.59
  32226.332    -0.765    -1.01    2.37
  32600.374    -0.974    -0.56    2.42
  32974.401    -0.315     1.76    2.88
  33348.412    -0.478    -0.44    2.92
  33722.407    -0.733    -0.68    2.74
  34096.387    -1.458    -1.94    2.61
  34470.352    -2.386    -2.48    1.90
  34844.301    -2.440    -0.14    1.76
  35221.063    -2.201     0.63    1.92
  35598.122    -2.015     0.49    2.27
  35975.166    -1.529     1.29    2.72
  36352.193    -1.696    -0.44    2.50
  36729.205    -1.973    -0.74    1.97
  37106.201    -1.928     0.12    2.17
  37483.182    -2.190    -0.69    2.26
  37860.146    -2.617    -1.13    2.24
  38237.095    -3.292    -1.79    2.14
  38614.028    -3.754    -1.23    2.00
  38990.945    -4.129    -0.99    1.78
  39367.846    -3.990     0.37    1.87
  39744.732    -2.720     3.37    3.00
  40121.602    -1.577     3.03    3.12
  40498.456    -0.624     2.53    2.65
  40875.294    -1.029    -1.07    2.36
  41252.116    -1.365    -0.89    2.19
  41628.923    -1.678    -0.83    2.43
  42005.714    -0.815     2.29    2.95
  42382.489    -0.910    -0.25    2.93
  42759.248    -0.850     0.16    2.81
  43135.992    -0.510     0.90    2.62
  43512.720    -1.315    -2.14    2.52
  43889.432    -1.193     0.32    2.52
  44266.128    -1.529    -0.89    2.75
  44642.809    -2.338    -2.15    2.37
  45019.474    -2.362    -0.06    2.39
  45396.123    -2.220     0.38    2.34
  45772.757    -1.339     2.34    2.50
  46149.375    -1.339     0.00    2.44
  46525.977    -1.534    -0.52    2.62
  46902.563    -1.199     0.89    2.59
  47279.134    -1.791    -1.57    2.20
  47655.689    -2.029    -0.63    2.06
  48032.228    -2.029     0.00    2.09
  48408.752    -2.290    -0.69    1.85
  48785.259    -2.315    -0.06    1.75
  49161.752    -2.547    -0.62    1.70
  49538.228    -2.791    -0.65    1.74
  49914.689    -3.005    -0.57    1.85
  50291.134    -3.687    -1.81    2.42
  50667.563    -4.640    -2.53    2.70
  51043.977    -5.958    -3.50    2.77
  51420.375    -6.896    -2.49    2.07
  51796.758    -7.053    -0.42    2.16
  52173.125    -6.386     1.77    2.56
  52549.476    -5.339     2.78    2.57
  52925.811    -4.648     1.83    2.30
  53302.131    -4.687    -0.10    2.25
  53678.435    -5.175    -1.30    2.25
  54054.724    -5.733    -1.48    2.14
  54430.997    -5.687     0.12    2.61
  54807.254    -6.082    -1.05    2.61
  55183.496    -5.862     0.58    2.92
  55559.722    -5.767     0.25    3.12
  55935.932    -5.243     1.39    3.62
  56312.127    -3.989     3.33    3.42
  56688.307    -3.757     0.62    3.69
  57064.470    -4.148    -1.04    3.84
  57440.618    -5.362    -3.23    3.55
  57816.751    -5.687    -0.86    3.00
  58192.867    -6.268    -1.55    2.31
  58568.969    -6.565    -0.79    2.37
  58945.054    -7.245    -1.81    1.92
  59321.124    -7.919    -1.79    1.51
  59697.179    -8.242    -0.86    1.08
  60073.218    -8.152     0.24    1.53
  60449.241    -8.036     0.31    1.55
  60825.249    -7.292     1.98    2.39
  61201.241    -7.361    -0.18    2.17
  61577.218    -7.431    -0.19    2.14
  61953.179    -7.315     0.31    2.04
  62329.124    -7.193     0.32    1.90
  62705.054    -5.989     3.20    3.15
  63080.968    -5.428     1.49    3.35
  63456.867    -4.220     3.22    3.25
  63832.751    -3.906     0.83    3.34
  64208.618    -4.696    -2.10    3.22
  64584.471    -5.339    -1.71    2.64
  64960.307    -6.245    -2.41    2.52
  65336.129    -6.873    -1.67    2.24
  65711.934    -7.524    -1.73    2.09
  66087.724    -7.105     1.11    3.14
  66463.499    -6.648     1.22    3.36
  66839.258    -5.105     4.11    4.35
  67215.002    -4.966     0.37    4.30
  67590.730    -5.547    -1.55    4.03
  67966.443    -5.815    -0.71    3.93
  68342.140    -6.696    -2.34    2.52
  68717.822    -5.524     3.12    3.19
  69093.488    -4.290     3.29    3.33
  69469.138    -4.172     0.31    3.15
  69844.774    -4.900    -1.94    3.35
  70220.393    -5.577    -1.80    3.30
  70595.998    -5.886    -0.82    2.93
  70971.586    -7.071    -3.15    2.42
  71347.160    -6.943     0.34    2.83
  71722.718    -7.084    -0.38    3.07
  72098.260    -7.338    -0.68    2.79
  72473.787    -6.958     1.01    2.51
  72849.299    -7.222    -0.70    1.94
  73224.795    -6.791     1.15    2.07
  73600.275    -5.915     2.33    2.52
  73975.741    -5.269     1.72    2.51
  74351.190    -5.046     0.59    3.18
  74726.625    -4.553     1.31    3.34
  75102.044    -4.105     1.19    3.21
  75477.447    -3.681     1.13    2.99
  75852.835    -3.406     0.73    2.67
  76228.208    -2.725     1.81    3.20
  76603.565    -2.247     1.27    3.63
  76978.907    -2.152     0.25    3.87
  77354.233    -2.803    -1.73    3.83
  77729.544    -3.519    -1.91    3.02
  78104.840    -4.052    -1.42    2.55
  78480.120    -3.292     2.02    2.01
  78855.385    -2.940     0.94    1.78
  79230.635    -1.966     2.60    2.47
  79605.869    -0.408     4.15    2.47
  79981.087     0.172     1.55    2.64
  80356.291     0.344     0.46    2.54
  80731.479     0.975     1.68    2.20
  81106.651     0.912    -0.17    2.12
  81481.809     0.639    -0.73    1.80
  81856.951     0.429    -0.56    1.69
  82232.077     0.753     0.86    1.84
  82607.188     1.634     2.35    2.22
  82982.284     2.458     2.20    2.36
  83357.365     3.051     1.58    2.97
  83732.430     2.336    -1.91    3.22
  84107.480     1.417    -2.45    3.30
  84482.514     0.385    -2.75    3.55
  84857.533    -0.633    -2.71    2.99
  85232.537    -0.815    -0.48    3.11
  85607.526    -0.648     0.44    2.83
  85982.499    -0.757    -0.29    2.37
  86357.457    -0.505     0.67    2.50
  86732.399     0.114     1.65    2.67
  87107.327     1.762     4.40    3.58
  87482.238     3.867     5.61    4.18
  87857.135     6.344     6.61    3.63
  88232.017     8.376     5.42    3.31
  88606.883    10.804     6.48    4.25
  88981.733    13.661     7.62    5.09
  89356.569    17.290     9.68    5.28
  89731.389    22.344    13.48    8.21
  90106.194    25.614     8.72    5.78
  90480.984    32.150    17.44   11.18
  90855.758    34.871     7.26    9.20
  91230.517    40.758    15.71   11.12
  91605.261    43.400     7.05   10.64
  91979.990    56.614    35.26   26.63
  92354.703    84.138    73.45   54.45
  92729.401   135.923   138.20   85.19
  93104.084   203.566   180.52  101.12
  93478.752   270.243   177.95  112.31
  93853.404   370.549   267.71  155.03
  94228.042   441.755   190.05  174.05
  94602.663   533.209   244.10  162.43
  94977.270   584.905   137.99  136.38
  95351.862   600.173    40.76  103.94
  95726.438   586.429   -36.69   73.39
  96100.999   547.594  -103.67   67.76
  96475.545   503.280  -118.30   75.35
  96850.075   460.117  -115.24   77.82
  97224.591   416.995  -115.13   88.19
  97599.091   378.051  -103.98   94.90
  97973.576   357.734   -54.25   87.79
  98348.046   312.453  -120.91   87.33
  98722.501   275.566   -98.50   80.42
  99096.940   227.755  -127.68   70.65
  99471.364   189.685  -101.67   53.85
  99845.773   164.209   -68.04   33.60
 100220.167   156.222   -21.33   29.31
 100594.546   162.569    16.95   36.34
 100968.910   188.246    68.58   69.48
 101343.258   230.757   113.55  101.47
 101717.591   286.804   149.71  118.06
 102091.909   335.785   130.84  125.45
 102466.212   358.617    60.99  122.72
 102840.500   385.788    72.59  112.71
 103214.773   441.174   147.97  112.53
 103589.030   485.780   119.18   90.63
 103963.273   509.918    64.49   78.44
 104337.500   522.615    33.93   90.95
 104711.712   509.606   -34.76   86.86
 105085.909   486.776   -61.01   78.84
 105460.091   471.110   -41.86   83.27
 105834.257   423.852  -126.29   94.82
 106208.409   358.220  -175.40   84.77
 106582.545   310.044  -128.75   68.95
 106956.667   280.662   -78.53   59.68
 107330.773   271.764   -23.78   69.74
 107704.864   272.822     2.83   83.61
 108078.940   282.383    25.56   93.11
 108453.001   287.848    14.61   90.81
 108827.047   273.825   -37.49   74.41
 109201.078   273.737    -0.24   68.43
 109575.094   279.003    14.08   56.60
 109949.313   279.935     2.49   47.11
 110326.342   297.995    47.90   58.11
 110703.355   331.923    89.98   60.36
 111080.353   375.832   116.46   74.55
 111457.336   424.708   129.64   86.82
 111834.303   468.501   116.16   76.79
 112211.255   481.900    35.54   79.97
 112588.191   486.290    11.65   96.07
 112965.113   494.495    21.77   97.12
 113342.019   524.322    79.13  101.79
 113718.909   539.275    39.67  108.28
 114095.785   574.519    93.51  114.57
 114472.645   619.709   119.90  127.07
 114849.490   657.257    99.63  110.69
 115226.319   683.614    69.94   90.98
 115603.133   673.710   -26.28   95.93
 115979.932   628.117  -120.99  100.54
 116356.716   588.960  -103.91   87.56
 116733.485   575.783   -34.97   78.84
 117110.238   581.423    14.97  100.80
 117486.976   614.295    87.25   99.95
 117863.698   635.912    57.38  107.14
 118240.405   659.810    63.43  102.08
 118617.098   692.243    86.09   88.05
 118993.774   704.780    33.28  100.57
 119370.436   727.441    60.16  135.69
 119747.082   737.383    26.39  165.44
 120123.713   755.635    48.46  177.33
 120500.329   771.900    43.18  172.26
 120876.930   777.685    15.36  168.76
 121253.515   797.876    53.61  144.29
 121630.085   793.900   -10.56  136.21
 122006.640   759.280   -91.93  134.50
 122383.180   700.100  -157.15  142.20
 122759.705   631.828  -181.30  117.07
 123136.214   594.780   -98.39  103.78
 123512.708   599.019    11.26  112.00
 123889.187   613.185    37.63   96.98
 124265.651   615.780     6.89   86.41
 124642.099   597.042   -49.77   77.52
 125018.532   554.615  -112.70   79.57
 125394.950   523.776   -81.92   73.68
 125771.353   540.376    44.10   95.50
 126147.741   568.708    75.27  122.22
 126524.114   626.081   152.42  147.01
 126900.471   669.441   115.20  148.23
 127276.813   719.185   132.16  161.61
 127653.140   745.918    71.03  147.22
 128029.452   770.988    66.61  138.71
 128405.749   806.526    94.43  124.11
 128782.031   833.964    72.91  117.26
 129158.297   871.876   100.75  113.25
 129534.548   908.149    96.40   97.79
 129910.784   935.453    72.56   63.22
 130287.005   906.778   -76.21   80.39
 130663.211   848.243  -155.58  112.27
 131039.402   783.801  -171.28  109.87
 131415.577   708.313  -200.65   94.99
 131791.738   670.947   -99.32   87.24
 132167.883   686.590    41.58  100.27
 132544.013   723.383    97.81  111.52
 132920.129   758.042    92.14  108.11
 133296.229   771.685    36.27  101.09
 133672.313   750.832   -55.44   88.36
 134048.383   716.100   -92.34   91.80
 134424.438   671.104  -119.64   85.87
 134800.477   606.328  -172.24   86.43
 135176.502   535.685  -187.85   88.41
 135552.511   500.081   -94.68   68.06
 135928.506   497.051    -8.06   55.37
 136304.485   538.197   109.43   76.20
 136680.449   608.923   188.10   89.01
 137056.398   664.441   147.66   76.11
 137432.332   684.876    54.35   56.41
 137808.251   660.566   -64.66   73.48
 138184.155   607.856  -140.21   78.61
 138560.044   542.495  -173.86   87.54
 138935.917   489.480  -141.03   70.74
 139311.776   468.104   -56.87   72.54
 139687.620   460.124   -21.23   69.15
 140063.448   471.615    30.57   77.81
 140439.262   514.138   113.13  116.34
 140815.060   570.106   148.92  120.41
 141190.844   618.981   130.05  124.66
 141566.612   692.246   194.95  128.90
 141942.366   735.563   115.27  124.03
 142318.104   789.590   143.77  111.07
 142693.828   811.197    57.50   99.82
 143069.536   823.162    31.84  107.17
 143445.229   851.403    75.16  104.13
 143820.908   865.895    38.57  106.65
 144196.571   918.662   140.45  117.81
 144572.219   966.104   126.28  122.15
 144947.853  1040.731   198.65  122.62
 145323.471  1098.343   153.36  112.84
 145699.075  1123.253    66.31  109.52
 146074.663  1170.510   125.81  121.08
 146450.236  1207.549    98.61  138.03
 146825.795  1289.400   217.92  152.56
 147201.338  1383.685   251.03  139.34
 147576.867  1435.617   138.27   98.67
 147952.380  1435.557    -0.16   86.11
 148327.879  1373.066  -166.40  114.56
 148703.362  1307.481  -174.65  116.49
 149078.831  1250.610  -151.45  125.26
 149454.285  1198.617  -138.46  145.49
 149829.723  1154.738  -116.86  166.45
 150205.147  1124.964   -79.30  178.22
 150580.556  1118.034   -18.46  165.24
 150955.950  1104.471   -36.13  134.63
 151331.329  1078.895   -68.13  125.90
 151706.693  1051.275   -73.57  115.55
 152082.042  1034.912   -43.59  127.19
 152457.376  1041.441    17.39  131.92
 152832.695  1036.090   -14.26  139.81
 153207.999  1009.832   -69.96  132.82
 153583.289   993.588   -43.28  105.50
 153958.563  1031.617   101.32  121.98
 154333.823  1109.960   208.74  130.04
 154709.068  1224.804   306.01  140.64
 155084.297  1324.755   266.34  125.05
 155459.512  1407.685   220.99  118.93
 155834.712  1481.471   196.63  126.49
 156209.897  1569.149   233.66  140.86
 156585.068  1647.590   209.06  118.50
 156960.223  1678.971    83.64   95.52
 157335.364  1641.499   -99.87  108.92
 157710.489  1557.233  -224.61  118.36
 158085.600  1479.066  -208.36  121.20
 158460.696  1409.400  -185.71  120.14
 158835.777  1377.400   -85.30  121.52
 159210.843  1399.066    57.76  132.28
 159585.894  1466.471   179.70  136.35
 159960.931  1547.876   217.03  108.76
 160335.952  1583.871    95.97   76.56
 160710.959  1551.662   -85.88  111.99
 161085.951  1474.328  -206.20  122.92
 161460.928  1394.635  -212.50  104.80
 161835.890  1354.328  -107.48   98.14
 162210.837  1340.220   -37.62  101.85
 162585.770  1319.546   -55.13   91.69
 162960.688  1300.876   -49.79   88.12
 163335.591  1280.708   -53.79   81.03
 163710.479  1290.304    25.59   83.75
 164085.352  1332.758   113.23   87.89
 164460.210  1358.441    68.50   82.11
 164835.054  1380.563    59.01   83.20
 165209.883  1410.661    80.29   88.31
 165584.697  1445.090    91.84   93.74
 165959.496  1476.336    83.36   92.14
 166334.281  1513.138    98.18  103.09
 166709.051  1578.480   174.33  121.21
 167083.805  1647.003   182.82  118.52
 167458.546  1708.758   164.77   90.39
 167833.271  1736.947    75.21   86.47
 168207.982  1746.590    25.73   90.88
 168582.677  1713.760   -87.61   94.55
 168957.358  1666.458  -126.23  105.21
 169332.025  1608.813  -153.83   99.54
 169706.676  1552.429  -150.48  101.82
 170081.313  1479.546  -194.52  106.42
 170455.935  1415.267  -171.56  122.60
 170830.542  1309.208  -283.08  131.97
 171205.135  1251.475  -154.10   98.26
 171579.713  1240.094   -30.38   88.70
 171954.276  1270.460    81.06  100.33
 172328.824  1336.094   175.21  117.38
 172703.358  1420.447   225.19  135.82
 173077.876  1477.019   151.03  111.91
 173452.381  1480.617     9.61  121.56
 173826.870  1455.159   -67.97  138.04
 174201.345  1375.929  -211.55  141.85
 174575.805  1339.941   -96.09  128.40
 174950.250  1343.807    10.32  105.36
 175324.681  1351.435    20.37  111.27
 175699.096  1353.865     6.49  112.17
 176073.498  1319.971   -90.52  117.60
 176447.884  1263.090  -151.91   93.90
 176822.256  1208.400  -146.07  100.06
 177196.613  1158.304  -133.80   94.70
 177570.955  1128.685   -79.11  102.80
 177945.283  1101.352   -73.01  133.40
 178319.596  1105.635    11.44  146.47
 178693.895  1078.100   -73.55  130.67
 179068.178  1044.947   -88.56  124.41
 179442.447  1023.590   -57.06  110.60
 179816.702   999.783   -63.60   93.15
 180190.942  1000.662     2.35  100.76
 180565.167  1012.280    31.04  115.04
 180939.377  1005.042   -19.34  116.56
 181313.573   978.328   -71.38  101.33
 181687.754   975.127    -8.55   94.64
 182061.920   992.336    45.99  109.29
 182436.072   994.197     4.97  111.94
 182810.210   981.471   -34.01  107.82
 183184.332   964.034   -46.60   92.41
 183558.440   961.542    -6.66   99.83
 183932.533   979.090    46.90  125.11
 184306.612  1018.304   104.81  142.97
 184680.676  1041.246    61.32  146.60
 185055.458  1035.344   -15.75  134.91
 185432.450  1028.495   -18.16  134.48
 185809.427  1007.042   -56.90  127.20
 186186.389  1023.978    44.92  151.32
 186563.336  1039.042    39.96  144.97
 186940.268  1029.344   -25.73  121.12
 187317.186  1015.328   -37.18  106.58
 187694.088  1020.978    14.99   99.31
 188070.976  1041.185    53.61  139.55
 188447.849  1066.732    67.78  144.20
 188824.707  1064.222    -6.66  129.69
 189201.551  1047.209   -45.14  121.41
 189578.379  1062.519    40.62   94.88
 189955.193  1086.560    63.79  122.12
 190331.992  1146.941   160.22  129.08
 190708.776  1204.352   152.35  119.52
 191085.545  1211.923    20.09  132.97
 191462.300  1174.661   -98.89  142.46
 191839.040  1103.918  -187.75  153.65
 192215.765  1035.542  -181.47  124.18
 192592.475  1009.275   -69.72   94.88
 192969.170  1046.435    98.63  110.50
 193345.851  1127.124   214.18  127.45
 193722.516  1198.081   188.35  130.54
 194099.167  1275.685   206.01  131.44
 194475.804  1350.580   198.82  109.33
 194852.425  1405.935   146.96   97.43
 195229.032  1443.860   100.69   94.24
 195605.624  1443.519    -0.91  130.58
 195982.201  1385.856  -153.10  157.01
 196358.764  1322.249  -168.89  140.08
 196735.311  1290.935   -83.15  131.55
 197111.844  1276.608   -38.04  134.65
 197488.363  1271.971   -12.31  139.80
 197864.866  1245.313   -70.79  138.30
 198241.355  1180.160  -173.03  132.99
 198617.829  1081.003  -263.34  136.28
 198994.288  1007.922  -194.10  113.52
 199370.733   983.753   -64.19  110.71
 199747.163   980.423    -8.85  117.85
 200123.578  1015.233    92.46  118.84
 200499.978  1016.072     2.23  109.19
 200876.364   986.343   -78.97  121.28
 201252.735   936.140  -133.37  124.23
 201629.091   881.638  -144.79  136.71
 202005.433   867.522   -37.50  145.24
 202381.760   875.328    20.74  130.75
 202758.072   860.890   -38.36  128.85
 203134.370   863.981     8.21  137.94
 203510.653   857.070   -18.36  140.38
 203886.921   829.638   -72.89  133.52
 204263.175   809.758   -52.83  127.23
 204639.413   784.807   -66.31  115.44
 205015.638   757.481   -72.62   90.90
 205391.847   758.685     3.20   88.37
 205768.042   784.780    69.35  101.43
 206144.222   818.057    88.45  117.74
 206520.388   829.027    29.16  109.33
 206896.539   860.290    83.10  110.92
 207272.675   881.608    56.67   93.13
 207648.797   909.828    75.02   93.94
 208024.904   938.709    76.78   98.93
 208400.996   978.257   105.14  112.18
 208777.074  1032.138   143.25   98.78
 209153.137  1094.485   165.76   94.85
 209529.185  1148.295   143.07  103.80
 209905.219  1195.660   125.94   96.34
 210281.238  1241.758   122.57   86.25
 210657.243  1273.685    84.90   89.67
 211033.233  1304.661    82.37   90.15
 211409.208  1323.019    48.82   97.83
 211785.169  1336.161    34.95  108.50
 212161.115  1329.542   -17.60  115.92
 212537.047  1330.732     3.16  129.14
 212912.964  1350.757    53.26  135.73
 213288.866  1377.197    70.33  160.61
 213664.754  1442.988   175.00  165.49
 214040.627  1475.344    86.07  141.75
 214416.486  1470.160   -13.79  128.26
 214792.330  1431.173  -103.71  134.56
 215168.160  1399.732   -83.64  140.18
 215543.975  1384.049   -41.72  166.17
 215919.775  1385.161     2.96  160.37
 216295.561  1372.104   -34.74  145.60
 216671.332  1320.368  -137.65  113.18
 217047.089  1260.423  -159.50  100.56
 217422.831  1229.441   -82.44  112.30
 217798.559  1195.185   -91.16  121.50
 218174.272  1191.173   -10.68  156.55
 218549.970  1206.138    39.82  145.12
 218925.654  1243.149    98.50  150.20
 219301.324  1300.304   152.12  134.35
 219676.978  1345.060   119.12   92.84
 220052.619  1350.542    14.59   64.51
 220428.245  1312.209  -102.03   72.90
 220803.856  1257.174  -146.50   80.31
 221179.453  1201.685  -147.71   88.66
 221555.035  1150.224  -136.99   80.46
 221930.603  1107.140  -114.70   85.73
 222306.157  1064.100  -114.58   76.09
 222681.695  1008.400  -148.29   94.86
 223057.220   933.075  -200.55  115.80
 223432.730   858.238  -199.26  114.36
 223808.225   817.208  -109.25   98.16
 224183.706   811.275   -15.80   93.26
 224559.172   858.995   127.07  124.47
 224934.624   943.243   224.35  129.89
 225310.061  1004.335   162.69  113.52
 225685.484  1029.458    66.91  126.79
 226060.893  1017.326   -32.31  126.63
 226436.287   983.572   -89.90  142.47
 226811.666   974.066   -25.32  145.79
 227187.031   940.257   -90.05  137.76
 227562.382   927.003   -35.30  134.28
 227937.718   903.454   -62.73  117.29
 228313.040   896.003   -19.85  102.72
 228688.347   891.711   -11.44   91.00
 229063.640   909.871    48.38  111.21
 229438.919   919.447    25.51  116.59
 229814.183   929.301    26.25  122.58
 230189.432   955.685    70.30  129.91
 230564.667   988.212    86.67  128.32
 230939.888  1050.393   165.69  116.87
 231315.094  1073.590    61.81   92.65
 231690.286  1050.002   -62.86   97.98
 232065.464  1032.453   -46.77   87.83
 232440.627  1044.916    33.21   82.50
 232815.775  1056.685    31.37   76.36
 233190.909  1042.280   -38.39   91.75
 233566.029  1013.709   -76.15   92.60
 233941.135  1005.733   -21.26   86.54
 234316.226  1013.160    19.80   79.65
 234691.302  1008.002   -13.75   86.54
 235066.365   985.075   -61.12   92.69
 235441.413   944.090  -109.26   69.58
 235816.446   921.661   -59.79   78.10
 236191.465   922.400     1.97   77.21
 236566.470   922.852     1.21   92.88
 236941.460   944.197    56.91  118.35
 237316.436   962.114    47.77   95.06
 237691.398   956.735   -14.34   89.68
 238066.345   907.734  -130.66   86.76
 238441.278   855.267  -139.91   66.74
 238816.197   836.243   -50.73   66.01
 239191.101   828.042   -21.87   70.18
 239565.991   826.295    -4.66   87.70
 239940.867   817.542   -23.34   84.16
 240315.728   803.757   -36.77   73.33
 240690.575   791.019   -33.98   72.84
 241065.408   776.758   -38.04   63.72
 241440.226   773.352    -9.09   53.26
 241815.030   765.710   -20.39   44.25
 242189.819   776.135    27.81   46.18
 242564.595   780.257    10.99   51.51
 242939.356   779.890    -0.98   61.91
 243314.102   789.900    26.70   76.05
 243688.835   809.995    53.62   82.04
 244063.553   834.127    64.39   81.57
 244438.257   852.971    50.28   80.17
 244812.946   860.764    20.80   85.36
 245187.621   857.049    -9.91   90.46
 245562.282   850.685   -16.98   87.16
 245936.929   858.828    21.73   93.74
 246311.561   873.734    39.78   98.32
 246686.179   896.044    59.54   97.31
 247060.783   918.981    61.22   98.74
 247435.373   929.634    28.43  104.68
 247809.948   931.495     4.97  119.68
 248184.509   915.662   -42.26  127.66
 248559.056   882.260   -89.16  113.98
 248933.588   850.549   -84.65   87.23
 249308.106   825.975   -65.60   66.41
 249682.610   819.941   -16.11   61.22
 250057.100   821.941     5.34   49.84
 250431.576   813.328   -23.00   39.13
 250806.037   816.804     9.28   36.03
 251180.484   841.660    66.37   65.23
 251554.917   893.895   139.47  102.33
 251929.335   953.660   159.59  104.51
 252303.740  1020.393   178.20   91.81
 252678.130  1049.852    78.67   83.38
 253052.506  1080.441    81.69   80.15
 253426.867  1096.352    42.49   91.71
 253801.215  1129.453    88.40   91.07
 254175.548  1166.035    97.71   80.70
 254549.867  1191.417    67.79   87.87
 254924.172  1234.590   115.32   81.65
 255298.463  1249.995    41.15   81.86
 255672.739  1263.569    36.26   79.25
 256047.001  1244.804   -50.13   95.67
 256421.249  1217.417   -73.16  110.97
 256795.483  1183.295   -91.16  116.66
 257169.703  1137.566  -122.17  117.35
 257543.909  1113.566   -64.12  108.99
 257918.100  1077.519   -96.32   81.04
 258292.277  1072.612   -13.11   69.08
 258666.440  1089.566    45.30   73.32
 259040.589  1117.051    73.44   76.09
 259414.724  1138.304    56.79   86.54
 259788.844  1157.275    50.70   89.73
 260164.184  1157.313     0.10   89.45
 260541.128  1155.905    -3.74   81.97
 260918.058  1165.471    25.37   77.77
 261294.973  1177.733    32.53   80.37
 261671.874  1189.133    30.24   84.49
 262048.760  1219.935    81.71   89.18
 262425.632  1235.466    41.20   93.48
 262802.490  1258.929    62.25   98.15
 263179.333  1275.783    44.71   99.33
 263556.162  1294.527    49.73   96.44
 263932.977  1328.276    89.54  119.41
 264309.777  1353.660    67.35  121.57
 264686.563  1393.734   106.34  126.90
 265063.335  1417.590    63.30  123.92
 265440.092  1435.583    47.75  123.47
 265816.835  1468.594    87.61  129.53
 266193.564  1485.044    43.66  123.16
 266570.278  1513.257    74.88  133.77
 266946.978  1535.522    59.09  132.02
 267323.664  1563.733    74.88  135.89
 267700.335  1570.708    18.51  121.02
 268076.992  1589.712    50.44  103.98
 268453.635  1603.685    37.09   94.03
 268830.264  1584.954   -49.72   86.14
 269206.878  1557.114   -73.91   85.74
 269583.478  1506.867  -133.39   88.05
 269960.063  1443.475  -168.30   75.59
 270336.634  1400.253  -114.75   74.11
 270713.191  1363.585   -97.36   60.63
 271089.734  1351.592   -31.84   75.74
 271466.263  1333.566   -47.86   79.95
 271842.777  1327.634   -15.75   87.43
 272219.277  1333.958    16.79   97.18
 272595.762  1335.531     4.18  109.92
 272972.234  1335.852     0.85  126.02
 273348.691  1345.685    26.12  112.81
 273725.134  1367.319    57.46   98.19
 274101.562  1432.503   173.13  130.48
 274477.977  1500.685   181.10  106.18
 274854.377  1519.100    48.91  106.88
 275230.762  1528.280    24.39  100.69
 275607.134  1529.954     4.44   79.06
 275983.491  1550.964    55.81   70.09
 276359.835  1591.095   106.61   73.21
 276736.164  1649.876   156.16   95.82
 277112.478  1694.406   118.31   83.47
 277488.779  1701.368    18.50   79.17
 277865.065  1677.246   -64.09   94.02
 278241.337  1644.135   -87.98   95.85
 278617.595  1649.880    15.27  110.56
 278993.838  1691.368   110.24  119.44
 279370.068  1733.995   113.27  104.97
 279746.283  1736.417     6.44  107.27
 280122.484  1699.019   -99.39  112.72
 280498.671  1635.027  -170.07   92.67
 280874.843  1582.051  -140.80  102.11
 281251.002  1491.588  -240.44  145.60
 281627.146  1353.828  -366.16  159.03
 282003.276  1244.638  -290.24  157.22
 282379.392  1168.592  -202.14  104.07
 282755.494  1170.614     5.37  125.06
 283131.581  1224.257   142.60  169.05
 283507.655  1313.149   236.32  163.80
 283883.714  1395.612   219.23  125.61
 284259.759  1437.328   110.91  103.49
 284635.790  1460.590    61.85   78.28
 285011.807  1473.209    33.55   71.73
 285387.809  1472.539    -1.78   80.64
 285763.798  1475.110     6.84   73.54
 286139.772  1460.804   -38.04   82.48
 286515.732  1440.542   -53.88   96.30
 286891.678  1417.222   -62.02   91.44
 287267.610  1396.090   -56.20   93.03
 287643.528  1371.010   -66.70   77.92
 288019.432  1345.661   -67.42   72.20
 288395.321  1327.423   -48.51   59.60
 288771.197  1319.758   -20.39   49.59
 289147.058  1318.466    -3.44   40.79
 289522.905  1286.978   -83.76   56.41
 289898.738  1244.460  -113.10   83.05
 290274.557  1194.662  -132.47   91.47
 290650.362  1169.079   -68.06   81.21
