-159954.377  2568.265     0.00  131.74
-159579.955  2640.457   192.84  178.74
-159205.550  2738.549   262.03  209.36
-158831.161  2906.390   448.37  231.56
-158456.788  3059.258   408.39  219.29
-158082.432  3202.072   381.54  216.35
-157708.091  3336.572   359.35  200.85
-157333.766  3443.468   285.61  214.71
-156959.458  3558.816   308.21  202.04
-156585.166  3621.731   168.11  217.94
-156210.890  3732.120   294.98  244.08
-155836.630  3816.072   224.35  290.29
-155462.386  3951.700   362.45  291.69
-155088.158  4092.572   376.48  251.71
-154713.947  4193.770   270.46  238.58
-154339.751  4269.668   202.86  141.46
-153965.572  4284.453    39.52  132.55
-153591.408  4254.375   -80.40  171.37
-153217.261  4202.049  -139.87  216.05
-152843.130  4129.328  -194.40  289.47
-152469.015  4100.845   -76.14  280.37
-152094.916  4112.654    31.57  269.33
-151720.833  4084.189   -76.10  304.33
-151346.766  4042.406  -111.71  344.36
-150972.715  4058.258    42.39  290.28
-150598.680  3972.700  -228.77  291.98
-150224.661  3891.277  -217.73  309.66
-149850.659  3773.654  -314.54  327.10
-149476.672  3631.979  -378.87  295.58
-149102.702  3558.142  -197.47  236.84
-148728.747  3450.834  -286.99  123.20
-148354.809  3406.049  -119.78  117.67
-147979.080  3301.328  -278.75  223.78
-147601.931  3175.668  -333.23  294.15
-147224.798  3025.119  -399.24  275.80
-146847.682  2983.006  -111.69  222.33
-146470.582  3040.072   151.35  219.83
-146093.498  3191.858   402.58  182.30
-145716.431  3302.072   292.33  154.04
-145339.379  3416.630   303.86  147.22
-144962.344  3476.328   158.35  154.79
-144585.326  3496.215    52.75  157.95
-144208.324  3478.858   -46.05  189.19
-143831.338  3455.444   -62.11  189.42
-143454.368  3455.351    -0.25  196.83
-143077.414  3403.956  -136.36  175.69
-142700.477  3329.351  -197.95  168.13
-142323.556  3247.406  -217.43  132.97
-141946.652  3178.816  -182.00   45.94
-141569.763  3156.654   -58.81   45.88
-141192.891  3137.561   -50.67   47.42
-140816.035  3112.049   -67.71   45.81
-140439.195  3029.550  -218.95  222.16
-140062.372  2900.351  -342.90  323.84
-139685.565  2742.263  -419.60  370.18
-139308.774  2723.189   -50.63  375.18
-138931.999  2714.375   -23.40  370.60
-138555.241  2712.607    -4.69  354.53
-138178.499  2648.747  -169.53  334.78
-137801.773  2592.953  -148.12  346.22
-137425.063  2526.287  -176.99  353.18
-137048.369  2534.537    21.91  396.88
-136671.692  2618.620   223.25  439.47
-136295.031  2810.953   510.69  438.67
-135918.386  2878.983   180.64  482.16
-135541.757  3046.254   444.18  395.90
-135165.144  3163.096   310.28  271.96
-134788.548  3089.235  -196.15  485.91
-134411.968  2672.956 -1105.55  773.51
-134035.404  2308.328  -968.41  758.03
-133658.856  1976.212  -882.10  500.04
-133282.324  1909.429  -177.38  141.55
-132905.809  2036.668   337.97  264.38
-132529.309  2170.142   354.55  326.10
-132152.826  2259.620   237.69  310.95
-131776.359  2333.561   196.43  288.52
-131399.908  2354.723    56.22  214.61
-131023.474  2398.686   116.80  236.44
-130647.055  2455.025   149.69  227.27
-130270.653  2522.258   178.64  216.77
-129894.266  2577.263   146.15  166.51
-129517.896  2613.254    95.64  132.61
-129141.542  2695.215   217.80  202.66
-128765.204  2757.219   164.77  185.85
-128388.883  2842.933   227.79  173.97
-128012.577  2939.810   257.47  147.10
-127636.287  2983.525   116.18  137.87
-127260.014  3011.723    74.95  142.34
-126883.757  3011.933     0.56  162.82
-126507.515  2956.282  -147.93  153.76
-126131.290  2889.501  -177.52  136.87
-125755.081  2863.258   -69.76  142.84
-125378.888  2809.144  -143.86  141.25
-125002.712  2763.561  -121.19  154.18
-124626.551  2704.491  -157.05  177.06
-124250.406  2637.999  -176.79  202.39
-123874.277  2580.793  -152.11  184.98
-123498.165  2504.834  -201.98  171.79
-123122.068  2463.644  -109.53  167.08
-122745.988  2366.977  -257.06  164.99
-122369.924  2273.025  -249.86  171.62
-121993.875  2153.310  -318.38  190.81
-121617.843  2097.292  -148.99  219.35
-121241.827  2045.375  -138.09  212.34
-120865.827  2069.658    64.59  212.36
-120489.843  2130.504   161.85  223.08
-120113.875  2211.596   215.71  192.78
-119737.923  2241.272    78.94  158.91
-119361.987  2259.618    48.80  129.92
-118986.067  2291.047    83.62   92.12
-118610.163  2279.358   -31.10   87.20
-118234.275  2243.049   -96.61  107.81
-117858.403  2175.049  -180.93  132.88
-117482.547  2061.072  -303.27  152.80
-117106.707  1981.272  -212.35  145.74
-116730.883  1914.595  -177.43  143.80
-116355.075  1872.316  -112.51  113.91
-115979.283  1884.003    31.10  136.53
-115603.507  1931.168   125.53  133.23
-115227.747  1939.847    23.10  116.19
-114852.003  1923.959   -42.29  115.49
-114476.275  1894.997   -77.09  109.50
-114100.563  1816.929  -207.81  137.40
-113724.867  1677.700  -370.63  213.33
-113349.187  1491.144  -496.63  256.51
-112973.523  1268.868  -591.74  258.11
-112597.874  1084.149  -491.78  194.52
-112222.242   981.140  -274.25  150.64
-111846.626   909.620  -190.43  103.08
-111471.026   915.072    14.52  102.54
-111095.441   918.444     8.98  113.73
-110719.873   962.497   117.31  153.21
-110344.320  1021.709   157.68  168.74
-109968.784  1074.559   140.75  130.54
-109593.263  1067.863   -17.83  116.52
-109217.758  1073.723    15.61  113.53
-108842.269  1089.979    43.30  132.06
-108466.796  1120.731    81.91  150.09
-108091.339  1172.493   137.88  136.89
-107715.898  1201.504    77.28  149.90
-107340.473  1239.001    99.89  153.08
-106965.064  1337.142   261.45  176.16
-106589.670  1454.929   313.80  190.40
-106214.293  1578.970   330.47  194.04
-105838.931  1718.345   371.34  183.29
-105463.585  1804.739   230.19  121.22
-105088.256  1781.933   -60.77  142.54
-104712.942  1669.663  -299.16  170.66
-104337.644  1553.049  -310.75  157.84
-103962.361  1415.481  -366.60  141.56
-103587.095  1325.099  -240.87  106.44
-103211.844  1327.050     5.20  125.57
-102836.610  1336.715    25.76  162.79
-102461.391  1363.231    70.67  187.66
-102086.188  1342.882   -54.24  177.34
-101711.001  1306.457   -97.09  147.40
-101335.829  1305.095    -3.63  137.66
-100960.674  1310.230    13.69  124.37
-100585.534  1334.834    65.59  102.86
-100210.411  1395.212   160.97  113.25
 -99835.303  1453.189   154.57  132.68
 -99460.210  1533.890   215.17  120.94
 -99085.134  1584.277   134.35  115.48
 -98710.074  1597.800    36.06  134.68
 -98335.029  1564.191   -89.62  145.74
 -97960.000  1513.910  -134.09  149.09
 -97584.987  1444.525  -185.03  166.24
 -97209.990  1369.658  -199.66  182.80
 -96835.008  1306.686  -167.95  145.58
 -96460.042  1298.297   -22.37  147.31
 -96085.093  1355.215   151.81  152.38
 -95710.158  1391.421    96.57  148.45
 -95335.240  1365.144   -70.09  151.04
 -94960.337  1323.120  -112.10  118.55
 -94585.451  1325.585     6.58  104.52
 -94210.580  1373.981   129.11  118.54
 -93835.724  1427.022   141.51   93.09
 -93460.885  1400.596   -70.51  113.91
 -93086.061  1337.863  -167.38  120.06
 -92711.253  1258.316  -212.25  110.43
 -92336.461  1207.840  -134.69  103.26
 -91961.684  1194.739   -34.96  125.43
 -91586.923  1204.977    27.32  140.70
 -91212.178  1228.453    62.65  146.65
 -90837.449  1229.049     1.59  117.19
 -90462.735  1244.834    42.13  108.77
 -90088.038  1261.096    43.40  104.29
 -89713.355  1303.282   112.60  109.81
 -89338.689  1342.877   105.69  114.70
 -88964.038  1402.572   159.35  139.49
 -88589.403  1441.027   102.65  119.38
 -88214.784  1428.429   -33.63  106.02
 -87840.180  1396.800   -84.44  102.40
 -87465.592  1345.049  -138.16   91.83
 -87091.020  1298.025  -125.55   93.19
 -86716.464  1242.596  -148.00  100.33
 -86341.923  1214.001   -76.35  106.02
 -85967.398  1175.514  -102.77  113.56
 -85592.888  1118.936  -151.08  114.00
 -85218.394  1067.654  -136.95   94.95
 -84843.916  1037.910   -79.43   63.88
 -84469.454  1028.793   -24.35   65.58
 -84095.007  1037.644    23.64   85.59
 -83720.576  1068.620    82.73   92.28
 -83346.161  1094.723    69.72   89.43
 -82971.761  1078.640   -42.96   95.03
 -82597.377  1034.882  -116.89  113.64
 -82223.008  1002.890   -85.46  109.28
 -81848.655   996.239   -17.77  116.21
 -81474.318   993.950    -6.11  127.77
 -81099.996   987.620   -16.91  117.65
 -80725.690   922.239  -174.68  108.31
 -80351.400   880.453  -111.65   90.55
 -79977.125   842.906  -100.33   95.95
 -79602.866   841.215    -4.52  110.39
 -79228.623   844.406     8.53   86.28
 -78854.395   804.828  -105.76  111.23
 -78480.182   731.663  -195.53  146.60
 -78105.986   644.341  -233.38  135.81
 -77731.805   591.882  -140.21   95.63
 -77357.639   604.630    34.07   94.30
 -76983.489   619.334    39.30  101.39
 -76609.355   649.277    80.04   93.32
 -76235.236   669.252    53.40   96.78
 -75861.133   685.777    44.18  100.47
 -75487.045   692.953    19.18   95.56
 -75112.973   708.863    42.53   90.62
 -74738.917   742.810    90.76   94.14
 -74364.876   803.888   163.30   84.31
 -73990.851   887.368   223.21  115.48
 -73616.841   994.406   286.21  137.18
 -73242.847  1090.165   256.06  146.14
 -72866.630  1179.504   237.48  132.67
 -72489.525  1264.840   226.31  146.02
 -72112.436  1362.027   257.75  165.48
 -71735.364  1483.993   323.48  147.46
 -71358.307  1541.322   152.05  121.68
 -70981.266  1494.477  -124.25  158.47
 -70604.240  1380.444  -302.47  199.87
 -70227.231  1224.254  -414.31  180.61
 -69850.237  1112.362  -296.82  139.87
 -69473.259  1034.527  -206.48  134.55
 -69096.297   986.175  -128.27  111.84
 -68719.350   974.231   -31.69   97.30
 -68342.420   947.747   -70.27  108.88
 -67965.505   878.534  -183.64  137.28
 -67588.606   782.413  -255.04  138.06
 -67211.722   703.739  -208.76  113.93
 -66834.855   650.421  -141.48  121.72
 -66458.003   566.004  -224.02  127.76
 -66081.167   493.882  -191.40  121.61
 -65704.347   408.300  -227.13  106.78
 -65327.542   332.809  -200.35   88.93
 -64950.753   284.322  -128.69   72.31
 -64573.980   277.263   -18.74   72.57
 -64197.223   308.413    82.68   99.46
 -63820.482   387.607   210.22  127.89
 -63443.756   494.047   282.55  134.38
 -63067.046   623.527   343.73  149.75
 -62690.351   717.893   250.52  113.10
 -62313.673   750.049    85.37   97.13
 -61937.010   758.345    22.03  101.18
 -61560.363   740.122   -48.38   94.53
 -61183.731   733.572   -17.39   84.84
 -60807.115   763.283    78.89   74.82
 -60430.515   759.300   -10.58   75.29
 -60053.931   744.840   -38.40   87.82
 -59677.362   675.305  -184.66  120.10
 -59300.809   595.504  -211.93   88.64
 -58924.272   581.441   -37.35   86.61
 -58547.750   647.731   176.07  141.75
 -58171.244   759.956   298.08  153.95
 -57794.754   830.979   188.65  145.25
 -57418.279   826.979   -10.63  172.89
 -57041.820   765.201  -164.11  203.35
 -56665.377   663.118  -271.19  176.45
 -56288.949   583.222  -212.26  113.47
 -55912.537   568.398   -39.39  104.90
 -55536.141   568.886     1.30  131.04
 -55159.761   556.511   -32.88  130.93
 -54783.395   547.390   -24.24  121.13
 -54407.046   510.257   -98.67   96.52
 -54030.712   468.663  -110.53   86.63
 -53654.394   429.212  -104.84   83.54
 -53278.092   393.747   -94.25   81.05
 -52901.805   322.142  -190.30   78.15
 -52525.534   273.277  -129.87   57.99
 -52149.278   241.254   -85.11   41.80
 -51773.038   232.755   -22.59   44.62
 -51396.814   236.421     9.74   61.42
 -51020.605   238.787     6.29   68.26
 -50644.412   247.658    23.58   62.21
 -50268.234   254.618    18.50   70.07
 -49892.072   267.122    33.24   74.24
 -49515.925   275.691    22.78   74.21
 -49139.795   265.026   -28.36   98.73
 -48763.679   224.953  -106.55  106.45
 -48387.580   160.351  -171.77   82.87
 -48011.496   120.072  -107.11   41.65
 -47635.427   109.120   -29.12   26.77
 -47259.374   112.834     9.88   35.91
 -46883.337   120.215    19.63   36.27
 -46507.315   129.049    23.49   39.39
 -46131.309   129.999     2.53   29.99
 -45755.318   132.572     6.84   23.12
 -45379.343   141.847    24.67   24.27
 -45003.383   160.191    48.79   28.36
 -44627.439   179.933    52.51   24.85
 -44251.510   184.168    11.27   26.06
 -43875.597   175.142   -24.01   32.40
 -43499.700   157.025   -48.20   38.69
 -43123.818   128.287   -76.46   38.09
 -42747.951   109.549   -49.85   27.88
 -42372.101    94.258   -40.68   20.73
 -41996.265    84.668   -25.52   18.09
 -41620.445    77.787   -18.31   14.69
 -41244.641    71.525   -16.66    7.35
 -40868.852    68.536    -7.95    2.65
 -40493.079    67.620    -2.44    2.43
 -40117.321    67.189    -1.15    2.36
 -39741.578    66.763    -1.13    2.26
 -39365.851    66.491    -0.72    2.48
 -38990.140    65.886    -1.61    2.21
 -38614.444    64.929    -2.55    2.25
 -38238.763    64.024    -2.41    2.00
 -37863.098    62.644    -3.67    2.31
 -37487.449    61.677    -2.57    2.00
 -37111.815    60.723    -2.54    1.88
 -36736.196    59.723    -2.66    2.05
 -36360.593    58.977    -1.99    2.13
 -35985.005    58.219    -2.02    1.78
 -35609.433    57.561    -1.75    2.04
 -35233.876    56.584    -2.60    2.07
 -34858.335    55.700    -2.35    1.89
 -34482.809    55.189    -1.36    1.97
 -34107.299    53.956    -3.28    2.42
 -33731.803    53.406    -1.47    2.87
 -33356.324    52.334    -2.85    2.38
 -32980.860    51.933    -1.07    2.02
 -32605.411    51.747    -0.50    1.77
 -32229.977    51.287    -1.23    1.62
 -31854.560    50.663    -1.66    1.88
 -31479.157    49.305    -3.62    2.05
 -31103.770    48.191    -2.97    1.86
 -30728.398    47.572    -1.65    1.70
 -30353.042    46.596    -2.60    2.32
 -29977.701    45.715    -2.35    2.86
 -29602.375    45.747     0.08    3.38
 -29227.065    44.560    -3.16    3.56
 -28851.770    43.310    -3.33    3.73
 -28476.491    41.463    -4.92    3.77
 -28101.227    39.770    -4.51    2.45
 -27725.978    38.585    -3.16    2.50
 -27350.745    37.979    -1.61    2.48
 -26975.527    38.001     0.06    2.39
 -26600.324    38.297     0.79    2.37
 -26225.137    38.027    -0.72    1.80
 -25849.965    37.560    -1.24    1.75
 -25474.809    37.001    -1.49    1.64
 -25099.667    36.212    -2.10    1.32
 -24724.542    35.929    -0.75    1.37
 -24349.431    35.822    -0.29    1.56
 -23974.336    35.534    -0.77    1.67
 -23599.256    35.095    -1.17    2.02
 -23224.192    33.834    -3.36    2.15
 -22849.142    33.189    -1.72    2.13
 -22474.109    33.072    -0.31    2.51
 -22099.090    32.993    -0.21    2.66
 -21724.087    33.118     0.33    2.48
 -21349.099    32.688    -1.15    2.16
 -20974.126    32.191    -1.32    2.32
 -20599.169    31.731    -1.23    2.22
 -20224.227    31.121    -1.63    2.01
 -19849.300    30.459    -1.77    2.14
 -19474.389    29.941    -1.38    2.13
 -19099.492    29.390    -1.47    2.33
 -18724.612    29.165    -0.60    2.61
 -18349.746    29.096    -0.19    2.58
 -17974.896    28.607    -1.30    2.43
 -17600.061    28.098    -1.36    2.70
 -17225.241    26.640    -3.89    2.81
 -16850.436    24.747    -5.05    1.85
 -16475.647    24.287    -1.23    1.96
 -16100.873    24.258    -0.08    2.25
 -15726.114    23.658    -1.60    2.28
 -15351.371    23.277    -1.02    2.26
 -14976.642    22.941    -0.90    2.22
 -14601.929    22.770    -0.46    2.20
 -14227.232    22.700    -0.19    2.64
 -13852.549    22.382    -0.85    2.61
 -13477.882    21.525    -2.29    2.72
 -13103.230    20.297    -3.28    2.88
 -12728.593    20.118    -0.48    2.68
 -12353.971    19.772    -0.92    2.64
 -11979.365    19.906     0.36    2.65
 -11604.773    20.793     2.37    2.58
 -11230.197    20.536    -0.69    2.93
 -10855.636    20.003    -1.42    2.91
 -10481.091    19.444    -1.49    2.91
 -10106.560    18.956    -1.30    2.95
  -9732.045    18.191    -2.04    2.93
  -9357.545    17.561    -1.68    2.55
  -8983.060    17.215    -0.92    2.03
  -8608.590    16.910    -0.82    1.68
  -8234.136    16.858    -0.14    1.79
  -7859.697    16.620    -0.64    1.94
  -7485.272    15.755    -2.31    1.93
  -7110.863    15.668    -0.23    2.47
  -6736.470    14.863    -2.15    2.48
  -6362.091    13.840    -2.73    2.48
  -5987.727    13.026    -2.17    2.69
  -5613.379    12.239    -2.10    2.44
  -5239.046    11.525    -1.91    2.58
  -4864.728    11.072    -1.21    2.61
  -4490.425    10.858    -0.57    2.87
  -4116.137     9.929    -2.48    2.86
  -3741.864     9.025    -2.42    2.75
  -3367.607     7.977    -2.80    1.95
  -2993.364     7.816    -0.43    1.40
  -2619.137     7.658    -0.42    1.32
  -2244.925     7.239    -1.12    1.81
  -1870.728     6.609    -1.68    2.58
  -1496.546     4.793    -4.85    3.45
  -1122.379     2.633    -5.77    3.92
   -748.227     0.933    -4.54    3.47
   -374.091    -0.666    -4.27    0.89
      0.031    -0.628     0.10    1.24
    374.137     0.118     1.99    2.70
    748.229     1.431     3.51    3.97
   1122.305     3.001     4.20    4.42
   1496.366     4.584     4.23    3.96
   1870.412     5.723     3.05    3.30
   2247.105     6.754     2.74    1.49
   2624.163     6.380    -0.99    2.19
   3001.207     5.004    -3.65    3.62
   3378.235     4.287    -1.90    4.14
   3755.248     3.793    -1.31    4.11
   4132.246     4.584     2.10    4.11
   4509.228     6.520     5.13    2.50
   4886.195     7.004     1.29    2.08
   5263.147     7.497     1.31    1.47
   5640.083     7.754     0.68    1.12
   6017.004     7.644    -0.29    1.45
   6393.910     7.842     0.52    1.58
   6770.800     7.595    -0.65    1.75
   7147.675     7.021    -1.52    2.06
   7524.535     6.453    -1.51    1.99
   7901.380     6.345    -0.29    2.04
   8278.209     6.511     0.44    2.24
   8655.023     6.913     1.07    2.36
   9031.822     7.388     1.26    2.22
   9408.606     8.095     1.88    2.13
   9785.374     7.953    -0.38    1.81
  10162.127     7.882    -0.19    1.73
  10538.865     8.095     0.57    1.89
  10915.587     8.388     0.78    1.99
  11292.294     8.095    -0.78    2.09
  11668.986     7.877    -0.58    2.36
  12045.663     7.413    -1.23    2.80
  12422.325     6.596    -2.17    2.67
  12798.971     5.406    -3.16    2.16
  13175.602     5.140    -0.70    1.91
  13552.218     5.252     0.30    1.55
  13928.819     5.668     1.10    1.95
  14305.404     6.863     3.17    3.07
  14681.974     7.922     2.81    3.27
  15058.529     8.390     1.24    3.33
  15435.069     8.388    -0.01    3.48
  15811.594     7.235    -3.06    2.73
  16188.103     6.654    -1.54    2.55
  16564.597     6.406    -0.66    2.28
  16941.076     6.731     0.87    2.68
  17317.540     6.149    -1.55    2.86
  17693.989     5.686    -1.23    2.53
  18070.422     5.144    -1.44    2.15
  18446.840     4.770    -0.99    2.30
  18823.244     4.691    -0.21    2.14
  19199.631     4.970     0.74    2.29
  19576.004     4.868    -0.27    2.34
  19952.362     5.147     0.74    2.55
  20328.704     4.953    -0.52    2.54
  20705.032     4.882    -0.19    2.63
  21081.344     4.706    -0.47    2.53
  21457.641     4.459    -0.66    2.12
  21833.923     4.222    -0.63    1.97
  22210.189     3.906    -0.84    1.92
  22586.441     3.956     0.13    1.66
  22962.677     4.072     0.31    1.64
  23338.899     3.858    -0.57    1.70
  23715.105     3.447    -1.09    1.43
  24091.296     3.477     0.08    1.34
  24467.472     3.560     0.22    1.31
  24843.633     3.858     0.79    1.14
  25219.778     4.049     0.51    1.52
  25595.909     4.406     0.95    1.57
  25972.025     4.191    -0.57    1.67
  26348.125     4.267     0.20    1.79
  26724.210     3.644    -1.66    1.42
  27100.281     3.640    -0.01    1.53
  27476.336     3.906     0.71    1.91
  27852.376     3.739    -0.44    1.92
  28228.401     3.351    -1.03    1.92
  28604.411     2.858    -1.31    1.75
  28980.406     3.287     1.14    1.60
  29356.385     3.770     1.29    2.06
  29732.350     4.525     2.01    2.36
  30108.300     5.491     2.57    2.97
  30484.234     5.715     0.60    2.78
  30860.154     4.977    -1.96    3.06
  31236.058     3.999    -2.60    2.94
  31611.948     2.654    -3.58    1.67
  31987.822     2.235    -1.11    1.27
  32363.681     2.398     0.43    1.25
  32739.526     2.514     0.31    1.33
  33115.355     2.607     0.25    1.40
  33491.169     2.787     0.48    1.67
  33866.969     4.310     4.05    3.63
  34242.753     5.677     3.64    3.80
  34618.522     6.929     3.33    3.76
  34994.276     8.096     3.10    3.06
  35370.015     8.511     1.11    3.19
  35745.739     9.025     1.37    3.04
  36121.449     8.739    -0.76    3.74
  36497.143     7.668    -2.85    4.22
  36872.822     5.953    -4.56    3.89
  37248.486     4.549    -3.74    3.37
  37624.135     3.438    -2.96    2.21
  37999.769     4.147     1.89    2.44
  38375.389     4.491     0.91    3.00
  38750.993     4.572     0.22    2.94
  39126.582     3.977    -1.58    2.77
  39502.156     2.977    -2.66    1.82
  39877.716     3.096     0.32    1.70
  40253.260     3.168     0.19    1.51
  40628.790     3.354     0.50    1.62
  41004.304     3.459     0.28    1.90
  41379.803     3.999     1.44    2.23
  41755.288     4.537     1.43    2.25
  42130.758     4.755     0.58    2.20
  42506.212     4.388    -0.98    2.03
  42881.652     5.072     1.82    2.36
  43257.077     5.585     1.37    2.60
  43632.487     5.706     0.32    2.61
  44007.882     5.351    -0.95    2.52
  44383.262     4.622    -1.94    2.53
  44758.627     4.709     0.23    2.39
  45133.977     4.636    -0.19    2.11
  45509.312     4.095    -1.44    1.98
  45884.632     3.816    -0.74    1.73
  46259.938     3.444    -0.99    1.54
  46635.228     3.630     0.50    1.62
  47010.504     4.021     1.04    1.95
  47385.765     4.618     1.59    2.32
  47761.011     4.508    -0.29    2.59
  48136.242     3.700    -2.15    2.65
  48511.458     2.763    -2.50    2.03
  48886.659     2.622    -0.37    1.69
  49261.845     2.550    -0.19    1.59
  49637.017     3.046     1.32    1.82
  50012.173     3.630     1.56    2.09
  50387.315     4.561     2.48    1.97
  50762.442     5.572     2.70    2.13
  51137.554     7.163     4.24    2.83
  51512.651     8.867     4.54    3.74
  51887.734    11.235     6.31    4.36
  52262.801    13.739     6.68    3.87
  52637.854    16.049     6.16    3.98
  53012.891    21.787    15.30   14.08
  53387.914    23.658     4.99   12.12
  53762.922    28.049    11.71    9.28
  54137.916    41.497    35.86   27.95
  54512.894    87.953   123.88   71.62
  54887.858   151.287   168.90   88.16
  55262.807   207.668   150.36   79.25
  55637.741   262.120   145.23   62.87
  56012.660   275.444    35.54   50.82
  56387.564   298.691    62.00   46.26
  56762.454   323.739    66.81   53.85
  57137.329   355.863    85.69   58.09
  57512.189   386.596    81.98   52.94
  57887.034   409.700    61.63   38.12
  58261.864   428.165    49.26   28.70
  58636.680   443.677    41.38   34.98
  59011.481   458.267    38.93   37.23
  59386.267   471.239    34.61   37.00
  59761.038   479.715    22.62   31.08
  60135.794   487.144    19.82   22.90
  60510.536   496.334    24.52   22.93
  60885.263   517.644    56.86   31.67
  61259.975   530.975    35.57   31.22
  61634.673   543.263    32.79   29.70
  62009.356   549.906    17.73   28.21
  62384.024   548.406    -4.00   33.80
  62758.677   548.170    -0.63   44.92
  63133.315   547.239    -2.48   56.50
  63507.939   542.048   -13.86   61.26
  63882.548   535.322   -17.95   60.10
  64257.142   523.700   -31.02   54.37
  64631.722   501.422   -59.47   44.18
  65006.287   481.120   -54.20   35.97
  65380.837   469.906   -29.94   35.21
  65755.372   463.793   -16.32   34.55
  66129.893   475.358    30.88   44.49
  66504.399   490.520    40.48   50.59
  66878.890   517.913    73.14   61.73
  67253.366   557.975   106.97   59.48
  67627.828   584.810    71.66   50.15
  68002.275   604.170    51.70   37.68
  68376.708   610.175    16.04   29.77
  68751.126   598.140   -32.14   33.02
  69125.529   585.867   -32.78   27.70
  69499.917   573.239   -33.73   27.76
  69874.291   564.165   -24.24   25.47
  70248.650   551.170   -34.71   28.55
  70622.994   532.390   -50.16   28.09
  70997.324   515.226   -45.85   27.16
  71371.639   514.959    -0.71   29.12
  71745.939   523.511    22.85   35.81
  72120.225   526.096     6.90   34.20
  72494.496   514.121   -31.99   44.94
  72868.753   493.219   -55.85   45.81
  73242.994   481.640   -30.94   38.02
  73617.221   488.149    17.39   46.00
  73991.434   502.691    38.86   44.92
  74365.632   509.514    18.23   45.07
  74739.815   506.219    -8.81   47.02
  75113.984   491.168   -40.22   41.76
  75488.138   481.197   -26.65   43.07
  75862.277   467.406   -36.86   40.44
  76236.402   454.429   -34.68   33.78
  76610.512   448.258   -16.49   28.98
  76984.730   445.549    -7.24   23.49
  77361.758   445.215    -0.88   22.04
  77738.771   450.096    12.95   22.28
  78115.770   456.406    16.74   23.44
  78492.754   466.926    27.90   24.38
  78869.723   478.096    29.63   20.06
  79246.677   491.168    34.68   25.29
  79623.616   505.254    37.37   32.63
  80000.540   515.793    27.96   32.20
  80377.450   525.691    26.26   29.12
  80754.345   533.072    19.58   26.19
  81131.224   543.382    27.35   26.40
  81508.090   552.654    24.60   32.87
  81884.940   562.700    26.66   32.55
  82261.775   566.739    10.72   29.66
  82638.596   567.647     2.41   24.88
  83015.402   566.536    -2.95   21.42
  83392.193   563.351    -8.45   22.39
  83768.969   560.731    -6.95   23.80
  84145.731   558.429    -6.11   21.86
  84522.478   564.561    16.27   32.44
  84899.210   568.072     9.32   30.12
  85275.927   582.287    37.73   37.44
  85652.629   581.585    -1.86   38.56
  86029.317   589.525    21.08   44.87
  86405.990   593.596    10.81   46.15
  86782.648   595.453     4.93   44.97
  87159.291   616.438    55.71   63.10
  87535.920   624.389    21.11   62.59
  87912.534   610.975   -35.62   66.46
  88289.133   602.906   -21.42   62.17
  88665.717   587.406   -41.16   51.12
  89042.287   575.097   -32.68   51.06
  89418.841   579.810    12.52   50.62
  89795.382   564.997   -39.34   43.24
  90171.907   578.072    34.72   51.55
  90548.418   614.463    96.64   81.58
  90924.914   642.739    75.10   85.40
  91301.395   677.715    92.90   72.77
  91677.861   699.893    58.91   46.68
  92054.313   681.345   -49.27   46.61
  92430.750   654.292   -71.86   32.94
  92807.173   637.706   -44.06   26.44
  93183.580   620.810   -44.88   20.41
  93559.973   609.897   -28.99   24.06
  93936.352   612.618     7.23   26.67
  94312.715   617.380    12.65   30.06
  94689.064   636.334    50.36   24.75
  95065.399   651.739    40.93   29.07
  95441.718   671.739    53.14   39.48
  95818.023   717.050   120.40   80.19
  96194.313   774.175   151.80   82.52
  96570.589   812.709   102.40   65.77
  96946.850   831.358    49.56   40.04
  97323.096   821.607   -25.91   41.52
  97699.327   798.700   -60.88   44.86
  98075.544   775.941   -60.49   33.45
  98451.747   765.231   -28.46   29.91
  98827.934   746.497   -49.80   30.71
  99204.107   736.390   -26.87   29.16
  99580.265   740.096     9.85   29.29
  99956.409   757.380    45.95   33.53
 100332.538   782.663    67.21   33.22
 100708.653   804.944    59.23   22.64
 101084.752   820.477    41.30   18.03
 101460.838   832.618    32.28   17.08
 101836.908   838.422    15.43   15.97
 102212.964   847.050    22.94   14.36
 102589.005   851.520    11.89   12.50
 102965.032   855.654    10.99   11.64
 103341.044   857.537     5.01    8.94
 103717.042   856.310    -3.26    9.18
 104093.025   851.618   -12.48   11.22
 104468.993   849.842    -4.72   11.44
 104844.947   853.715    10.30   16.21
 105220.886   860.358    17.67   19.95
 105596.810   873.406    34.71   26.48
 105972.720   884.787    30.27   20.73
 106348.616   891.347    17.45   19.89
 106724.497   902.630    30.02   25.43
 107100.363   917.097    38.49   35.54
 107476.215   941.877    65.92   38.40
 107852.052   967.511    68.20   30.97
 108227.874   978.975    30.50   22.72
 108603.682   973.168   -15.45   32.20
 108979.476   965.682   -19.92   34.16
 109355.255   967.414     4.61   35.31
 109731.019   984.977    46.74   42.69
 110106.769  1012.739    73.88   44.72
 110482.504  1044.682    85.01   35.75
 110858.225  1056.715    32.02   26.46
 111233.931  1059.787     8.17   21.57
 111609.623  1062.310     6.72   20.84
 111985.300  1067.630    14.16   21.85
 112360.963  1074.239    17.59   19.87
 112736.611  1084.212    26.55   15.00
 113112.245  1092.258    21.42   11.43
 113487.864  1092.691     1.15   11.16
 113863.468  1091.243    -3.86   11.12
 114239.059  1091.644     1.07   11.92
 114614.634  1102.477    28.84   23.22
 114990.195  1128.979    70.56   39.21
 115365.742  1156.429    73.09   40.73
 115741.274  1178.630    59.11   28.28
 116116.792  1191.072    33.13   20.02
 116492.295  1199.267    21.82   24.30
 116867.784  1217.334    48.11   41.05
 117243.258  1232.477    40.33   45.89
 117618.718  1241.463    23.93   43.37
 117994.163  1231.382   -26.85   52.05
 118369.594  1184.906  -123.78   67.79
 118745.010  1142.997  -111.62   41.07
 119120.412  1136.287   -17.87   30.42
 119495.800  1148.316    32.04   34.83
 119871.173  1173.755    67.76   30.92
 120246.531  1196.902    61.66   25.99
 120621.875  1212.072    40.41   21.63
 120997.205  1219.754    20.46   15.52
 121372.520  1225.611    15.60   14.79
 121747.821  1229.444    10.21   16.03
 122123.108  1236.596    19.05   17.33
 122498.379  1246.723    26.98   17.71
 122873.637  1253.142    17.10   16.67
 123248.880  1255.599     6.55   14.83
 123624.109  1252.731    -7.64   13.20
 123999.323  1247.097   -15.01    9.35
 124374.523  1243.186   -10.42    7.99
 124749.709  1245.310     5.66   10.55
 125124.880  1249.970    12.42   11.99
 125500.036  1259.140    24.44   14.82
 125875.179  1270.431    30.09   14.90
 126250.307  1279.828    25.05   17.62
 126625.420  1291.834    32.00   18.97
 127000.519  1304.097    32.69   18.18
 127375.604  1311.527    19.81   13.02
 127750.675  1314.388     7.63   10.40
 128125.731  1310.263   -11.00   11.61
 128500.772  1308.282    -5.28   10.31
 128875.799  1309.406     3.00    9.20
 129250.812  1309.168    -0.63   10.77
 129625.811  1303.047   -16.32   18.09
 130000.795  1284.215   -50.21   33.61
 130375.765  1257.447   -71.38   44.69
 130750.721  1217.877  -105.52   50.17
 131125.662  1186.096   -84.75   36.18
 131500.589  1187.219     2.99   37.94
 131875.501  1204.144    45.14   46.62
 132250.399  1241.715   100.21   51.82
 132625.283  1278.334    97.67   34.37
 133000.153  1287.398    24.18   23.77
 133375.008  1288.644     3.32   25.17
 133749.849  1279.882   -23.37   23.46
 134124.675  1267.910   -31.94   26.93
 134499.487  1268.999     2.91   26.00
 134874.285  1273.022    10.73   18.50
 135249.069  1278.882    15.63   15.01
 135623.838  1285.049    16.45    7.21
 135998.593  1283.444    -4.28    8.52
 136373.334  1281.049    -6.39    9.59
 136748.061  1278.287    -7.37   10.68
 137122.773  1269.263   -24.08   16.74
 137497.471  1260.292   -23.94   22.38
 137872.154  1249.024   -30.07   25.42
 138246.823  1236.197   -34.23   27.94
 138621.478  1218.501   -47.23   37.15
 138996.119  1197.834   -55.16   44.30
 139370.746  1177.691   -53.76   36.90
 139745.358  1180.644     7.88   36.25
 140119.956  1188.175    20.10   40.09
 140494.540  1205.981    47.53   32.36
 140869.109  1217.316    30.26   16.95
 141243.664  1214.810    -6.69   12.63
 141618.205  1203.877   -29.19   15.12
 141992.732  1193.967   -26.46   17.66
 142367.244  1181.663   -32.85   19.37
 142741.743  1165.149   -44.09   22.01
 143116.227  1149.572   -41.59   23.33
 143490.696  1134.468   -40.33   21.70
 143865.152  1120.772   -36.57   20.16
 144239.593  1102.050   -50.00   37.95
 144614.020  1081.888   -53.84   49.86
 144988.433  1073.231   -23.12   55.16
 145362.832  1064.382   -23.63   59.23
 145737.216  1073.929    25.50   50.19
 146111.587  1075.258     3.55   31.94
 146485.943  1066.893   -22.34   19.51
 146860.285  1047.800   -51.00   28.50
 147234.612  1025.431   -59.75   34.67
 147608.926   977.001  -129.37   76.23
 147983.225   884.487  -247.14  138.83
 148357.510   795.219  -238.48  145.65
 148731.781   715.763  -212.27   89.99
 149106.038   676.322  -105.37   62.30
 149480.280   665.168   -29.80   63.21
 149854.509   669.763    12.28   67.24
 150228.723   662.691   -18.89   78.43
 150602.923   656.219   -17.30   79.43
 150977.109   643.001   -35.32   75.61
 151351.281   624.906   -48.35   71.36
 151725.438   630.292    14.39   78.48
 152100.190   647.170    45.03  100.03
 152477.182   690.739   115.56  117.49
 152854.159   743.979   141.21  108.92
 153231.122   768.491    65.02   99.60
 153608.071   778.834    27.44   77.51
 153985.005   776.828    -5.32   51.91
 154361.925   757.097   -52.34   51.40
 154738.830   744.025   -34.68   44.25
 155115.722   732.537   -30.48   34.79
 155492.598   723.763   -23.28   25.12
 155869.461   714.282   -25.16   23.66
 156246.309   702.929   -30.12   26.04
 156623.143   683.072   -52.69   30.52
 156999.962   663.382   -52.25   33.41
 157376.767   642.560   -55.25   32.42
 157753.558   608.382   -90.70   42.51
 158130.334   576.853   -83.67   45.56
 158507.096   543.429   -88.70   45.12
 158883.844   514.297   -77.32   34.23
 159260.578   487.977   -69.86   36.00
 159637.297   463.487   -65.00   41.30
 160014.002   430.977   -86.29   44.36
 160390.692   397.222   -89.60   34.92
 160767.369   377.842   -51.45   22.14
 161144.030   368.739   -24.16   15.99
 161520.678   362.097   -17.63   20.97
 161897.312   347.999   -37.43   32.42
 162273.931   299.097  -129.83   67.24
 162650.535   235.147  -169.78   74.92
 163027.126   148.368  -230.41  111.48
 163403.702    71.816  -203.26   89.51
 163780.264    30.267  -110.32   59.67
 164156.812    22.072   -21.76   48.57
 164533.345    53.322    82.98   49.62
 164909.864    81.027    73.57   58.62
 165286.369   105.842    65.90   48.60
 165662.860   108.933     8.21   48.31
 166039.336    71.739   -98.78   57.98
 166415.799    41.763   -79.62   50.59
 166792.247     7.537   -90.90   41.67
 167168.680   -19.296   -71.27   20.17
 167545.100   -27.882   -22.81   13.75
 167921.505   -34.678   -18.05    8.46
 168297.896   -36.067    -3.69    6.14
 168674.273   -35.356     1.89    6.08
 169050.635   -35.825    -1.25    5.92
 169426.983   -35.519     0.81    6.09
 169803.317   -36.261    -1.97    5.30
 170179.637   -37.332    -2.85    5.37
 170555.943   -36.642     1.83    5.27
 170932.234   -33.851     7.42    7.91
 171308.512   -29.700    11.03    9.64
 171684.775   -26.796     7.72    9.99
 172061.024   -29.269    -6.57   10.65
 172437.258   -33.999   -12.57    9.57
 172813.479   -38.928   -13.10    5.88
 173189.685   -41.814    -7.67    1.67
 173565.877   -42.349    -1.42    1.29
 173942.055   -41.856     1.31    1.66
 174318.219   -40.625     3.27    2.49
 174694.368   -39.928     1.85    2.38
 175070.504   -39.114     2.16    2.35
 175446.625   -39.928    -2.16    2.18
 175822.732   -40.142    -0.57    2.28
 176198.825   -40.562    -1.12    2.57
 176574.904   -41.094    -1.42    2.55
 176950.968   -41.415    -0.85    2.23
 177327.019   -41.878    -1.23    1.93
 177703.055   -42.172    -0.78    1.96
 178079.077   -42.318    -0.39    1.76
 178455.085   -42.999    -1.81    1.28
 178831.079   -43.261    -0.70    1.32
 179207.059   -43.213     0.13    1.22
 179583.025   -43.196     0.05    1.40
 179958.976   -43.253    -0.15    1.51
 180334.914   -43.342    -0.24    1.67
 180710.837   -43.415    -0.19    1.75
 181086.746   -43.309     0.28    1.62
 181462.641   -43.523    -0.57    1.62
 181838.522   -43.523     0.00    1.40
 182214.389   -43.618    -0.25    1.18
 182590.242   -43.503     0.31    1.26
 182966.080   -43.415     0.23    1.29
 183341.905   -43.475    -0.16    1.45
 183717.715   -43.237     0.63    1.72
 184093.512   -42.547     1.84    2.35
 184469.294   -41.547     2.66    2.61
 184845.062   -40.611     2.49    2.55
 185220.816   -40.635    -0.06    2.42
 185596.557   -41.451    -2.17    1.92
 185972.283   -42.147    -1.85    1.94
 186347.994   -42.879    -1.95    1.53
 186723.692   -43.269    -1.04    1.24
 187099.376   -43.278    -0.02    1.05
 187475.046   -42.765     1.36    1.88
 187850.702   -42.569     0.52    2.05
 188226.343   -42.118     1.20    2.38
 188601.971   -42.166    -0.13    2.06
 188977.585   -41.733     1.15    2.24
 189353.184   -40.858     2.33    2.43
 189728.770   -40.594     0.70    2.45
 190104.341   -41.041    -1.19    2.15
 190479.899   -41.761    -1.92    1.43
 190855.442   -41.951    -0.51    1.18
 191230.971   -41.881     0.19    1.17
 191606.487   -41.586     0.79    1.38
 191981.988   -40.928     1.75    2.18
 192357.475   -40.103     2.20    2.72
 192732.949   -40.137    -0.09    3.04
 193108.408   -39.880     0.68    3.15
 193483.854   -39.492     1.03    3.51
 193859.285   -39.473     0.05    3.49
 194234.702   -39.480    -0.02    2.96
 194610.106   -38.830     1.73    2.62
 194985.495   -39.404    -1.53    2.34
 195360.870   -39.903    -1.33    2.33
 195736.232   -40.837    -2.49    2.17
 196111.579   -41.569    -1.95    1.46
 196486.913   -41.332     0.63    1.58
 196862.232   -40.835     1.33    1.85
 197237.538   -40.464     0.99    2.28
 197612.829   -39.684     2.08    2.60
 197988.107   -39.403     0.75    2.75
 198363.371   -39.147     0.68    2.74
 198738.620   -39.367    -0.58    2.54
 199113.856   -39.230     0.36    2.63
 199489.078   -38.806     1.13    2.77
 199864.286   -38.975    -0.45    3.04
 200239.480   -39.025    -0.13    3.11
 200614.660   -39.761    -1.96    3.12
 200989.826   -40.318    -1.48    2.72
 201364.978   -40.269     0.13    2.82
 201740.116   -40.586    -0.85    2.40
 202115.240   -41.160    -1.53    2.26
 202490.351   -41.309    -0.40    2.04
 202865.447   -41.332    -0.06    2.13
 203240.530   -41.318     0.04    1.97
 203615.598   -40.103     3.24    2.46
 203990.653   -40.047     0.15    2.61
 204365.694   -40.190    -0.38    2.33
 204740.721   -40.294    -0.28    2.71
 205115.734   -40.380    -0.23    2.85
 205490.733   -40.328     0.14    2.51
 205865.718   -39.691     1.70    3.00
 206240.689   -39.137     1.48    2.79
 206615.647   -40.074    -2.50    2.76
 206990.590   -40.806    -1.95    2.62
 207365.520   -41.684    -2.34    2.24
 207740.436   -42.005    -0.86    1.77
 208115.338   -41.814     0.51    2.14
 208490.226   -41.825    -0.03    1.92
 208865.100   -41.618     0.55    1.99
 209239.961   -41.547     0.19    2.09
 209614.807   -41.659    -0.30    2.04
 209989.640   -41.632     0.07    2.31
 210364.459   -41.822    -0.51    2.15
 210739.264   -41.905    -0.22    1.97
 211114.055   -42.203    -0.79    1.78
 211488.832   -42.190     0.03    1.96
 211863.596   -41.785     1.08    2.04
 212238.345   -41.774     0.03    2.32
 212613.081   -41.087     1.83    2.46
 212987.803   -41.480    -1.05    2.59
 213362.511   -41.753    -0.73    2.46
 213737.206   -42.294    -1.44    2.74
 214111.886   -43.220    -2.47    2.21
 214486.553   -43.523    -0.81    2.18
 214861.206   -43.671    -0.40    2.20
 215235.845   -43.806    -0.36    2.14
 215610.470   -44.571    -2.04    2.30
 215985.082   -44.708    -0.37    2.06
 216359.680   -44.757    -0.13    2.25
 216734.264   -44.975    -0.58    2.13
 217108.834   -45.553    -1.54    1.90
 217483.390   -46.367    -2.17    2.36
 217857.933   -47.142    -2.07    3.02
 218232.462   -48.142    -2.67    3.00
 218606.977   -48.951    -2.16    2.87
 218981.478   -49.880    -2.48    2.45
 219355.965   -50.166    -0.76    2.02
 219730.439   -49.713     1.21    2.37
 220104.899   -48.733     2.62    2.72
 220479.345   -47.855     2.34    2.66
 220853.778   -47.278     1.54    2.35
 221228.196   -46.269     2.69    2.45
 221602.601   -46.611    -0.91    2.40
 221976.993   -45.951     1.76    2.37
 222351.370   -45.666     0.76    2.15
 222725.734   -45.723    -0.15    2.28
 223100.084   -45.610     0.30    2.05
 223474.420   -46.196    -1.57    2.37
 223848.743   -46.713    -1.38    2.61
 224223.051   -46.611     0.27    2.65
 224597.346   -46.184     1.14    2.67
 224971.628   -45.519     1.78    2.33
 225345.895   -45.261     0.69    1.77
 225720.149   -44.809     1.21    1.92
 226094.390   -44.625     0.49    1.73
 226468.616   -44.403     0.59    1.52
 226842.829   -44.223     0.48    1.65
 227218.114   -44.138     0.23    1.73
 227595.062   -43.332     2.14    2.53
 227971.997   -42.523     2.15    2.62
 228348.918   -42.547    -0.06    2.77
 228725.825   -42.155     1.04    2.47
 229102.719   -41.543     1.62    2.68
 229479.598   -41.499     0.12    2.61
 229856.463   -41.856    -0.95    2.53
 230233.315   -42.118    -0.69    2.53
 230610.152   -41.713     1.07    2.28
 230986.976   -41.082     1.68    2.33
 231363.786   -40.928     0.41    2.51
 231740.582   -40.903     0.07    2.56
 232117.364   -40.523     1.01    2.83
 232494.132   -40.523     0.00    2.91
 232870.887   -40.172     0.93    2.84
 233247.627   -39.806     0.97    3.03
 233624.354   -38.878     2.46    2.73
 234001.067   -38.391     1.29    2.87
 234377.766   -38.237     0.41    3.07
 234754.451   -38.172     0.17    3.02
 235131.122   -38.147     0.06    3.06
 235507.780   -37.428     1.91    2.95
 235884.423   -37.391     0.10    2.71
 236261.053   -37.999    -1.61    2.74
 236637.669   -37.737     0.70    2.84
 237014.271   -37.781    -0.12    2.77
 237390.860   -38.160    -1.01    2.47
 237767.434   -37.976     0.49    2.41
 238143.995   -38.303    -0.87    2.24
 238520.542   -38.757    -1.21    1.95
 238897.075   -38.356     1.06    2.06
 239273.594   -37.713     1.71    1.94
 239650.099   -37.809    -0.25    1.94
 240026.591   -37.903    -0.25    2.15
 240403.069   -37.278     1.66    2.62
 240779.533   -36.928     0.93    2.78
 241155.983   -36.666     0.70    2.67
 241532.420   -35.757     2.41    2.35
 241908.843   -34.999     2.01    2.26
 242285.251   -34.653     0.92    2.28
 242661.647   -33.828     2.19    2.49
 243038.028   -33.737     0.24    2.43
 243414.396   -33.611     0.34    2.26
 243790.750   -32.806     2.14    1.96
 244167.090   -33.098    -0.78    2.51
 244543.416   -33.191    -0.25    2.73
 244919.729   -32.858     0.88    2.86
 245296.027   -32.778     0.21    3.28
 245672.313   -33.269    -1.31    3.05
 246048.584   -32.684     1.56    3.08
 246424.841   -32.287     1.06    2.66
 246801.085   -31.837     1.20    2.46
 247177.315   -31.697     0.37    2.48
 247553.532   -31.261     1.16    2.07
 247929.735   -31.428    -0.44    2.02
 248305.924   -31.753    -0.86    1.97
 248682.099   -31.882    -0.34    2.08
 249058.260   -31.428     1.21    2.58
 249434.408   -31.346     0.22    2.65
 249810.542   -31.440    -0.25    2.78
 250186.663   -31.666    -0.60    2.52
 250562.769   -31.999    -0.89    2.21
 250938.862   -32.184    -0.49    2.04
 251314.941   -31.860     0.86    2.24
 251691.007   -31.517     0.91    2.30
 252067.059   -30.832     1.82    2.71
 252443.097   -30.001     2.21    2.85
 252819.122   -29.646     0.94    2.72
 253195.133   -29.765    -0.32    2.58
 253571.130   -30.138    -0.99    2.56
 253947.113   -30.415    -0.74    2.98
 254323.083   -30.537    -0.32    2.97
 254699.039   -30.489     0.13    2.82
 255074.982   -29.809     1.81    2.78
 255450.910   -29.441     0.98    2.38
 255826.826   -29.028     1.10    2.27
 256202.727   -28.071     2.55    4.05
 256578.615   -27.269     2.13    5.36
 256954.489   -25.071     5.85    6.91
 257330.350   -22.380     7.16    7.94
 257706.197   -21.428     2.53    7.89
 258082.030   -21.553    -0.33    7.16
 258457.850   -21.571    -0.05    6.44
 258833.656   -21.737    -0.44    6.31
 259209.448   -21.190     1.46    5.79
 259585.227   -20.050     3.03    4.75
 259960.992   -18.078     5.25    5.18
 260336.744   -17.318     2.02    5.29
 260712.482   -14.904     6.42    6.07
 261088.206   -13.464     3.83    6.17
 261463.917   -10.999     6.56    7.73
 261839.614    -6.703    11.43    8.05
 262215.297    -1.415    14.07    8.81
 262590.967     2.422    10.21    6.17
 262966.623     4.072     4.39    6.63
 263342.266     4.780     1.88    8.12
 263717.895     4.977     0.53   10.79
 264093.511     5.536     1.49   12.00
 264469.113     8.697     8.42   13.23
 264844.701    13.572    12.98   13.94
 265220.276    21.688    21.60   21.10
 265595.837    29.191    19.98   20.34
 265971.385    30.239     2.79   17.78
 266346.919    29.001    -3.30   12.34
 266722.440    26.144    -7.61    9.76
 267097.947    22.441    -9.86    9.32
 267473.440    21.322    -2.98    9.87
 267848.920    23.997     7.12   11.38
 268224.386    29.525    14.72   14.03
 268599.839    33.429    10.40   13.71
 268975.278    39.559    16.32   15.29
 269350.704    48.050    22.61   19.38
 269726.116    54.559    17.34   19.96
 270101.515    58.763    11.19   17.54
 270476.900    62.341     9.53   14.15
 270852.272    64.431     5.57   10.18
 271227.630    61.504    -7.80   11.23
 271602.974    56.309   -13.84   11.81
 271978.305    51.365   -13.17   10.20
 272353.623    50.263    -2.94   10.77
 272728.927    53.389     8.33   12.83
 273104.217    60.215    18.18   14.22
 273479.494    65.611    14.37   11.98
 273854.758    67.511     5.06   12.51
 274230.008    66.787    -1.93   17.70
 274605.244    68.731     5.18   19.55
 274980.468    70.658     5.13   19.49
 275355.677    76.706    16.12   16.16
 275730.873    82.397    15.16   17.87
 276106.056    83.347     2.53   20.29
 276481.225    84.828     3.95   22.57
 276856.381    87.334     6.68   25.94
 277231.523    85.537    -4.79   27.17
 277606.651    85.929     1.04   26.22
 277981.767    86.929     2.67   24.45
 278356.868    91.731    12.80   25.82
 278731.957    98.763    18.74   33.01
 279107.032   109.975    29.89   36.87
 279482.093   123.365    35.69   36.74
 279857.141   133.511    27.05   36.79
 280232.176   136.310     7.46   33.58
 280607.197   131.047   -14.03   34.62
 280982.204   132.215     3.11   29.52
 281357.199   129.944    -6.05   26.71
 281732.179   132.144     5.86   22.63
 282107.147   141.024    23.68   10.35
 282482.101   147.049    16.07   17.89
 282857.041   155.810    23.36   21.62
 283231.968   166.862    29.47   23.32
 283606.882   172.640    15.41   27.96
 283981.782   180.172    20.09   29.23
 284356.669   185.243    13.52   34.62
 284731.543   181.999    -8.65   40.33
 285106.403   182.149     0.40   46.37
 285481.250   178.504    -9.72   53.99
 285856.083   170.893   -20.30   64.02
 286230.903   168.706    -5.83   73.94
 286605.709   170.463     4.68   82.30
 286980.503   178.072    20.30   83.73
 287355.282   182.618    12.13   77.48
 287730.049   191.467    23.61   64.16
 288104.802   194.382     7.78   45.48
 288479.541   185.001   -25.03   34.07
 288854.268   167.219   -47.44   26.39
 289228.980   154.243   -34.62   27.99
 289603.680   137.622   -44.35   24.15
 289978.366   128.715   -23.77   24.00
 290353.039   115.511   -35.23   26.68
 290727.699   103.501   -32.05   30.63
 291102.345    92.292   -29.91   31.76
 291476.977    83.906   -22.38   33.38
 291851.597    74.780   -24.36   33.70
 292226.203    68.902   -15.69   33.04
 292600.796    63.438   -14.58   26.37
 292975.375    59.658   -10.09   22.74
 293349.941    58.822    -2.23   19.09
 293724.494    64.715    15.73   23.61
 294099.034    70.194    14.63   30.20
 294473.560    75.001    12.83   33.23
 294848.073    75.194     0.52   32.27
 295222.572    63.862   -30.25   21.12
 295597.058    56.380   -19.97   16.35
