-252528.070   122.479     0.00   45.94
-252151.216   114.473   -21.24   43.59
-251774.348   107.137   -19.46   35.23
-251397.467   107.050    -0.23   34.47
-251020.572   100.376   -17.70   28.41
-250643.664   102.696     6.15   22.74
-250266.742   105.820     8.29   20.65
-249891.693   104.502    -3.51   18.55
-249517.423   104.199    -0.81   16.94
-249143.140   100.207   -10.67   14.95
-248768.843    95.307   -13.09   15.90
-248394.533    89.296   -16.06   15.67
-248020.210    84.104   -13.87   15.02
-247645.873    82.868    -3.30   17.24
-247271.523    82.556    -0.83   16.43
-246897.160    81.332    -3.27   15.05
-246522.783    81.796     1.24   14.69
-246148.393    76.868   -13.16   11.92
-245773.990    75.096    -4.73   13.36
-245399.574    71.307   -10.12   10.22
-245025.144    70.033    -3.40   13.14
-244650.700    71.096     2.84   17.04
-244276.244    71.137     0.11   17.66
-243901.774    65.421   -15.26   20.20
-243527.290    59.390   -16.10   17.19
-243152.794    52.696   -17.87   12.89
-242778.284    46.866   -15.56   12.57
-242403.760    42.985   -10.36   10.64
-242029.223    40.213    -7.40   11.87
-241654.673    34.509   -15.23   11.22
-241280.110    32.950    -4.16   10.67
-240905.533    32.134    -2.18    9.51
-240530.942    32.600     1.24    8.99
-240156.339    33.199     1.60    8.29
-239781.722    33.223     0.06    7.72
-239407.091    30.540    -7.16    7.58
-239032.447    30.771     0.62    9.23
-238657.790    30.463    -0.82    9.83
-238283.120    30.551     0.24    9.25
-237908.435    33.039     6.64   11.54
-237533.738    36.596     9.49   14.71
-237159.027    42.384    15.45   17.20
-236784.303    46.797    11.77   15.95
-236409.565    45.381    -3.78   16.77
-236034.814    47.890     6.69   14.99
-235660.049    53.600    15.23   15.49
-235285.271    58.723    13.67   16.89
-234910.480    62.463     9.98   14.55
-234535.675    66.502    10.78   16.20
-234160.857    68.446     5.18   16.22
-233786.025    66.795    -4.40   15.91
-233411.180    59.698   -18.93   19.93
-233036.322    54.015   -15.16   18.04
-232661.449    53.356    -1.76   15.70
-232286.564    55.596     5.97   16.46
-231911.665    59.137     9.44   12.73
-231536.753    55.699    -9.17   14.48
-231161.827    48.551   -19.06   15.78
-230786.887    38.937   -25.64   12.77
-230411.935    35.332    -9.61   11.26
-230036.968    37.161     4.88   11.19
-229661.988    43.121    15.89   13.27
-229286.995    45.039     5.11   13.61
-228911.989    44.196    -2.25   14.17
-228536.968    41.356    -7.57   15.08
-228161.935    37.390   -10.57   14.95
-227786.887    34.538    -7.60   13.16
-227411.827    30.723   -10.17   10.33
-227036.753    29.412    -3.50    9.56
-226661.665    30.521     2.96   10.10
-226286.564    29.356    -3.10    9.89
-225911.449    28.747    -1.62    8.90
-225536.321    28.698    -0.13   10.19
-225161.179    28.455    -0.65   10.86
-224786.024    28.021    -1.16   12.10
-224410.855    27.463    -1.49   12.60
-224035.673    24.600    -7.63   11.97
-223660.477    19.844   -12.67   11.77
-223285.268    17.643    -5.87   11.30
-222910.045    13.339   -11.47    9.90
-222534.808     9.087   -11.33    5.24
-222159.558     8.746    -0.91    5.09
-221784.295     6.961    -4.76    3.89
-221409.018     6.624    -0.90    2.99
-221033.727     6.271    -0.94    3.21
-220658.423     6.078    -0.51    3.43
-220283.105     5.414    -1.77    3.43
-219907.774     4.841    -1.53    3.21
-219532.429     4.009    -2.22    3.10
-219157.071     3.698    -0.83    3.30
-218781.699     3.946     0.66    3.73
-218406.313     4.356     1.09    4.74
-218030.914     5.196     2.24    5.30
-217655.501     5.381     0.49    5.45
-217280.075     5.454     0.19    5.34
-216904.635     5.937     1.29    5.23
-216529.182     6.917     2.61    4.80
-216153.714     7.461     1.45    5.02
-215778.234     8.576     2.97    4.70
-215402.739     8.942     0.97    5.26
-215027.232     9.966     2.73    7.93
-214651.710    11.957     5.30    9.46
-214276.175    16.485    12.06   12.37
-213900.626    18.515     5.40   14.80
-213525.064    24.652    16.34   23.50
-213149.488    30.896    16.62   23.11
-212773.898    39.271    22.29   26.43
-212398.295    54.088    39.44   32.16
-212022.678    66.698    33.57   33.43
-211647.048    72.699    15.98   30.56
-211271.404    74.628     5.13   27.26
-210895.746    67.463   -19.07   27.83
-210520.075    57.461   -26.62   26.94
-210144.390    43.673   -36.70   19.05
-209768.691    39.985    -9.82   18.06
-209392.979    38.088    -5.05   18.25
-209017.253    35.850    -5.96   15.38
-208641.513    35.407    -1.18   13.30
-208265.760    34.489    -2.44   10.82
-207889.993    34.673     0.49   13.12
-207514.212    31.576    -8.24   13.66
-207138.418    26.950   -12.31   12.85
-206762.610    21.203   -15.29    9.30
-206386.788    16.950   -11.31    7.03
-206010.952    16.652    -0.79    7.91
-205635.103    16.533    -0.32    8.57
-205259.241    15.696    -2.23    9.92
-204883.364    13.816    -5.00   11.35
-204507.474    12.271    -4.11   11.91
-204131.570    10.366    -5.07   12.30
-203755.653     8.199    -5.76   12.90
-203379.721     4.176   -10.70   12.31
-203003.776    -1.532   -15.18   10.01
-202627.818    -6.793   -13.99    7.18
-202251.845   -10.515    -9.90    4.70
-201875.859   -12.351    -4.88    4.17
-201499.859   -13.944    -4.23    3.87
-201123.846   -15.301    -3.61    2.85
-200747.818   -15.979    -1.80    2.56
-200371.777   -16.063    -0.22    2.45
-199995.723   -15.854     0.55    2.19
-199619.654   -15.961    -0.28    2.70
-199243.572   -15.790     0.45    3.11
-198867.476   -16.376    -1.56    3.25
-198491.366   -18.034    -4.41    3.68
-198115.242   -19.539    -4.00    3.32
-197739.105   -21.279    -4.63    2.92
-197362.954   -22.063    -2.08    2.84
-196986.789   -22.872    -2.15    2.80
-196610.611   -23.156    -0.75    2.83
-196234.418   -23.694    -1.43    2.69
-195858.212   -24.449    -2.00    2.55
-195481.992   -23.929     1.38    2.98
-195105.759   -22.693     3.29    3.89
-194729.511   -20.299     6.36    5.28
-194353.250   -18.563     4.61    5.10
-193976.975   -17.015     4.11    5.12
-193600.686   -14.104     7.73    9.23
-193224.383   -10.454     9.70   13.37
-192848.067    -6.601    10.24   13.93
-192471.737    -3.539     8.14   12.65
-192095.393     2.576    16.24   12.23
-191719.035     6.914    11.52   11.84
-191342.663    11.146    11.24   13.26
-190966.278    14.446     8.77   14.82
-190589.878    16.033     4.22   14.83
-190213.465    22.210    16.41   16.56
-189837.038    28.259    16.07   16.41
-189460.597    29.112     2.27   15.58
-189084.143    30.896     4.74   17.55
-188707.674    27.282    -9.60   17.91
-188331.192    24.463    -7.49   17.66
-187954.696    24.015    -1.19   17.96
-187578.186    24.890     2.32   19.40
-187201.662    25.846     2.54   19.91
-186825.124    25.430    -1.10   19.56
-186448.573    21.078   -11.55   15.77
-186072.007    19.352    -4.58   17.41
-185695.428    19.461     0.29   19.13
-185318.835    18.556    -2.40   21.20
-184942.228    14.654   -10.36   23.18
-184565.607    12.218    -6.47   23.61
-184188.972     8.157   -10.78   22.33
-183812.323     2.429   -15.21   16.33
-183435.661    -0.848    -8.70    9.39
-183058.984    -3.682    -7.52    5.39
-182682.294    -5.383    -4.52    5.19
-182305.590    -7.320    -5.14    5.93
-181928.871    -8.104    -2.08    6.73
-181552.139    -8.113    -0.02    7.00
-181175.393    -7.801     0.83    6.52
-180798.634    -6.973     2.20    5.93
-180421.860    -9.161    -5.81    5.59
-180045.072   -10.896    -4.60    4.52
-179668.270   -13.229    -6.19    4.68
-179291.455   -16.254    -8.03    4.89
-178914.625   -17.888    -4.34    5.59
-178537.782   -19.957    -5.49    4.78
-178160.925   -21.045    -2.89    4.72
-177784.053   -21.104    -0.16    4.12
-177407.168   -19.766     3.55    4.42
-177030.269   -18.693     2.85    4.01
-176653.356   -17.586     2.93    2.51
-176276.429   -17.973    -1.03    2.64
-175899.488   -18.790    -2.17    3.04
-175522.533   -20.015    -3.25    3.27
-175145.564   -20.571    -1.47    3.19
-174770.993   -21.110    -1.44    2.85
-174396.777   -21.790    -1.82    2.68
-174022.548   -22.729    -2.51    2.52
-173648.306   -23.522    -2.12    2.38
-173274.049   -24.532    -2.70    2.48
-172899.779   -25.539    -2.69    2.56
-172525.495   -26.927    -3.71    2.39
-172151.197   -27.372    -1.19    2.58
-171776.885   -27.801    -1.14    2.49
-171402.560   -27.790     0.03    2.42
-171028.220   -27.863    -0.20    1.91
-170653.867   -28.473    -1.63    1.93
-170279.501   -28.863    -1.04    1.95
-169905.120   -29.034    -0.46    2.03
-169530.726   -28.848     0.50    2.34
-169156.317   -27.420     3.82    2.89
-168781.896   -25.753     4.45    2.72
-168407.460   -24.947     2.15    2.37
-168033.010   -24.625     0.86    2.26
-167658.547   -25.888    -3.37    2.66
-167284.070   -27.110    -3.26    2.63
-166909.579   -27.254    -0.38    2.85
-166535.074   -26.150     2.95    4.12
-166160.555   -23.957     5.86    4.70
-165786.023   -23.383     1.53    4.64
-165411.476   -23.991    -1.62    4.65
-165036.916   -25.205    -3.24    4.38
-164662.342   -24.486     1.92    4.67
-164287.754   -22.775     4.57    5.08
-163913.153   -21.177     4.27    5.08
-163538.537   -19.834     3.58    5.43
-163163.908   -18.372     3.90    5.29
-162789.265   -16.420     5.21    4.64
-162414.608   -16.671    -0.67    4.76
-162039.937   -17.255    -1.56    5.18
-161665.252   -17.824    -1.52    5.27
-161290.553   -18.790    -2.58    5.43
-160915.841   -18.777     0.04    5.41
-160541.114   -20.277    -4.00    5.61
-160166.374   -22.034    -4.69    4.39
-159791.620   -23.086    -2.81    3.58
-159416.852   -24.204    -2.98    3.62
-159042.070   -25.180    -2.60    3.25
-158667.274   -25.515    -0.89    3.02
-158292.464   -25.586    -0.19    3.11
-157917.641   -25.063     1.40    3.34
-157542.803   -25.113    -0.13    3.48
-157167.952   -24.790     0.86    3.60
-156793.086   -25.579    -2.10    3.44
-156418.207   -25.619    -0.11    3.06
-156043.314   -26.159    -1.44    3.31
-155668.407   -26.648    -1.30    3.15
-155293.486   -26.348     0.80    2.83
-154918.551   -27.253    -2.41    2.70
-154543.602   -28.034    -2.08    2.38
-154168.639   -28.467    -1.16    2.21
-153793.663   -29.351    -2.36    1.29
-153418.672   -29.424    -0.20    1.36
-153043.667   -29.658    -0.62    1.36
-152668.649   -29.872    -0.57    1.14
-152293.616   -29.704     0.45    1.18
-151918.570   -29.491     0.57    1.29
-151543.510   -29.204     0.77    1.14
-151168.435   -28.801     1.07    1.48
-150793.347   -28.324     1.27    1.71
-150418.245   -27.555     2.05    2.10
-150043.128   -26.920     1.69    2.75
-149667.998   -26.808     0.30    3.03
-149292.854   -26.275     1.42    2.95
-148917.696   -25.839     1.16    3.27
-148542.524   -25.896    -0.15    3.01
-148167.338   -26.010    -0.30    2.44
-147792.137   -26.152    -0.38    2.75
-147416.923   -27.229    -2.87    2.73
-147041.695   -27.281    -0.14    2.99
-146666.453   -27.896    -1.64    2.51
-146291.197   -28.648    -2.00    2.14
-145915.927   -28.129     1.38    2.85
-145540.643   -28.843    -1.90    2.53
-145165.344   -28.887    -0.12    2.80
-144790.032   -29.539    -1.74    2.25
-144414.706   -30.020    -1.28    1.95
-144039.366   -30.396    -1.00    1.70
-143664.012   -30.671    -0.73    1.14
-143288.643   -30.588     0.22    1.25
-142913.261   -30.348     0.64    1.25
-142537.865   -29.824     1.40    1.33
-142162.454   -29.896    -0.19    0.98
-141787.030   -30.134    -0.63    1.36
-141411.592   -30.571    -1.16    1.28
-141036.139   -30.766    -0.52    1.38
-140660.672   -30.679     0.23    1.38
-140285.192   -30.815    -0.36    1.41
-139909.697   -31.058    -0.65    1.22
-139534.188   -31.229    -0.45    1.10
-139158.666   -31.205     0.06    1.07
-138783.129   -31.183     0.06    1.07
-138407.578   -31.351    -0.45    1.05
-138032.013   -31.429    -0.21    1.11
-137656.434   -31.658    -0.61    1.15
-137280.840   -31.485     0.46    1.26
-136905.233   -30.927     1.49    1.82
-136529.612   -30.372     1.48    1.95
-136153.976   -29.679     1.84    2.46
-135778.327   -29.741    -0.17    2.04
-135402.663   -29.625     0.31    2.00
-135026.985   -29.729    -0.28    2.02
-134651.293   -29.586     0.38    2.05
-134275.587   -29.229     0.95    2.29
-133899.867   -28.644     1.56    2.32
-133524.133   -28.479     0.44    1.98
-133148.385   -29.400    -2.45    2.07
-132772.622   -29.961    -1.49    1.88
-132396.845   -30.491    -1.41    1.21
-132021.055   -30.277     0.57    1.15
-131645.250   -30.354    -0.21    1.14
-131269.431   -30.229     0.33    1.15
-130893.598   -30.178     0.14    1.17
-130517.750   -30.205    -0.07    1.28
-130141.889   -29.920     0.76    1.49
-129766.013   -29.346     1.53    2.06
-129390.123   -28.658     1.83    2.23
-129014.219   -27.940     1.91    2.46
-128638.301   -27.820     0.32    2.41
-128262.369   -27.985    -0.44    2.30
-127886.423   -28.555    -1.51    2.51
-127510.462   -29.473    -2.44    1.98
-127134.487   -30.050    -1.53    2.00
-126758.498   -30.320    -0.72    2.23
-126382.495   -29.537     2.08    2.78
-126006.478   -29.420     0.31    2.56
-125630.446   -29.824    -1.08    2.05
-125254.401   -30.229    -1.08    2.20
-124878.341   -30.616    -1.03    1.87
-124502.266   -30.519     0.26    2.18
-124126.178   -30.158     0.96    2.50
-123750.076   -30.508    -0.93    2.40
-123373.959   -30.668    -0.43    2.21
-122997.828   -30.957    -0.77    1.68
-122621.683   -31.098    -0.38    1.74
-122245.523   -31.253    -0.41    1.66
-121869.350   -31.927    -1.79    1.47
-121493.162   -32.134    -0.55    1.41
-121116.960   -32.253    -0.32    1.28
-120740.743   -32.101     0.40    1.36
-120364.513   -31.944     0.42    1.40
-119988.268   -31.229     1.90    1.90
-119612.009   -29.063     5.76    4.53
-119235.736   -25.063    10.63    6.71
-118859.448   -22.961     5.58    7.45
-118483.146   -21.997     2.56    7.58
-118106.830   -17.229    12.67   14.56
-117730.500    16.210    88.85   58.24
-117354.155    81.161   172.57   98.31
-116977.796   155.795   198.29  124.54
-116601.423   247.676   244.10  124.25
-116225.036   328.628   215.06  105.22
-115848.634   408.234   211.47   90.67
-115472.218   478.492   186.63   69.40
-115095.788   519.890   109.97   57.94
-114719.343   557.527    99.97   46.11
-114342.884   587.515    79.65   42.39
-113966.411   603.624    42.79   32.96
-113589.923   610.771    18.98   29.79
-113213.422   615.723    13.15   46.58
-112836.905   615.104    -1.64   53.78
-112460.375   632.318    45.71   62.07
-112083.830   664.866    86.43   69.71
-111707.271   704.844   106.16   70.84
-111330.698   748.795   116.70   52.94
-110954.110   780.515    84.22   26.97
-110577.508   792.580    32.03   22.86
-110200.892   801.628    24.02   25.19
-109824.261   812.128    27.88   32.79
-109447.616   825.485    35.46   34.94
-109070.957   833.844    22.19   35.46
-108694.283   850.820    45.06   31.93
-108317.595   867.723    44.87   36.79
-107940.892   886.039    48.62   42.66
-107564.175   917.533    83.59   39.09
-107187.444   937.210    52.23   32.44
-106810.699   929.868   -19.48   52.09
-106433.939   914.996   -39.47   59.58
-106057.165   910.056   -13.11   59.76
-105680.376   888.033   -58.45   57.58
-105303.573   844.080  -116.64   95.49
-104926.755   743.604  -266.62  166.41
-104549.924   602.822  -373.56  171.80
-104173.077   461.003  -376.30  165.33
-103796.217   333.039  -339.53  126.04
-103419.342   292.556  -107.41   84.86
-103042.453   335.818   114.78  123.39
-102665.549   428.955   247.09  136.42
-102288.631   570.339   375.07  167.31
-101911.698   734.137   434.52  178.57
-101534.751   840.033   280.91  147.27
-101157.789   947.942   286.24  167.52
-100780.814  1037.560   237.71  179.91
-100403.823  1112.112   197.74  165.95
-100026.880  1184.489   192.00  107.54
 -99652.728  1218.234    90.18   50.97
 -99278.562  1240.794    60.29   37.22
 -98904.382  1257.694    45.16   44.35
 -98530.187  1255.293    -6.41   81.74
 -98155.978  1271.402    43.04   79.45
 -97781.755  1256.339   -40.25   80.68
 -97407.518  1195.461  -162.66  137.16
 -97033.267  1080.654  -306.74  186.47
 -96659.001   934.492  -390.50  180.83
 -96284.721   825.796  -290.39  140.69
 -95910.427   754.884  -189.44  117.55
 -95536.119   729.155   -68.73  101.94
 -95161.796   744.414    40.76   90.80
 -94787.459   769.673    67.47  100.84
 -94413.108   826.429   151.60  113.21
 -94038.743   944.112   314.33  152.81
 -93664.363  1062.155   315.28  201.64
 -93289.970  1227.533   441.69  216.29
 -92915.561  1386.166   423.66  125.61
 -92541.139  1444.893   156.83   62.56
 -92166.702  1460.478    41.62   38.92
 -91792.252  1463.112     7.03   30.18
 -91417.786  1459.283   -10.23   17.48
 -91043.307  1465.356    16.22   16.38
 -90668.813  1474.223    23.68   13.12
 -90294.305  1481.437    19.26   13.30
 -89919.783  1491.271    26.25   15.54
 -89545.246  1504.654    35.73   20.44
 -89170.695  1521.654    45.38   24.86
 -88796.130  1531.914    27.39   22.51
 -88421.550  1541.161    24.69   20.14
 -88046.957  1548.234    18.88   14.31
 -87672.348  1552.556    11.54   15.32
 -87297.726  1560.649    21.60   20.36
 -86923.089  1571.342    28.54   28.72
 -86548.438  1581.318    26.63   32.38
 -86173.773  1593.259    31.87   26.91
 -85799.093  1595.259     5.34   25.51
 -85424.399  1586.318   -23.86   27.48
 -85049.690  1573.795   -33.42   28.39
 -84674.968  1566.747   -18.81   37.87
 -84300.231  1549.429   -46.21   57.98
 -83925.479  1540.421   -24.04   58.49
 -83550.713  1553.724    35.50   34.81
 -83175.933  1556.848     8.33   31.28
 -82801.139  1567.509    28.44   35.60
 -82426.330  1577.914    27.76   25.85
 -82051.507  1582.329    11.78   30.90
 -81676.669  1589.306    18.61   32.47
 -81301.817  1598.350    24.13   30.41
 -80926.951  1608.907    28.16   22.44
 -80552.070  1607.071    -4.90   26.24
 -80177.175  1580.975   -69.60   55.10
 -79802.265  1535.676  -120.82   79.62
 -79427.342  1475.822  -159.63   96.80
 -79052.403  1419.634  -149.85   85.46
 -78677.451  1411.617   -21.38   80.54
 -78302.484  1451.628   106.70   96.80
 -77927.502  1500.771   131.05   75.69
 -77552.506  1516.893    42.99   56.49
 -77177.496  1508.271   -22.99   49.47
 -76802.471  1486.034   -59.29   49.73
 -76427.432  1477.247   -23.43   52.19
 -76052.379  1472.654   -12.24   51.40
 -75677.311  1450.199   -59.87   68.52
 -75302.228  1399.080  -136.28   86.73
 -74927.132  1365.546   -89.40   87.22
 -74552.020  1328.887   -97.72   77.76
 -74176.895  1327.696    -3.18   68.87
 -73801.755  1364.551    98.24   58.25
 -73426.600  1397.247    87.15   59.01
 -73051.431  1430.259    87.99   57.70
 -72676.248  1438.533    22.05   59.24
 -72301.050  1419.485   -50.76   65.43
 -71925.837  1373.893  -121.50   84.01
 -71550.611  1310.818  -168.09   66.94
 -71175.369  1287.033   -63.38   55.78
 -70800.114  1282.527   -12.01   45.71
 -70424.843  1290.794    22.03   38.87
 -70049.559  1294.820    10.73   28.14
 -69674.260  1297.890     8.18   29.90
 -69298.946  1296.104    -4.76   26.09
 -68923.618  1304.306    21.85   27.57
 -68548.275  1317.957    36.37   33.32
 -68172.918  1290.120   -74.16   73.24
 -67797.546  1238.009  -138.82  112.71
 -67422.160  1167.746  -187.16  110.34
 -67046.760  1128.259  -105.18   74.95
 -66671.345  1113.271   -39.92   80.02
 -66295.915  1106.556   -17.88   81.59
 -65920.471  1088.307   -48.60   68.74
 -65545.012  1056.306   -85.23   41.09
 -65169.539  1045.454   -28.90   27.97
 -64794.051  1033.295   -32.38   22.07
 -64418.549  1007.296   -69.23   36.62
 -64043.032   979.985   -72.72   45.33
 -63667.501   950.234   -79.22   39.00
 -63291.955   924.985   -67.23   18.08
 -62916.395   907.429   -46.74   18.76
 -62540.820   895.071   -32.90   17.88
 -62165.230   890.134   -13.14   13.10
 -61789.626   889.063    -2.85   10.46
 -61414.007   898.381    24.80   15.83
 -61038.374   910.794    33.05   22.60
 -60662.727   925.649    39.54   28.67
 -60287.064   929.543    10.37   23.82
 -59911.387   939.412    26.27   26.12
 -59535.696   958.608    51.09   48.55
 -59159.990  1006.461   127.36   91.29
 -58784.269  1071.794   173.88  114.61
 -58408.534  1123.375   137.27   98.62
 -58032.784  1127.508    11.00   94.19
 -57657.020  1079.748  -127.09  105.07
 -57281.241  1012.296  -179.49   68.15
 -56905.448   973.862  -102.27   67.37
 -56529.639   928.485  -120.74   91.40
 -56153.817   875.566  -140.80   82.99
 -55777.979   828.407  -125.47   59.86
 -55402.127   800.899   -73.19   21.58
 -55026.261   806.652    15.30   23.50
 -54650.379   825.937    51.31   25.10
 -54274.484   831.396    14.52   27.19
 -53898.573   817.021   -38.24   43.09
 -53522.648   792.166   -66.11   51.33
 -53146.708   762.678   -78.43   41.80
 -52770.754   740.166   -59.88   30.84
 -52394.785   730.247   -26.38   15.18
 -52018.801   721.271   -23.87   18.84
 -51642.803   714.437   -18.17   20.85
 -51266.790   710.318   -10.95   21.80
 -50890.762   712.485     5.76   31.27
 -50514.720   728.009    41.28   38.65
 -50138.663   749.080    56.03   40.25
 -49762.591   764.946    42.19   40.75
 -49386.505   751.561   -35.59   50.06
 -49010.404   732.571   -50.49   52.46
 -48634.288   704.454   -74.75   31.03
 -48258.158   696.381   -21.46   16.48
 -47882.013   702.259    15.63   21.46
 -47505.853   710.152    20.98   26.23
 -47129.679   722.673    33.29   34.09
 -46753.490   708.842   -36.76   47.08
 -46377.286   670.461  -102.02   78.37
 -46001.068   630.723  -105.62   83.27
 -45624.835   587.185  -115.72   43.73
 -45248.587   585.937    -3.32   36.95
 -44872.324   619.866    90.17   61.66
 -44496.047   643.723    63.40   57.11
 -44119.755   646.120     6.37   57.76
 -43743.448   644.080    -5.42   60.71
 -43367.126   617.817   -69.79   54.47
 -42990.790   587.199   -81.36   32.03
 -42614.439   571.454   -41.84   25.93
 -42238.073   565.795   -15.03   22.30
 -41861.693   564.628    -3.10   25.31
 -41485.298   565.143     1.37   38.42
 -41108.888   559.980   -13.72   49.29
 -40732.463   549.329   -28.29   55.78
 -40356.024   529.628   -52.33   46.88
 -39979.569   516.652   -34.47   24.84
 -39603.100   519.502     7.57   27.85
 -39226.617   522.631     8.31   28.27
 -38850.118   531.366    23.20   33.32
 -38473.605   536.104    12.58   37.68
 -38097.077   540.356    11.29   39.49
 -37720.534   535.844   -11.98   32.97
 -37343.976   534.585    -3.34   43.00
 -36967.404   533.271    -3.49   50.22
 -36590.817   528.556   -12.52   40.47
 -36214.215   527.841    -1.90   32.52
 -35837.598   544.985    45.52   54.56
 -35460.966   576.080    82.56   74.84
 -35084.320   586.318    27.18   77.83
 -34707.659   585.176    -3.03   73.67
 -34330.983   573.533   -30.91   66.46
 -33954.292   547.356   -69.49   49.50
 -33577.586   541.121   -16.55   35.14
 -33200.865   536.961   -11.04   32.24
 -32824.130   535.146    -4.82   32.06
 -32447.380   518.842   -43.27   32.89
 -32070.615   502.556   -43.22   30.91
 -31693.835   489.580   -34.44   36.74
 -31317.040   471.985   -46.70   47.68
 -30940.231   459.617   -32.82   46.22
 -30563.406   440.492   -50.75   57.80
 -30186.567   429.223   -29.90   58.67
 -29809.713   394.399   -92.41   73.48
 -29432.844   332.628  -163.90   82.21
 -29055.960   292.587  -106.24   73.69
 -28679.062   268.384   -64.21   37.96
 -28302.148   272.527    10.99   36.47
 -27925.219   295.795    61.73   46.64
 -27548.276   316.234    54.22   45.22
 -27171.318   328.560    32.70   45.51
 -26794.345   325.066    -9.27   45.53
 -26417.357   309.514   -41.25   40.05
 -26040.354   295.356   -37.55   31.60
 -25663.336   299.329    10.54   37.38
 -25286.303   326.795    72.85   48.58
 -24909.761   358.998    85.52   47.60
 -24535.661   385.899    71.91   37.08
 -24161.546   364.864   -56.23   61.47
 -23787.417   303.143  -164.97  102.77
 -23413.273   222.631  -215.18  116.63
 -23039.115   126.816  -256.08   93.89
 -22664.941    66.797  -160.40   53.16
 -22290.753    51.975   -39.61   35.77
 -21916.551    63.694    31.32   39.56
 -21542.333    89.509    68.98   47.16
 -21168.101   136.842   126.48   72.31
 -20793.854   180.846   117.58   88.20
 -20419.593   242.930   165.88   96.81
 -20045.317   290.218   126.34   78.99
 -19671.026   303.342    35.06   63.93
 -19296.720   303.306    -0.10   45.03
 -18922.400   284.533   -50.15   41.47
 -18548.065   252.699   -85.04   32.27
 -18173.715   234.412   -48.85   33.89
 -17799.351   247.910    36.06   45.79
 -17424.972   259.471    30.88   49.96
 -17050.578   258.356    -2.98   48.30
 -16676.169   245.580   -34.12   52.57
 -16301.746   229.259   -43.59   45.88
 -15927.308   206.033   -62.03   27.52
 -15552.855   182.628   -62.50   42.13
 -15178.387   168.533   -37.64   43.60
 -14803.905   163.649   -13.04   42.02
 -14429.408   170.414    18.06   39.31
 -14054.896   184.842    38.53   27.24
 -13680.369   169.492   -40.99   35.41
 -13305.828   157.390   -32.31   41.53
 -12931.271   132.937   -65.28   39.35
 -12556.700   107.234   -68.62   45.08
 -12182.115    84.771   -59.97   48.15
 -11807.514    57.236   -73.50   37.11
 -11432.899    40.631   -44.32   23.96
 -11058.269    35.604   -13.42   24.29
 -10683.624    26.213   -25.07   14.62
 -10308.964    22.176   -10.78   13.51
  -9934.289    15.604   -17.54    4.24
  -9559.600    12.701    -7.75    2.67
  -9184.896    11.461    -3.31    2.63
  -8810.177    10.137    -3.53    2.36
  -8435.443     9.580    -1.48    2.33
  -8060.695    11.271     4.51    6.25
  -7685.931    21.096    26.22   21.68
  -7311.153    36.864    42.07   31.39
  -6936.360    68.868    85.39   51.66
  -6561.552    93.866    66.69   53.76
  -6186.729   113.890    53.42   45.96
  -5811.892   122.461    22.87   41.30
  -5437.040    93.521   -77.20   51.11
  -5062.172    56.078   -99.88   38.02
  -4687.290    35.589   -54.66   26.40
  -4312.393    24.056   -30.76   10.92
  -3937.481    25.073     2.71    9.24
  -3562.555    36.485    30.44   19.84
  -3187.613    49.744    35.36   27.22
  -2812.657    59.384    25.71   29.71
  -2437.686    58.104    -3.41   32.64
  -2062.699    43.128   -39.94   32.82
  -1687.698    22.725   -54.41   23.09
  -1312.682     8.871   -36.94   14.95
   -937.652     1.407   -19.90    4.22
   -562.606    -0.229    -4.36    0.00
   -187.545    -0.161     0.18    0.45
    187.530     0.492     1.74    1.69
    562.621     2.236     4.65    3.23
    937.726     4.027     4.77    3.40
   1312.846     6.284     6.02    2.62
   1687.981     7.453     3.12    2.21
   2063.131     7.868     1.11    1.99
   2438.296     8.437     1.52    2.28
   2813.476     8.332    -0.28    2.27
   3188.671     8.356     0.07    2.45
   3563.881     8.589     0.62    2.57
   3939.105     7.981    -1.62    2.47
   4314.345     7.699    -0.75    2.27
   4689.599     7.375    -0.86    2.36
   5064.869     7.080    -0.79    2.38
   5440.153     6.890    -0.51    2.00
   5815.453     7.096     0.55    2.22
   6190.767     6.937    -0.42    2.52
   6566.096     7.259     0.86    3.00
   6941.441     7.366     0.29    3.73
   7316.800     7.556     0.51    3.52
   7692.174     8.295     1.97    3.83
   8067.563     8.937     1.71    3.65
   8442.967    12.533     9.58   10.48
   8818.387    16.890    11.61   13.20
   9193.821    19.248     6.28   14.47
   9569.270    17.556    -4.51   13.34
   9944.734    14.033    -9.39   10.56
  10320.213     9.980   -10.79    6.70
  10695.707     9.771    -0.56    8.40
  11071.216    13.390     9.64   15.97
  11446.740    10.538    -7.59   14.41
  11822.280     9.910    -1.67   14.20
  12197.834     8.515    -3.72    6.96
  12573.403     7.329    -3.16    2.06
  12948.987     7.509     0.48    1.89
  13324.586     7.649     0.37    1.81
  13700.200     8.390     1.97    2.00
  14075.830     9.271     2.35    2.32
  14451.474    10.306     2.75    2.44
  14827.133    10.699     1.05    2.26
  15202.808    10.934     0.62    2.28
  15578.497    10.485    -1.19    2.51
  15954.202     9.580    -2.41    2.57
  16329.921     9.910     0.88    3.15
  16705.656     9.771    -0.37    2.87
  17081.406    10.461     1.84    2.75
  17457.170    11.652     3.17    2.92
  17832.950    11.478    -0.46    2.44
  18208.745    11.671     0.51    2.61
  18584.555    11.771     0.27    2.46
  18960.380    11.966     0.52    2.53
  19336.220    12.009     0.11    2.40
  19712.075    12.771     2.03    2.35
  20087.946    13.429     1.75    2.49
  20463.831    14.236     2.15    2.45
  20839.731    14.437     0.54    2.42
  21215.647    14.747     0.82    2.60
  21591.578    14.699    -0.13    2.55
  21967.524    14.399    -0.80    2.67
  22343.484    14.842     1.18    3.27
  22719.460    14.481    -0.96    3.20
  23095.452    14.566     0.23    3.43
  23471.458    14.990     1.13    3.61
  23847.479    15.176     0.49    2.92
  24223.516    15.842     1.77    2.81
  24599.568    16.361     1.38    2.70
  24975.634    16.089    -0.72    2.61
  25351.716    16.002    -0.23    2.39
  25727.813    15.910    -0.24    2.27
  26103.926    15.841    -0.19    2.39
  26480.053    16.608     2.04    2.58
  26856.196    16.998     1.04    2.47
  27232.353    16.902    -0.25    2.65
  27608.526    17.043     0.38    2.37
  27984.714    16.515    -1.41    2.09
  28360.918    16.887     0.99    2.43
  28737.136    17.515     1.67    2.80
  29113.370    17.034    -1.28    3.19
  29489.618    16.816    -0.58    3.07
  29865.882    16.848     0.08    3.00
  30242.162    16.839    -0.02    2.53
  30618.456    17.390     1.46    2.71
  30994.765    17.745     0.94    3.01
  31371.090    17.657    -0.23    3.05
  31747.430    17.719     0.17    3.00
  32123.785    17.414    -0.81    2.42
  32500.156    17.468     0.15    2.24
  32876.541    17.576     0.28    1.95
  33252.942    17.362    -0.57    1.86
  33629.358    16.876    -1.29    1.47
  34005.789    17.475     1.59    2.49
  34382.236    17.817     0.91    2.29
  34758.698    18.189     0.99    2.40
  35135.175    18.329     0.37    2.41
  35511.667    18.591     0.70    2.47
  35888.174    18.793     0.54    2.31
  36264.697    19.551     2.01    2.47
  36641.235    19.818     0.71    2.63
  37017.788    19.795    -0.06    2.37
  37394.357    20.478     1.81    2.55
  37770.941    21.543     2.83    2.76
  38147.540    22.113     1.51    2.82
  38524.154    22.502     1.03    2.65
  38900.784    21.841    -1.76    2.73
  39277.428    21.649    -0.51    2.19
  39654.089    21.839     0.50    2.43
  40030.764    22.386     1.45    2.62
  40407.455    23.033     1.72    2.50
  40784.161    23.073     0.11    2.34
  41160.882    23.461     1.03    2.23
  41537.619    23.104    -0.95    1.90
  41914.371    23.745     1.70    2.02
  42291.138    24.362     1.64    2.20
  42667.920    24.546     0.49    2.30
  43044.718    25.724     3.13    2.42
  43421.531    26.176     1.20    2.31
  43798.360    26.381     0.54    2.26
  44175.204    27.430     2.78    2.74
  44552.063    27.796     0.97    2.90
  44928.938    27.866     0.19    3.04
  45305.827    27.390    -1.26    2.79
  45682.733    27.283    -0.28    2.49
  46059.653    27.492     0.55    2.09
  46436.589    28.446     2.53    2.48
  46813.540    30.056     4.27    3.32
  47190.507    30.580     1.39    3.15
  47567.489    30.795     0.57    3.04
  47944.486    30.461    -0.88    2.84
  48321.499    30.621     0.42    2.43
  48698.527    30.247    -0.99    1.77
  49075.571    30.942     1.84    1.80
  49452.629    31.556     1.63    1.82
  49829.704    32.318     2.02    2.19
  50205.839    33.152     2.22    2.14
  50579.889    34.080     2.48    1.87
  50953.954    34.628     1.46    1.51
  51328.034    35.748     2.99    2.23
  51702.130    36.914     3.12    2.71
  52076.240    38.247     3.56    2.80
  52450.366    39.189     2.52    2.63
  52824.507    39.282     0.25    2.68
  53198.663    39.699     1.11    2.40
  53572.834    40.009     0.83    2.67
  53947.021    40.966     2.56    2.80
  54321.222    42.329     3.64    2.40
  54695.439    43.213     2.36    2.15
  55069.671    44.399     3.17    2.20
  55443.918    45.366     2.58    2.40
  55818.180    47.027     4.44    2.50
  56192.458    49.009     5.30    2.42
  56566.750    50.628     4.33    2.37
  56941.058    52.282     4.42    2.38
  57315.381    53.414     3.02    2.39
  57689.719    55.295     5.02    2.72
  58064.073    56.771     3.94    2.63
  58438.441    58.454     4.50    2.76
  58812.825    59.971     4.05    2.89
  59187.224    61.748     4.75    3.40
  59561.639    63.471     4.60    3.40
  59936.068    65.223     4.68    3.14
  60310.513    66.699     3.94    3.14
  60684.973    68.189     3.98    3.21
  61059.448    70.342     5.75    3.21
  61433.938    71.981     4.38    3.76
  61808.444    74.248     6.05    4.29
  62182.965    77.502     8.69    4.57
  62557.501    79.137     4.36    4.99
  62932.053    82.128     7.99    5.01
  63306.619    84.454     6.21    5.21
  63681.201    86.884     6.49    5.50
  64055.798    88.232     3.60    5.47
  64430.411    90.134     5.08    4.81
  64805.039    93.073     7.84    4.83
  65179.682    96.748     9.81    5.73
  65554.340   103.839    18.93   13.06
  65929.013   109.060    13.94   15.84
  66303.702   116.293    19.31   19.78
  66678.406   122.053    15.37   22.63
  67053.126   136.027    37.29   33.24
  67427.860   156.748    55.30   43.70
  67802.610   181.546    66.18   45.64
  68177.376   203.339    58.15   45.41
  68552.156   219.534    43.21   47.36
  68926.952   238.422    50.40   55.09
  69301.764   280.724   112.87   78.07
  69676.590   324.213   116.03   79.71
  70051.432   350.887    71.17   72.32
  70426.289   375.643    66.04   67.83
  70801.162   379.384     9.98   58.18
  71176.050   383.571    11.17   45.89
  71550.953   401.485    47.79   35.38
  71925.871   429.556    74.88   45.68
  72300.805   469.039   105.31   64.61
  72675.754   537.634   182.96   78.85
  73050.719   589.673   138.79   71.65
  73425.699   654.271   172.28   80.84
  73800.694   747.580   248.84  119.09
  74175.705   856.842   291.37  179.70
  74550.731  1010.556   409.90  225.22
  74925.772  1162.942   406.34  238.67
  75300.829  1354.318   510.29  224.72
  75675.901  1505.551   403.24  251.05
  76050.989  1638.152   353.54  230.18
  76426.092  1720.021   218.27  179.42
  76801.210  1732.985    34.56  181.99
  77176.344  1672.533  -161.16  240.92
  77551.493  1595.096  -206.43  285.51
  77926.657  1513.818  -216.66  318.68
  78301.837  1391.985  -324.75  347.89
  78677.033  1227.934  -437.27  329.76
  79052.243  1052.375  -467.92  262.29
  79427.470   965.725  -230.94  196.46
  79802.711   940.073   -68.37  158.77
  80177.968   989.841   132.63  218.40
  80553.241  1058.405   182.72  233.66
  80928.528  1076.236    47.52  273.54
  81303.832  1089.608    35.63  267.78
  81679.150  1025.793  -170.04  247.44
  82054.485   973.910  -138.24  207.54
  82429.834   957.794   -42.94  175.03
  82805.199   971.366    36.16  174.22
  83180.580  1008.866    99.91  166.76
  83555.976   990.166   -49.82  191.72
  83931.387   896.021  -250.80  217.44
  84306.814   814.247  -217.83  144.48
  84682.256   792.816   -57.09  105.59
  85057.714   847.961   146.88  133.31
  85433.187   960.454   299.62  150.24
  85808.676  1105.631   386.66  183.53
  86184.181  1260.538   412.56  187.91
  86559.700  1359.747   264.21  150.46
  86935.236  1391.143    83.61  146.61
  87310.786  1401.509    27.60  153.70
  87686.352  1400.342    -3.11  139.74
  88061.934  1453.699   142.08  161.58
  88437.531  1563.957   293.57  198.22
  88813.144  1731.063   444.92  192.27
  89188.772  1828.342   259.00  130.42
  89564.416  1857.652    78.03  126.55
  89940.076  1822.371   -93.92  177.40
  90315.750  1799.725   -60.28  162.13
  90691.441  1750.478  -131.09  149.78
  91067.147  1680.414  -186.50  157.95
  91442.868  1570.128  -293.55  175.06
  91818.605  1451.152  -316.67  157.01
  92194.358  1326.384  -332.07  131.42
  92570.126  1268.181  -154.90  100.12
  92945.909  1309.180   109.11  144.49
  93321.708  1377.723   182.41  145.99
  93697.523  1421.003   115.17  116.19
  94073.353  1439.533    49.31  116.37
  94449.199  1476.096    97.29  150.80
  94825.061  1630.362   410.47  227.75
  95200.938  1777.088   390.39  188.39
  95576.830  1845.152   181.09  136.68
  95952.738  1822.375   -60.59  135.34
  96328.662  1732.283  -239.68  142.23
  96704.602  1633.816  -261.94  145.61
  97080.556  1529.309  -278.00  145.18
  97456.527  1443.975  -226.99  165.44
  97832.513  1383.166  -161.75  178.89
  98208.515  1328.957  -144.18  177.22
  98584.532  1269.816  -157.29  162.14
  98960.565  1223.823  -122.32  132.82
  99336.614  1268.839   119.72  153.66
  99712.678  1352.896   223.54  185.03
 100088.758  1430.543   206.48  207.53
 100464.853  1511.027   214.01  200.85
 100840.964  1541.078    79.91  179.94
 101217.091  1552.793    31.15  164.71
 101593.233  1566.027    35.19  136.04
 101969.391  1600.445    91.51  144.56
 102345.565  1648.543   127.87  143.90
 102721.754  1715.961   179.23  107.43
 103097.959  1794.362   208.42   88.40
 103474.180  1850.455   149.11  118.63
 103850.416  1952.884   272.27  151.96
 104226.668  2044.437   243.35  120.52
 104602.935  2058.180    36.53  132.97
 104979.219  2011.050  -125.26  184.13
 105355.518  1893.155  -313.33  186.76
 105731.832  1800.521  -246.18  157.69
 106108.163  1777.976   -59.91  117.02
 106484.509  1818.295   107.14  121.28
 106860.870  1921.680   274.72  154.54
 107237.248  2043.846   324.61  157.81
 107613.641  2177.543   355.24  166.01
 107990.050  2279.587   271.12  148.72
 108366.474  2373.248   248.84  152.97
 108742.914  2508.515   359.36  150.26
 109119.370  2591.654   220.87  136.52
 109495.842  2619.771    74.69  120.93
 109872.329  2573.207  -123.69  170.58
 110248.832  2427.771  -386.32  237.09
 110625.351  2249.673  -473.05  222.45
 111001.886  2075.203  -463.40  191.45
 111378.436  1908.866  -441.78  170.27
 111755.002  1796.617  -298.11  144.93
 112131.584  1747.589  -130.20  114.34
 112508.181  1720.008   -73.25  102.63
 112884.795  1747.628    73.35  128.79
 113261.424  1793.259   121.17  142.16
 113638.069  1797.056    10.08  145.17
 114014.729  1823.816    71.05  123.17
 114391.405  1842.591    49.85  119.84
 114768.098  1953.407   294.21  193.93
 115144.806  2130.957   471.36  200.52
 115521.529  2277.282   388.45  185.66
 115898.269  2414.003   362.94  177.46
 116275.024  2545.745   349.71  185.62
 116651.795  2634.839   236.49  158.49
 117028.582  2667.454    86.57  118.99
 117405.384  2607.318  -159.61  137.01
 117782.203  2506.128  -268.57  162.56
 118159.037  2381.454  -330.88  172.15
 118535.887  2239.384  -377.03  165.94
 118912.753  2137.613  -270.07  160.02
 119289.635  2079.910  -153.12  161.87
 119666.532  2028.352  -136.81  169.31
 120043.446  2010.795   -46.59  160.64
 120420.375  1978.384   -85.99  140.40
 120797.320  1947.694   -81.43  108.21
 121174.281  1883.748  -169.65   98.79
 121551.258  1794.747  -236.12  105.32
 121928.250  1681.771  -299.71  150.11
 122305.259  1542.914  -368.35  181.25
 122682.283  1390.873  -403.31  193.34
 123059.323  1246.134  -383.92  197.76
 123436.379  1124.121  -323.63  183.15
 123813.451   987.509  -362.33  176.33
 124190.539   849.445  -366.17  168.55
 124567.642   788.722  -161.04  124.78
 124944.762   856.703   180.28  202.68
 125320.476   999.207   379.33  232.55
 125694.471  1156.437   420.45  189.30
 126068.482  1274.282   315.12  139.96
 126442.508  1349.056   199.94  158.78
 126816.551  1397.914   130.63  205.98
 127190.608  1464.371   177.68  210.93
 127564.681  1547.157   221.33  190.86
 127938.770  1605.971   157.24  142.41
 128312.875  1660.771   146.50  130.12
 128686.995  1732.771   192.47  157.24
 129061.131  1820.199   233.71  166.45
 129435.282  1923.492   276.10  187.26
 129809.449  2029.003   282.02  180.77
 130183.632  2136.842   288.23  181.76
 130557.830  2214.652   207.96  141.43
 130932.045  2220.864    16.60  123.12
 131306.274  2167.329  -143.07  165.34
 131680.520  2057.329  -293.96  204.62
 132054.781  1917.293  -374.21  195.67
 132429.057  1859.841  -153.52  187.83
 132803.350  1841.176   -49.87  204.46
 133177.658  1825.236   -42.59  240.22
 133551.982  1807.143   -48.34  219.10
 133926.321  1782.120   -66.85  173.17
 134300.676  1851.362   184.98  186.47
 134675.047  1969.027   314.34  219.76
 135049.434  2103.815   360.07  194.75
 135423.836  2140.033    96.75  171.60
 135798.254  2101.509  -102.90  213.36
 136172.688  2004.961  -257.88  220.24
 136547.137  1904.864  -267.35  177.13
 136921.602  1862.306  -113.66  139.00
 137296.083  1933.701   190.67  171.97
 137670.579  2080.143   391.08  254.78
 138045.092  2318.339   636.09  307.47
 138419.620  2566.795   663.46  284.65
 138794.163  2718.009   403.78  186.97
 139168.723  2746.485    76.03  136.53
 139543.298  2700.533  -122.69  150.29
 139917.889  2605.390  -254.02  134.97
 140292.496  2533.917  -190.82  104.38
 140667.119  2480.608  -142.32  109.12
 141041.757  2468.221   -33.07  102.47
 141416.411  2478.445    27.29  104.16
 141791.081  2509.210    82.12  113.25
 142165.766  2584.864   201.94  122.99
 142540.468  2675.271   241.31  114.15
 142915.185  2764.946   239.34  113.70
 143289.918  2812.134   125.94   94.12
 143664.666  2792.976   -51.13  124.72
 144039.431  2697.937  -253.63  183.71
 144414.211  2539.561  -422.63  219.10
 144789.007  2384.306  -414.29  210.98
 145163.819  2254.884  -345.34  150.06
 145538.647  2203.192  -137.93  114.00
 145913.490  2204.180     2.64  123.15
 146288.350  2235.234    82.85  115.44
 146663.225  2252.841    46.97  107.49
 147038.116  2298.120   120.79  123.89
 147413.023  2391.624   249.44  131.39
 147787.945  2509.203   313.65  147.32
 148162.884  2638.873   345.89  137.25
 148537.838  2746.492   287.05  127.69
 148912.808  2843.887   259.77  113.82
 149287.794  2909.585   175.22  124.92
 149662.796  2941.180    84.26  148.02
 150037.814  2996.350   147.13  144.99
 150412.847  3083.793   233.19  165.40
 150787.897  3163.121   211.54  131.93
 151162.962  3169.282    16.43  118.53
 151538.043  3078.293  -242.62  201.29
 151913.140  2916.196  -432.20  227.32
 152288.253  2730.362  -495.47  190.62
 152663.382  2578.718  -404.30  154.52
 153038.527  2466.975  -297.90  141.84
 153413.687  2348.259  -316.48  119.89
 153788.864  2247.817  -267.75  127.00
 154164.056  2144.771  -274.69  114.40
 154539.264  2113.386   -83.66   89.67
 154914.488  2160.134   124.60  132.25
 155289.728  2277.966   314.06  165.35
 155664.984  2420.817   380.73  173.83
 156040.256  2560.422   372.06  172.42
 156415.544  2701.746   376.63  178.87
 156790.848  2871.725   452.97  184.86
 157166.167  3012.718   375.71  172.76
 157541.503  3084.384   190.96  139.60
 157916.855  3088.910    12.06  145.51
 158292.222  3031.748  -152.31  182.16
 158667.605  2981.390  -134.17  176.41
 159043.005  3034.771   142.22  193.94
 159418.420  3126.953   245.58  198.04
 159793.851  3166.246   104.68  154.91
 160169.299  3075.985  -240.44  202.93
 160544.762  2948.771  -338.87  215.58
 160920.241  2824.015  -332.30  183.85
 161295.736  2746.657  -206.04  183.22
 161671.247  2723.546   -61.55  177.60
 162046.774  2702.223   -56.79  147.37
 162422.317  2654.199  -127.90  122.88
 162797.876  2602.961  -136.45  120.41
 163173.451  2498.676  -277.71  143.40
 163549.042  2386.646  -298.32  160.96
 163924.650  2246.521  -373.11  156.96
 164300.273  2172.371  -197.43  108.65
 164675.912  2197.866    67.88  123.10
 165051.567  2288.930   242.45  155.10
 165427.238  2414.009   332.99  163.42
 165802.925  2545.352   349.66  134.43
 166178.628  2622.914   206.47  131.51
 166554.347  2665.747   114.02  134.47
 166930.082  2658.868   -18.31  183.84
 167305.833  2570.352  -235.60  224.05
 167681.601  2469.771  -267.71  219.91
 168057.384  2397.631  -192.00  197.61
 168433.183  2326.009  -190.61  166.85
 168808.999  2240.185  -228.40  149.77
 169184.830  2198.073  -112.07  114.41
 169560.677  2202.293    11.23  113.35
 169936.541  2257.818   147.75  155.27
 170312.421  2325.375   179.76  166.09
 170688.316  2332.259    18.32  153.64
 171064.228  2400.073   180.42  172.49
 171440.156  2458.199   154.64  204.32
 171816.100  2599.213   375.15  232.27
 172192.060  2761.794   432.51  178.29
 172568.036  2862.794   268.67  168.99
 172944.028  2943.724   215.28  171.83
 173320.036  3007.652   170.04  170.96
 173696.061  3051.842   117.54  164.38
 174072.101  3098.543   124.21  170.65
 174448.158  3136.842   101.86  160.36
 174824.230  3148.634    31.36  175.57
 175200.319  3155.050    17.06  184.55
 175576.424  3162.295    19.27  183.88
 175952.545  3170.271    21.21  171.32
 176328.682  3132.957   -99.22  160.21
 176704.835  3079.907  -141.05  182.53
 177081.005  3036.748  -114.75  170.55
 177457.190  3052.585    42.10  156.63
 177833.392  3119.533   177.98  166.62
 178209.610  3226.485   284.33  180.36
 178585.844  3348.180   323.50  187.96
 178962.094  3410.282   165.08  166.10
 179338.361  3431.021    55.12  150.20
 179714.643  3458.841    73.94  134.21
 180090.942  3580.794   324.14  239.54
 180467.257  3785.509   544.08  331.70
 180843.588  4014.306   608.06  290.95
 181219.935  4191.352   470.51  197.36
 181596.298  4271.884   214.01  154.80
 181972.678  4317.259   120.57  132.56
 182349.074  4353.701    96.83  125.86
 182725.485  4355.247     4.11  110.02
 183101.914  4339.860   -40.88  138.19
 183478.358  4320.561   -51.27  138.96
 183854.819  4342.589    58.52  170.23
 184231.295  4384.375   111.01  189.05
 184607.788  4473.910   237.85  188.65
 184984.297  4590.422   309.50  186.51
 185360.823  4709.236   315.60  177.46
 185737.365  4791.515   218.55  174.55
 186113.922  4859.631   180.92  190.23
 186490.497  4895.724    95.86  198.21
 186867.087  4929.342    89.28  221.02
 187243.694  4954.027    65.55  183.67
 187620.316  4939.794   -37.80  158.77
 187996.956  4934.980   -12.78  147.25
 188373.611  4888.839  -122.52  154.09
 188750.282  4809.794  -209.88  176.10
 189126.970  4714.985  -251.73  188.81
 189503.674  4611.864  -273.79  198.77
 189880.395  4459.841  -403.61  209.95
 190257.132  4316.352  -380.93  220.15
 190633.885  4201.910  -303.81  211.53
 191010.654  4124.143  -206.44  196.44
 191387.439  4054.128  -185.85  219.59
 191764.241  4018.771   -93.85  193.62
 192141.059  4057.096   101.72  170.96
 192517.894  4128.884   190.53  199.24
 192894.744  4274.157   385.55  241.42
 193271.612  4393.910   317.81  199.79
 193648.495  4488.033   249.78  169.41
 194025.395  4469.180   -50.03  242.87
 194402.311  4344.143  -331.79  290.18
 194779.243  4197.248  -389.78  298.90
 195156.191  4081.934  -305.97  260.19
 195533.156  4086.654    12.53  251.29
 195910.138  4120.723    90.39  225.96
 196287.135  4140.096    51.40  171.70
 196664.149  4090.236  -132.27  194.60
 197041.180  3937.521  -405.11  224.32
 197418.226  3771.375  -440.72  237.10
 197795.289  3653.818  -311.82  162.98
 198172.369  3712.318   155.17  223.78
 198549.464  3887.839   465.53  302.94
 198926.577  4126.585   633.20  302.81
 199303.705  4354.339   604.02  229.61
 199680.850  4490.980   362.37  173.70
 200058.011  4598.771   285.84  165.89
 200433.307  4671.306   193.31  186.36
 200807.253  4725.585   145.18  156.46
 201181.216  4755.352    79.61  121.03
 201555.194  4778.884    62.93  135.93
 201929.188  4788.422    25.51  152.97
 202303.199  4795.430    18.74  180.55
 202677.225  4778.929   -44.13  176.42
 203051.268  4760.047   -50.49  173.25
