# NaN NaN NaN ;Mean Elev.(m), Avg Gradient(m/km), RMS Gradient(m/km) - SRTM1     
#   74.010  -1.712   5.710 ;Mean Elev.(m), Avg Gradient(m/km), RMS Gradient(m/km) - ASTER GDEM
#   72.214  -1.676   4.159 ;Mean Elev.(m), Avg Gradient(m/km), RMS Gradient(m/km) - GMTED2010 
  7  93.283448  26.705707    71.956    71.956  2 52471.16959618 49.682
  8  93.285182  26.707346    62.771    62.797  3 52506.16957551 47.781
  9  93.298497  26.718418    69.767    69.724  8 52541.16955545 27.182
 10  93.283475  26.706335    67.990    67.990  2 52576.16960600 29.207
 11  93.284534  26.705953    67.122    67.122  2 52611.16956821 21.956
 12  93.289247  26.708545    65.692    65.788  3 52646.16955480 28.033
 13  93.296339  26.718051    66.925    67.378  8 52681.16952538 30.243
 15  93.273300  26.704149    68.267    68.267  2 52751.16960860 37.677
 16  93.290697  26.711626    70.729    71.038  4 52786.16955018 29.285
 17  93.289836  26.709290    72.698    72.685  4 52821.16962462 49.860
 18  93.293343  26.714438    71.645    71.612  6 52856.16967119 47.722
 19  93.284181  26.708245    71.741    71.741  2 52891.16970522 48.380
 20  93.282559  26.707063    71.169    71.169  2 52926.16965824 40.256
 21  93.300688  26.720114    69.058    68.789  8 52961.16962326 37.970
 22  93.286637  26.707681    66.999    66.915  3 52996.16966496 17.469
 23  93.283835  26.707863    66.394    66.394  2 53031.16962699 30.119
 24  93.293930  26.714520    66.725    66.405  7 53066.16963310 23.784
 25  93.279733  26.704613    68.309    68.309  2 53101.16963540 43.409
 26  93.296521  26.716694    70.634    70.994  8 53136.16963372 32.629
 27  93.285790  26.706784    69.858    69.858  2 53171.16968838 43.957
 28  93.285607  26.707432    73.665    73.659  3 53206.16970149 46.969
 29  93.290912  26.711563    70.774    70.733  5 53241.16966830 35.459
 30  93.294380  26.715334    70.480    70.527  7 53276.16963703 43.025
 56  93.285065  26.707983    68.270    68.270  2 54186.16956262 35.626
 57  93.288298  26.708790    69.122    69.122  2 54221.16959601 40.985
 58  93.287746  26.708147    70.748    70.748  2 54256.16961927 46.033
 59  93.290775  26.711914    70.918    70.917  5 54291.16962061 46.488
 60  93.289752  26.709637    71.089    71.079  4 54326.16961850 39.038
 61  93.284940  26.706350    71.700    71.700  2 54361.16957089 43.022
 62  93.291162  26.712145    69.888    69.910  5 54396.16955809 42.918
 63  93.287376  26.707033    67.328    67.328  2 54431.16952093 44.279
 64  93.293225  26.714857    67.068    67.075  6 54466.16953813 37.214
 66  93.290359  26.711368    66.744    66.801  4 54536.16955385 30.765
 67  93.286390  26.706782    68.191    68.191  2 54571.16953618 35.577
 68  93.288450  26.708789    69.360    69.348  3 54606.16954808 40.619
 69  93.286725  26.707628    71.531    71.524  3 54641.16955800 43.654
 70  93.286507  26.707113    72.134    72.134  2 54676.16955999 44.848
 71  93.287731  26.708046    73.002    72.977  3 54711.16951523 46.908
 72  93.288150  26.707489    69.762    69.771  3 54746.16952807 34.063
 73  93.288671  26.708230    68.104    68.183  3 54781.16950068 34.738
 74  93.290040  26.710211    66.444    66.388  3 54816.16952022 28.656
 75  93.287600  26.708078    65.885    66.110  3 54851.16949866 28.798
 76  93.287192  26.707541    68.532    68.242  3 54886.16952529 17.017
 77  93.282468  26.706777    67.013    67.013  2 54921.16949999 22.326
 78  93.288151  26.707442    68.315    68.315  2 54956.16952031 36.029
 79  93.285259  26.706924    69.169    69.169  2 54991.16954419 48.551
 80  93.288075  26.708195    71.408    71.409  3 55026.16953483 49.738
 81  93.288411  26.708709    71.895    71.895  2 55061.16952789 46.466
 82  93.283867  26.706767    70.646    70.646  2 55096.16947875 46.428
 83  93.288368  26.708314    69.417    69.417  2 55131.16947111 29.865
 84  93.288232  26.707578    67.746    67.746  2 55166.16944048 26.348
 85  93.288263  26.708290    66.630    66.615  3 55201.16946289 22.462
 86  93.285402  26.707398    65.623    65.792  3 55236.16944725 29.313
 87  93.288049  26.708598    65.994    66.209  3 55271.16945718 25.125
 88  93.286316  26.707729    69.650    69.650  2 55306.16942798 45.902
 89  93.288704  26.707572    71.301    71.263  3 55341.16942794 49.189
 90  93.287729  26.708124    72.348    72.334  3 55376.16942097 41.342
 91  93.291316  26.712728    71.720    71.732  6 55411.16944245 44.564
 92  93.288427  26.708137    72.444    72.444  2 55446.16943627 47.482
 93  93.285454  26.707427    70.564    70.570  3 55481.16936961 47.277
