# NaN NaN NaN ;Mean Elev.(m), Avg Gradient(m/km), RMS Gradient(m/km) - SRTM1     
#   22.004  -0.483  23.616 ;Mean Elev.(m), Avg Gradient(m/km), RMS Gradient(m/km) - ASTER GDEM
#   31.020  -0.376  24.301 ;Mean Elev.(m), Avg Gradient(m/km), RMS Gradient(m/km) - GMTED2010 
  6    31.578 52442.17770612 45.49  90.249537  26.110235 32.406
  6    31.559 52442.17770676 49.34  90.248697  26.106935 32.406
  6    31.508 52442.17770740 47.00  90.247847  26.103645 32.406
  7    32.681 52477.17770160 45.20  90.254490  26.110748 26.974
  7    32.622 52477.17770225 43.63  90.253650  26.107458 26.974
  7    32.623 52477.17770289 45.92  90.252810  26.104168 26.974
  8    32.078 52512.17764748 34.52  90.264631  26.106579 23.998
  8    32.277 52512.17764812 39.09  90.263791  26.103289 23.998
  9    31.539 52547.17768115 43.81  90.261295  26.108609 28.979
  9    31.493 52547.17768180 48.01  90.260445  26.105319 28.979
 10    28.906 52582.17769271 17.18  90.260597  26.107566 11.083
 10    28.509 52582.17769335 19.31  90.259757  26.104266 11.083
 11    27.510 52617.17766452 25.92  90.253173  26.110127 18.500
 11    27.596 52617.17766517 27.55  90.252323  26.106837 18.500
 11    27.688 52617.17766581 26.36  90.251483  26.103547 18.500
 13    26.839 52687.17763516 24.82  90.259910  26.110114 13.040
 13    26.769 52687.17763580 24.83  90.259060  26.106824 13.040
 13    26.676 52687.17763645 31.62  90.258220  26.103534 13.040
 14    27.245 52722.17768337 44.29  90.259202  26.109322 11.151
 14    27.251 52722.17768401 45.72  90.258352  26.106032 11.151
 15    29.082 52757.17770607 21.78  90.245302  26.109022  6.601
 15    29.163 52757.17770672 22.01  90.244462  26.105732  6.601
 15    29.228 52757.17770736 24.99  90.243612  26.102432  6.601
 17    32.622 52827.17772530 23.76  90.265195  26.106895 28.084
 17    32.878 52827.17772594 23.81  90.264345  26.103605 28.084
 19    32.148 52897.17779996 41.67  90.256980  26.111184 24.305
 19    32.073 52897.17780061 41.50  90.256140  26.107894 24.305
 19    32.061 52897.17780125 43.15  90.255300  26.104604 24.305
 20    30.677 52932.17774696 42.54  90.253663  26.111105 35.689
 20    30.689 52932.17774760 50.81  90.252813  26.107815 35.689
 20    30.766 52932.17774825 49.16  90.251973  26.104525 35.689
 21    28.117 52967.17775007 36.11  90.263181  26.107776 17.414
 21    28.255 52967.17775072 36.95  90.262341  26.104476 17.414
 22    27.203 53002.17777665 48.23  90.251992  26.109219 40.154
 22    27.174 53002.17777730 37.96  90.251152  26.105929 40.154
 22    27.335 53002.17777794 48.75  90.250302  26.102629 40.154
 23    26.764 53037.17772560 35.87  90.253252  26.109485 29.837
 23    26.708 53037.17772625 28.67  90.252412  26.106195 29.837
 23    27.014 53037.17772689 34.44  90.251562  26.102895 29.837
 24    27.823 53072.17774975 18.71  90.258360  26.110973  6.744
 24    27.994 53072.17775039 20.01  90.257520  26.107673  6.744
 24    27.167 53072.17775103 23.18  90.256670  26.104383  6.744
 25    28.292 53107.17772637 24.03  90.252241  26.109339 10.873
 25    28.478 53107.17772702 23.81  90.251401  26.106049 10.873
 25    27.983 53107.17772766 26.62  90.250551  26.102749 10.873
 26    31.280 53142.17775786 30.75  90.261001  26.110149 15.927
 26    31.231 53142.17775850 29.87  90.260161  26.106859 15.927
 26    31.307 53142.17775915 29.47  90.259311  26.103569 15.927
 28    33.545 53212.17780371 48.41  90.256673  26.108046 31.724
 28    33.628 53212.17780436 46.98  90.255833  26.104756 31.724
 29    32.075 53247.17777179 45.54  90.258855  26.110179 29.709
 29    32.099 53247.17777244 43.27  90.258015  26.106889 29.709
 29    32.176 53247.17777308 47.83  90.257165  26.103589 29.709
 30    31.167 53282.17776048 43.36  90.258831  26.108706 30.315
 30    31.149 53282.17776112 46.67  90.257981  26.105416 30.315
 48    31.104 53912.17775531 21.42  90.253758  26.108241  7.294
 48    31.271 53912.17775596 21.61  90.252918  26.104941  7.294
 56    27.758 54192.17765203 31.40  90.256478  26.109287 26.035
 56    27.507 54192.17765267 27.01  90.255638  26.105997 26.035
 57    29.261 54227.17770096 26.20  90.260128  26.110156  9.549
 57    29.248 54227.17770161 23.75  90.259288  26.106866  9.549
 57    29.381 54227.17770225 21.91  90.258438  26.103576  9.549
 58    31.238 54262.17772059 39.29  90.260658  26.108768 18.001
 58    31.182 54262.17772124 37.14  90.259818  26.105478 18.001
 59    32.075 54297.17772536 32.14  90.260505  26.110589 17.848
 59    32.344 54297.17772601 32.39  90.259655  26.107299 17.848
 59    32.341 54297.17772665 31.39  90.258815  26.103999 17.848
 60    32.666 54332.17771629 45.17  90.259759  26.107884 24.674
 60    32.531 54332.17771693 44.31  90.258909  26.104594 24.674
 61    31.959 54367.17765787 47.30  90.256751  26.108276 30.634
 61    31.938 54367.17765851 47.86  90.255911  26.104986 30.634
 62    29.815 54402.17765879 33.78  90.260525  26.109981 17.484
 62    29.899 54402.17765943 30.42  90.259685  26.106691 17.484
 62    29.739 54402.17766008 29.61  90.258835  26.103391 17.484
 63    27.818 54437.17761625 28.40  90.257030  26.108868 27.120
 63    27.931 54437.17761690 30.86  90.256180  26.105578 27.120
 64    27.421 54472.17764420 21.49  90.263056  26.107279 27.702
 64    27.243 54472.17764484 22.77  90.262206  26.103979 27.702
 66    28.861 54542.17765845 19.52  90.261053  26.108849  9.352
 66    27.843 54542.17765909 20.14  90.260203  26.105559  9.352
 67    28.172 54577.17762954 31.26  90.257254  26.109550 15.190
 67    28.250 54577.17763019 30.85  90.256404  26.106250 15.190
 68    30.100 54612.17764962 38.05  90.260350  26.108469 31.645
 68    29.989 54612.17765027 42.90  90.259510  26.105179 31.645
 69    32.274 54647.17765676 31.66  90.259340  26.109314 20.948
 69    32.118 54647.17765740 28.74  90.258500  26.106014 20.948
 70    32.871 54682.17765692 45.58  90.259382  26.111016 25.846
 70    32.729 54682.17765757 45.67  90.258532  26.107716 25.846
 70    32.564 54682.17765821 40.85  90.257692  26.104426 25.846
 71    33.514 54717.17760583 46.78  90.257757  26.108659 24.418
 71    33.502 54717.17760647 45.05  90.256917  26.105369 24.418
 72    30.648 54752.17762976 32.74  90.260419  26.109098 17.397
 72    30.762 54752.17763040 33.25  90.259569  26.105808 17.397
 73    31.723 54787.17759588 22.45  90.258045  26.110441 15.170
 73    28.247 54787.17759652 28.44  90.257195  26.107151 15.170
 73    30.562 54787.17759717 28.62  90.256355  26.103851 15.170
 74    27.158 54822.17762366 23.84  90.261538  26.107866 25.534
 74    27.616 54822.17762430 41.88  90.260688  26.104576 25.534
 75    29.530 54857.17759177 20.78  90.259239  26.110697 29.452
 75    31.224 54857.17759242 22.81  90.258389  26.107407 29.452
 75    26.970 54857.17759306 33.57  90.257549  26.104107 29.452
 76    29.909 54892.17762670 20.31  90.257946  26.110433 15.552
 76    30.118 54892.17762734 21.09  90.257096  26.107143 15.552
 76    30.269 54892.17762799 21.91  90.256256  26.103853 15.552
 77    31.573 54927.17758982 19.50  90.255397  26.110079 11.740
 77    31.252 54927.17759047 20.81  90.254547  26.106779 11.740
 77    30.949 54927.17759111 22.25  90.253707  26.103489 11.740
 78    31.502 54962.17762541 21.32  90.259398  26.108174 10.994
 78    31.279 54962.17762606 20.91  90.258558  26.104884 10.994
 79    29.854 54997.17764637 32.72  90.257608  26.111008 29.248
 79    30.454 54997.17764702 32.76  90.256768  26.107708 29.248
 79    30.390 54997.17764766 39.81  90.255918  26.104418 29.248
 80    31.563 55032.17763595 38.04  90.258969  26.110333 28.278
 80    31.565 55032.17763659 47.00  90.258129  26.107033 28.278
 80    31.597 55032.17763724 42.38  90.257279  26.103743 28.278
 81    32.746 55067.17762491 36.23  90.259317  26.109106 21.182
 81    33.081 55067.17762556 36.85  90.258467  26.105816 21.182
 82    31.232 55102.17756498 35.57  90.255385  26.111182 14.039
 82    31.087 55102.17756562 38.09  90.254545  26.107892 14.039
 82    31.094 55102.17756627 36.38  90.253695  26.104592 14.039
 83    31.012 55137.17757178 21.23  90.260441  26.108619 11.724
 83    29.179 55137.17757243 23.43  90.259591  26.105329 11.724
 84    27.029 55172.17753342 35.88  90.257536  26.107947 37.380
 84    27.212 55172.17753407 36.93  90.256696  26.104657 37.380
 85    26.664 55207.17756584 20.40  90.260501  26.107674 15.574
 85    26.986 55207.17756648 20.71  90.259651  26.104384 15.574
 86    25.319 55242.17753871 27.95  90.255891  26.108705 34.396
 86    26.610 55242.17753935 26.48  90.255051  26.105405 34.396
 87    26.031 55277.17755955 26.84  90.258090  26.107936 29.373
 87    27.071 55277.17756019 26.36  90.257240  26.104646 29.373
 88    31.418 55312.17752275 35.84  90.257857  26.110365 12.509
 88    31.417 55312.17752340 42.54  90.257017  26.107075 12.509
 88    31.484 55312.17752404 42.24  90.256167  26.103775 12.509
 89    31.388 55347.17752945 46.71  90.259815  26.108035 24.393
 89    31.360 55347.17753010 40.55  90.258965  26.104745 24.393
 90    33.214 55382.17752053 48.14  90.258702  26.110209 32.276
 90    33.252 55382.17752118 47.87  90.257862  26.106919 32.276
 90    33.172 55382.17752182 47.80  90.257012  26.103629 32.276
 91    32.308 55417.17754813 46.93  90.261577  26.108967 30.523
 91    32.318 55417.17754877 35.97  90.260737  26.105677 30.523
 92    33.464 55452.17753074 45.78  90.258856  26.108772 26.945
 92    33.361 55452.17753138 42.30  90.258006  26.105482 26.945
 93    30.737 55487.17745374 31.79  90.257246  26.108093 15.883
 93    30.754 55487.17745439 37.68  90.256406  26.104803 15.883
