# NaN NaN NaN ;Mean Elev.(m), Avg Gradient(m/km), RMS Gradient(m/km) - SRTM1     
#   74.010  -1.712   5.710 ;Mean Elev.(m), Avg Gradient(m/km), RMS Gradient(m/km) - ASTER GDEM
#   72.214  -1.676   4.159 ;Mean Elev.(m), Avg Gradient(m/km), RMS Gradient(m/km) - GMTED2010 
  7    71.965 52471.16959585 49.92  93.283873  26.707352 31.190
  7    71.947 52471.16959650 49.43  93.283023  26.704062 31.190
  8    62.797 52506.16957486 49.72  93.286032  26.710639 36.227
  8    62.817 52506.16957551 48.58  93.285182  26.707349 36.227
  8    62.700 52506.16957615 41.49  93.284332  26.704049 36.227
  9    69.606 52541.16955319 30.07  93.301476  26.729933 10.249
  9    69.641 52541.16955384 27.90  93.300626  26.726643 10.249
  9    69.439 52541.16955448 27.01  93.299776  26.723353 10.249
  9    69.663 52541.16955513 29.74  93.298926  26.720063 10.249
  9    69.629 52541.16955577 27.92  93.298076  26.716773 10.249
  9    69.832 52541.16955642 23.05  93.297216  26.713483 10.249
  9    69.807 52541.16955706 22.68  93.296366  26.710183 10.249
  9    70.516 52541.16955771 19.90  93.295516  26.706893 10.249
 10    67.838 52576.16960567 26.69  93.283900  26.707980 32.958
 10    68.142 52576.16960632 30.79  93.283050  26.704690 32.958
 11    67.052 52611.16956789 19.14  93.284964  26.707598 19.126
 11    67.192 52611.16956853 23.65  93.284104  26.704308 19.126
 12    65.036 52646.16955416 26.85  93.290097  26.711842 32.463
 12    65.788 52646.16955480 28.19  93.289247  26.708542 32.463
 12    66.252 52646.16955545 28.83  93.288397  26.705252 32.463
 13    66.178 52681.16952312 34.55  93.299314  26.729571 23.246
 13    66.123 52681.16952377 34.51  93.298464  26.726281 23.246
 13    66.094 52681.16952441 31.63  93.297614  26.722991 23.246
 13    65.511 52681.16952506 27.67  93.296764  26.719701 23.246
 13    64.842 52681.16952570 24.42  93.295914  26.716401 23.246
 13    64.826 52681.16952634 22.74  93.295064  26.713111 23.246
 13    71.447 52681.16952699 17.90  93.294214  26.709821 23.246
 13    70.376 52681.16952763 23.37  93.293354  26.706531 23.246
 15    68.104 52751.16960827 38.04  93.273725  26.705794 23.766
 15    68.430 52751.16960892 37.28  93.272875  26.702504 23.766
 16    70.804 52786.16954921 27.84  93.291972  26.716569 16.481
 16    71.272 52786.16954985 30.02  93.291122  26.713269 16.481
 16    69.392 52786.16955050 31.41  93.290272  26.709979 16.481
 16    71.449 52786.16955114 25.98  93.289422  26.706689 16.481
 17    72.818 52821.16962365 48.08  93.291111  26.714225 25.554
 17    72.604 52821.16962430 48.15  93.290261  26.710935 25.554
 17    72.641 52821.16962494 51.51  93.289411  26.707645 25.554
 17    72.728 52821.16962559 50.65  93.288561  26.704355 25.554
 18    71.683 52856.16966958 46.06  93.295473  26.722669 34.959
 18    71.662 52856.16967022 49.70  93.294623  26.719379 34.959
 18    71.499 52856.16967087 52.01  93.293773  26.716079 34.959
 18    71.502 52856.16967151 47.23  93.292913  26.712789 34.959
 18    71.569 52856.16967216 35.80  93.292063  26.709499 34.959
 18    71.957 52856.16967280 37.70  93.291213  26.706209 34.959
 19    71.738 52891.16970490 45.28  93.284611  26.709890 33.634
 19    71.743 52891.16970554 50.17  93.283751  26.706600 33.634
 20    71.204 52926.16965792 39.62  93.282984  26.708708 25.448
 20    71.133 52926.16965857 40.81  93.282134  26.705418 25.448
 21    69.732 52961.16962100 25.28  93.303666  26.731629 34.472
 21    69.271 52961.16962164 29.84  93.302816  26.728339 34.472
 21    68.867 52961.16962229 40.87  93.301966  26.725049 34.472
 21    68.886 52961.16962293 41.81  93.301116  26.721759 34.472
 21    69.211 52961.16962358 31.99  93.300266  26.718469 34.472
 21    68.397 52961.16962422 42.71  93.299416  26.715179 34.472
 21    68.150 52961.16962487 29.17  93.298556  26.711889 34.472
 21    69.946 52961.16962551 25.69  93.297706  26.708589 34.472
 22    67.388 52996.16966432 17.39  93.287487  26.710971 12.080
 22    66.693 52996.16966496 16.90  93.286637  26.707681 12.080
 22    66.915 52996.16966560 18.04  93.285787  26.704391 12.080
 23    66.206 53031.16962667 21.64  93.284260  26.709508 31.890
 23    66.583 53031.16962732 32.81  93.283410  26.706218 31.890
 24    66.435 53066.16963117 25.74  93.296490  26.724400 24.562
 24    66.260 53066.16963181 22.77  93.295630  26.721100 24.562
 24    65.672 53066.16963246 21.33  93.294780  26.717810 24.562
 24    65.278 53066.16963310 22.56  93.293930  26.714520 24.562
 24    66.027 53066.16963375 22.77  93.293080  26.711230 24.562
 24    70.768 53066.16963439 23.29  93.292230  26.707940 24.562
 24    66.632 53066.16963504 25.91  93.291380  26.704650 24.562
 25    68.204 53101.16963507 28.41  93.280158  26.706258 29.144
 25    68.413 53101.16963572 46.35  93.279308  26.702968 29.144
 26    69.090 53136.16963146 27.40  93.299506  26.728216 12.994
 26    69.709 53136.16963211 26.12  93.298646  26.724926 12.994
 26    69.077 53136.16963275 25.71  93.297796  26.721626 12.994
 26    69.370 53136.16963340 26.62  93.296946  26.718336 12.994
 26    71.746 53136.16963404 22.49  93.296096  26.715046 12.994
 26    72.501 53136.16963469 21.95  93.295246  26.711756 12.994
 26    72.355 53136.16963533 24.07  93.294396  26.708466 12.994
 26    71.225 53136.16963598 40.89  93.293546  26.705176 12.994
 27    69.958 53171.16968805 45.63  93.286215  26.708429 36.386
 27    69.758 53171.16968870 41.20  93.285365  26.705139 36.386
 28    73.728 53206.16970085 50.40  93.286457  26.710722 21.214
 28    73.607 53206.16970149 45.33  93.285607  26.707432 21.214
 28    73.659 53206.16970214 37.41  93.284757  26.704142 21.214
 29    70.991 53241.16966701 31.25  93.292621  26.718143 23.547
 29    70.882 53241.16966765 31.65  93.291761  26.714853 23.547
 29    70.677 53241.16966830 32.61  93.290911  26.711563 23.547
 29    70.632 53241.16966894 34.27  93.290061  26.708273 23.547
 29    70.690 53241.16966959 40.12  93.289211  26.704983 23.547
 30    70.507 53276.16963509 47.51  93.296930  26.725214 33.768
 30    70.653 53276.16963574 46.34  93.296080  26.721914 33.768
 30    70.634 53276.16963638 42.39  93.295230  26.718624 33.768
 30    70.633 53276.16963703 36.39  93.294380  26.715334 33.768
 30    70.455 53276.16963767 36.20  93.293530  26.712044 33.768
 30    70.141 53276.16963832 35.36  93.292680  26.708754 33.768
 30    70.340 53276.16963896 40.70  93.291830  26.705464 33.768
 56    68.327 54186.16956229 26.53  93.285490  26.709628 17.425
 56    68.212 54186.16956294 38.36  93.284640  26.706338 17.425
 57    69.150 54221.16959569 39.48  93.288723  26.710435 25.526
 57    69.094 54221.16959633 42.10  93.287873  26.707145 25.526
 58    70.767 54256.16961894 45.56  93.288171  26.709792 35.511
 58    70.729 54256.16961959 46.46  93.287321  26.706502 35.511
 59    71.021 54291.16961933 50.65  93.292475  26.718494 34.973
 59    71.069 54291.16961997 41.50  93.291625  26.715204 34.973
 59    71.002 54291.16962061 43.81  93.290775  26.711914 34.973
 59    70.805 54291.16962126 42.91  93.289925  26.708624 34.973
 59    70.693 54291.16962190 46.89  93.289075  26.705334 34.973
 60    71.251 54326.16961753 38.92  93.291027  26.714572 28.285
 60    71.132 54326.16961818 39.90  93.290177  26.711282 28.285
 60    71.026 54326.16961882 38.34  93.289327  26.707992 28.285
 60    70.949 54326.16961947 38.84  93.288477  26.704702 28.285
 61    71.759 54361.16957057 43.44  93.285365  26.707995 25.514
 61    71.642 54361.16957121 42.56  93.284515  26.704705 25.514
 62    70.155 54396.16955680 46.32  93.292863  26.718724 27.920
 62    70.001 54396.16955744 39.56  93.292012  26.715435 27.619
 62    69.926 54396.16955809 43.46  93.291162  26.712145 27.619
 62    69.692 54396.16955873 39.41  93.290312  26.708855 27.619
 62    69.665 54396.16955938 41.79  93.289462  26.705555 27.619
 63    67.298 54431.16952061 41.99  93.287801  26.708678 31.540
 63    67.358 54431.16952126 45.77  93.286951  26.705388 31.540
 64    67.327 54466.16953652 30.83  93.295352  26.723082 35.090
 64    67.223 54466.16953717 42.37  93.294502  26.719792 35.090
 64    67.179 54466.16953781 32.98  93.293649  26.716503 29.295
 64    67.025 54466.16953846 37.53  93.292799  26.713213 29.295
 64    67.007 54466.16953910 32.31  93.291949  26.709923 29.295
 64    66.649 54466.16953975 35.76  93.291099  26.706623 29.295
 66    66.864 54536.16955289 26.21  93.291634  26.716303 27.414
 66    66.858 54536.16955353 27.86  93.290784  26.713013 27.414
 66    66.510 54536.16955418 28.71  93.289934  26.709723 27.414
 66    66.744 54536.16955482 34.77  93.289084  26.706433 27.414
 67    68.097 54571.16953586 37.97  93.286815  26.708427 17.190
 67    68.286 54571.16953651 29.81  93.285965  26.705137 17.190
 68    69.348 54606.16954744 41.66  93.289300  26.712079 17.036
 68    69.621 54606.16954808 42.28  93.288450  26.708789 17.036
 68    69.112 54606.16954872 34.82  93.287600  26.705499 17.036
 69    71.524 54641.16955735 40.07  93.287575  26.710918 28.376
 69    71.619 54641.16955800 46.31  93.286725  26.707628 28.376
 69    71.449 54641.16955864 42.22  93.285875  26.704338 28.376
 70    72.132 54676.16955967 45.31  93.286932  26.708758 28.210
 70    72.137 54676.16956031 44.33  93.286082  26.705468 28.210
 71    73.079 54711.16951459 45.37  93.288581  26.711336 28.578
 71    72.951 54711.16951523 47.88  93.287731  26.708046 28.578
 71    72.977 54711.16951588 47.11  93.286881  26.704756 28.578
 72    69.725 54746.16952743 31.35  93.289000  26.710779 17.273
 72    69.789 54746.16952807 35.55  93.288150  26.707489 17.273
 72    69.771 54746.16952872 34.30  93.287300  26.704199 17.273
 73    68.332 54781.16950004 33.40  93.289521  26.711520 22.543
 73    68.183 54781.16950068 32.99  93.288671  26.708230 22.543
 73    67.797 54781.16950133 36.77  93.287821  26.704940 22.543
 74    66.388 54816.16951958 25.91  93.290890  26.713501 28.672
 74    66.280 54816.16952022 27.83  93.290040  26.710211 28.672
 74    66.664 54816.16952087 30.81  93.289190  26.706921 28.672
 75    65.379 54851.16949802 26.07  93.288450  26.711368 29.265
 75    66.110 54851.16949866 27.32  93.287600  26.708078 29.265
 75    66.165 54851.16949930 31.24  93.286750  26.704788 29.265
 76    69.249 54886.16952464 16.12  93.288042  26.710834 11.373
 76    68.242 54886.16952529 17.92  93.287192  26.707544 11.373
 76    68.104 54886.16952593 16.82  93.286342  26.704244 11.373
 77    67.096 54921.16949967 22.43  93.282893  26.708422  8.875
 77    66.929 54921.16950031 22.22  93.282043  26.705132  8.875
 78    68.441 54956.16951998 35.67  93.288576  26.709087 29.272
 78    68.189 54956.16952063 36.36  93.287726  26.705797 29.272
 79    69.132 54991.16954386 51.26  93.285684  26.708569 36.455
 79    69.206 54991.16954451 39.83  93.284834  26.705279 36.455
 80    71.409 55026.16953418 49.86  93.288925  26.711485 30.702
 80    71.494 55026.16953483 46.83  93.288075  26.708195 30.702
 80    71.320 55026.16953547 51.38  93.287225  26.704905 30.702
 81    71.903 55061.16952757 42.82  93.288836  26.710354 27.799
 81    71.887 55061.16952821 48.42  93.287986  26.707064 27.799
 82    70.662 55096.16947843 48.51  93.284292  26.708412 30.583
 82    70.630 55096.16947907 42.28  93.283442  26.705122 30.583
 83    69.439 55131.16947078 28.52  93.288793  26.709959 25.179
 83    69.395 55131.16947143 30.89  93.287943  26.706669 25.179
 84    67.801 55166.16944016 24.52  93.288657  26.709223 28.433
 84    67.692 55166.16944080 27.63  93.287807  26.705933 28.433
 85    66.468 55201.16946224 19.91  93.289113  26.711580 19.506
 85    66.806 55201.16946289 21.24  93.288263  26.708290 19.506
 85    66.615 55201.16946353 24.74  93.287413  26.705000 19.506
 86    64.687 55236.16944661 25.22  93.286252  26.710688 22.049
 86    66.389 55236.16944725 27.49  93.285402  26.707398 22.049
 86    65.792 55236.16944789 32.22  93.284552  26.704108 22.049
 87    65.267 55271.16945654 24.10  93.288899  26.711888 18.707
 87    66.506 55271.16945718 23.61  93.288049  26.708598 18.707
 87    66.209 55271.16945783 26.90  93.287199  26.705308 18.707
 88    69.684 55306.16942765 44.57  93.286741  26.709374 24.785
 88    69.615 55306.16942830 46.92  93.285891  26.706084 24.785
 89    71.412 55341.16942730 49.70  93.289554  26.710862 30.687
 89    71.227 55341.16942794 48.24  93.288704  26.707572 30.687
 89    71.263 55341.16942859 49.49  93.287854  26.704282 30.687
 90    72.434 55376.16942032 41.21  93.288579  26.711414 26.154
 90    72.276 55376.16942097 41.32  93.287729  26.708124 26.154
 90    72.334 55376.16942161 41.49  93.286879  26.704834 26.154
 91    71.849 55411.16944084 39.23  93.293441  26.720953 27.169
 91    71.572 55411.16944148 39.07  93.292591  26.717663 27.169
 91    71.737 55411.16944212 42.03  93.291741  26.714373 27.169
 91    71.694 55411.16944277 44.98  93.290891  26.711083 27.169
 91    71.759 55411.16944341 47.46  93.290041  26.707793 27.169
 91    71.707 55411.16944406 47.16  93.289191  26.704503 27.169
 92    72.449 55446.16943594 47.23  93.288852  26.709782 32.665
 92    72.440 55446.16943659 47.72  93.288002  26.706492 32.665
 93    70.533 55481.16936897 43.35  93.286304  26.710717 26.871
 93    70.570 55481.16936961 47.75  93.285454  26.707427 26.871
 93    70.588 55481.16937025 48.98  93.284604  26.704137 26.871
