-298386.429   927.088     0.00   71.03
-298009.760   957.183    79.88   89.07
-297633.076   997.870   107.99  110.42
-297256.379  1037.202   104.39  111.97
-296879.669  1045.152    21.10  112.49
-296502.945  1032.564   -33.41  108.85
-296126.208  1008.881   -62.85   79.85
-295749.457  1019.738    28.81   66.30
-295372.693  1076.429   150.43   99.64
-294995.915  1143.983   179.25  109.31
-294619.124  1223.661   211.42  118.27
-294242.319  1281.826   154.33   79.92
-293865.501  1281.881     0.14   84.93
-293488.669  1228.770  -140.91  122.20
-293111.824  1143.511  -226.19  124.80
-292734.965  1054.707  -235.59  114.18
-292358.093   968.123  -229.69  117.30
-291981.207   902.564  -173.91  115.60
-291604.308   849.112  -141.79   79.06
-291227.395   843.793   -14.11   63.12
-290852.380   875.921    85.65   73.91
-290478.129   905.222    78.27   77.11
-290103.864   893.564   -31.14   82.47
-289729.587   853.612  -106.72  102.04
-289355.295   810.802  -114.35  102.29
-288980.991   756.881  -144.03   66.51
-288606.673   733.125   -63.45   42.08
-288232.342   735.637     6.71   44.82
-287857.997   777.779   112.55   91.43
-287483.640   816.637   103.78  113.74
-287109.268   838.921    59.51  102.23
-286734.884   847.003    21.58   95.32
-286360.486   810.255   -98.13   89.49
-285986.074   773.076   -99.28   66.42
-285611.650   778.978    15.76   79.89
-285237.212   821.638   113.91  120.41
-284862.760   874.515   141.18  108.28
-284488.295   884.344    26.24   95.41
-284113.817   855.850   -76.07   90.30
-283739.325   816.945  -103.86   72.51
-283364.820   795.325   -57.72   69.18
-282990.302   797.134     4.83   78.98
-282615.770   825.938    76.89   79.10
-282241.225   843.100    45.81   86.47
-281866.666   827.539   -41.54   73.50
-281492.094   810.306   -46.00   63.57
-281117.509   812.793     6.64   57.83
-280742.910   807.691   -13.62   47.36
-280368.298   822.350    39.12   52.41
-279993.672   842.017    52.49   53.23
-279619.033   857.369    40.97   62.43
-279244.380   911.929   145.60   82.99
-278869.714   961.720   132.87   92.11
-278495.035  1003.017   110.20  106.89
-278120.342  1035.821    87.53  107.40
-277745.636  1051.374    41.50  101.55
-277370.916  1062.540    29.79   92.04
-276996.183  1074.538    32.01   90.08
-276621.436  1129.469   146.55  114.09
-276246.676  1203.813   198.34  113.50
-275871.902  1314.588   295.52  117.64
-275497.115  1418.052   276.00  115.61
-275122.315  1492.421   198.38  114.71
-274747.501  1557.491   173.57  107.28
-274372.674  1574.255    44.72  113.19
-273997.833  1551.686   -60.20  110.14
-273622.978  1482.263  -185.16  118.76
-273248.111  1391.344  -242.48  138.52
-272873.229  1296.802  -252.14  119.08
-272498.334  1208.255  -236.14   96.56
-272123.426  1132.660  -201.59   99.12
-271748.504  1083.538  -130.99   78.82
-271373.569  1047.738   -95.46   77.63
-270998.620  1036.832   -29.08   82.50
-270623.658  1050.683    36.93  115.51
-270248.682  1075.344    65.75  136.35
-269873.693  1108.183    87.56  145.32
-269498.690  1147.263   104.19  121.40
-269123.674  1165.378    48.29  100.71
-268748.644  1173.890    22.69   84.62
-268373.600  1147.222   -71.09   92.17
-267998.544  1105.661  -110.79  111.62
-267623.473  1044.295  -163.58  122.15
-267248.389   981.101  -168.45  111.07
-266873.292   913.929  -179.04  104.51
-266498.181   851.075  -167.53   74.82
-266123.056   816.945   -90.96   53.90
-265747.918   788.255   -76.46   31.05
-265372.766   775.238   -34.69   19.50
-264997.601   767.679   -20.14   13.03
-264622.422   762.404   -14.06   13.95
-264247.230   759.565    -7.57   15.04
-263872.024   754.612   -13.20   14.41
-263496.804   749.160   -14.53    7.57
-263121.571   746.850    -6.15    2.01
-262746.325   746.639    -0.56    2.01
-262371.065   746.774     0.36    2.33
-261995.791   747.663     2.37    2.96
-261620.504   748.125     1.23    3.16
-261245.203   748.588     1.23    4.15
-260869.888   747.905    -1.82    4.57
-260494.560   749.850     5.18    7.00
-260119.218   751.013     3.10   11.74
-259743.863   750.788    -0.60   13.84
-259368.494   750.040    -1.99   15.27
-258993.111   744.783   -14.00   10.70
-258617.715   743.802    -2.61   10.79
-258242.306   746.425     6.99   12.18
-257866.882   749.515     8.23   13.25
-257491.445   753.213     9.85   14.67
-257115.995   758.850    15.01   16.18
-256740.530   764.564    15.22   18.71
-256365.053   767.136     6.85   17.53
-255989.561   767.445     0.82   15.77
-255614.056   770.888     9.17   19.06
-255238.537   781.588    28.49   33.00
-254863.005   796.263    39.07   42.23
-254487.459   807.173    29.05   43.57
-254111.899   812.540    14.29   44.92
-253736.326   815.588     8.11   44.21
-253360.739   821.978    17.01   46.41
-252985.138   830.013    21.39   56.58
-252609.524   842.125    32.24   50.65
-252233.896   855.149    34.67   47.64
-251858.254   869.493    38.18   54.25
-251482.599   884.612    40.24   54.95
-251106.930   899.393    39.34   57.44
-250731.247   901.112     4.57   57.10
-250355.551   900.511    -1.60   54.59
-249979.841   901.681     3.11   51.02
-249604.117   904.255     6.85   45.06
-249228.380   916.017    31.30   43.39
-248852.628   950.279    91.16   57.39
-248476.864   982.588    85.97   66.51
-248101.085  1016.179    89.37   79.06
-247725.293  1039.188    61.22   82.27
-247349.487  1046.564    19.62   94.28
-246973.667  1073.469    71.58  103.48
-246597.834  1100.947    73.10  106.94
-246221.987  1168.179   178.85  138.61
-245846.126  1250.588   219.21  143.18
-245470.251  1318.183   179.80  168.22
-245094.363  1400.832   219.83  192.76
-244718.461  1485.819   226.04  176.93
-244342.545  1549.270   168.76  153.46
-243966.616  1589.930   108.14  102.67
-243590.673  1599.173    24.58   76.74
-243214.716  1591.302   -20.93   79.44
-242838.745  1578.515   -34.01  112.24
-242462.761  1551.338   -72.27  146.98
-242086.763  1542.742   -22.86  162.04
-241710.751  1547.898    13.71  166.00
-241334.725  1539.993   -21.02  158.30
-240958.685  1485.393  -145.17  155.09
-240582.632  1403.100  -218.79  156.95
-240206.565  1335.688  -179.22  160.15
-239830.484  1330.513   -13.76  160.82
-239454.390  1340.003    25.23  164.75
-239078.281  1338.398    -4.27  151.12
-238702.159  1280.515  -153.86  168.62
-238326.023  1175.344  -279.56  175.27
-237949.873  1049.832  -333.61  159.41
-237573.710   926.538  -327.71  153.32
-237197.533   812.808  -302.28  143.53
-236821.341   727.921  -225.60  112.37
-236445.136   678.611  -131.05  100.30
-236068.918   637.279  -109.84   96.51
-235692.685   613.660   -62.77   94.84
-235316.439   596.686   -45.11   90.10
-234940.179   615.660    50.42  100.99
-234563.905   634.612    50.36  115.74
-234187.617   653.207    49.41  134.57
-233811.315   705.247   138.27  148.56
-233434.999   746.445   109.46  151.77
-233058.670   749.222     7.38  155.45
-232682.327   776.149    71.54  117.84
-232305.970   818.338   112.08  120.56
-231929.599   873.954   147.74  130.30
-231553.214   952.636   209.01  138.80
-231176.816  1021.636   183.28  121.47
-230800.403  1046.183    65.20  127.94
-230423.977  1004.152  -111.64  157.30
-230047.537   926.704  -205.70  169.15
-229671.083   838.978  -232.99  128.78
-229294.615   770.350  -182.26  118.49
-228918.133   705.469  -172.30   91.88
-228541.637   679.193   -69.78   86.04
-228165.128   652.815   -70.05   94.44
-227788.605   605.247  -126.31  119.60
-227412.067   548.374  -151.01  117.65
-227035.516   482.759  -174.22  103.59
-226658.951   443.746  -103.58   96.76
-226282.372   430.497   -35.18   83.28
-225905.779   404.588   -68.79   69.59
-225529.172   396.183   -22.31   57.97
-225152.552   380.564   -41.47   54.61
-224775.917   363.434   -45.47   41.87
-224399.269   368.179    12.60   44.78
-224022.606   380.742    33.35   65.86
-223645.930   434.445   142.55  103.58
-223269.239   503.064   182.13  122.22
-222892.535   563.163   159.51  112.81
-222515.817   573.315    26.94  105.44
-222139.085   545.851   -72.89  105.81
-221762.339   488.493  -152.22   97.67
-221385.579   459.751   -76.27   84.09
-221008.805   497.783   100.92  111.28
-220632.017   558.202   160.32  144.22
-220255.215   625.306   178.06  129.58
-219878.400   662.588    98.92  116.66
-219501.570   659.635    -7.84  132.32
-219124.726   655.731   -10.36  125.79
-218747.869   686.160    80.73  121.69
-218370.997   720.075    89.98  114.99
-217994.112   748.779    76.15  109.02
-217617.212   759.783    29.19  105.75
-217240.298   767.374    20.14   90.24
-216863.371   801.160    89.62   84.36
-216486.429   819.738    49.28   78.08
-216109.474   813.564   -16.38   96.69
-215734.945   749.088  -172.12  129.83
-215360.750   657.417  -244.94  118.58
-214986.541   565.564  -245.42  111.60
-214612.319   489.517  -203.18  109.00
-214238.083   413.125  -204.09   79.02
-213863.833   387.239   -69.15   56.12
-213489.569   394.222    18.65   62.55
-213115.291   424.738    81.52   76.95
-212741.000   438.076    35.63   75.83
-212366.695   409.681   -75.85   94.58
-211992.376   387.027   -60.51   77.60
-211618.043   397.064    26.81   67.13
-211243.696   418.755    57.93   68.22
-210869.336   424.288    14.78   74.43
-210494.962   428.637    11.61   74.99
-210120.574   441.683    34.84   77.74
-209746.172   446.173    11.99   86.34
-209371.756   465.734    52.24   88.09
-208997.327   473.832    21.62   81.46
-208622.883   490.320    44.03   75.29
-208248.426   519.493    77.89   87.02
-207873.955   588.896   185.31  116.71
-207499.470   675.100   230.16  122.94
-207124.971   748.826   196.84  107.63
-206750.459   768.040    51.30  125.76
-206375.932   756.565   -30.64  158.10
-206001.392   728.562   -74.75  170.51
-205626.838   693.634   -93.24  168.53
-205252.269   635.938  -154.01  172.86
-204877.687   606.588   -78.34  139.24
-204503.092   577.350   -78.04  118.88
-204128.482   554.998   -59.66  123.36
-203753.858   522.861   -85.77  142.85
-203379.221   444.141  -210.09  136.30
-203004.570   369.881  -198.18  123.15
-202629.904   309.517  -161.09   98.82
-202255.225   271.393  -101.73   65.29
-201880.532   246.634   -66.07   31.22
-201505.825   252.947    16.85   38.30
-201131.104   279.993    72.16   59.25
-200756.370   337.017   152.15   83.21
-200381.621   404.207   179.27   93.39
-200006.858   481.320   205.73   86.54
-199632.082   555.063   196.74   95.16
-199257.291   599.954   119.76   82.59
-198882.487   615.393    41.19   76.01
-198507.669   589.588   -68.84   82.50
-198132.837   543.183  -123.78   80.81
-197757.991   492.660  -134.76   68.03
-197383.130   459.472   -88.52   70.59
-197008.256   448.565   -29.09   80.88
-196633.368   430.445   -48.33  102.64
-196258.467   433.320     7.67  130.84
-195883.551   414.198   -51.00  138.48
-195508.621   383.183   -82.71  126.74
-195133.677   382.564    -1.65  117.61
-194758.719   411.540    77.27  129.52
-194383.748   481.173   185.67  175.85
-194008.762   586.588   281.07  201.59
-193633.762   656.713   186.97  186.61
-193258.749   696.517   106.12  183.25
-192883.721   777.881   216.92  188.34
-192508.679   861.783   223.68  208.19
-192133.624   958.393   257.55  200.50
-191758.554  1005.463   125.48  206.69
-191383.471   974.030   -83.79  221.36
-191008.373   900.896  -194.94  233.54
-190633.262   841.564  -158.15  233.83
-190258.136   772.898  -183.02  215.36
-189882.997   725.063  -127.49  191.33
-189507.843   668.315  -151.24  160.34
-189132.675   604.460  -170.18  107.89
-188757.494   563.293  -109.71   94.13
-188382.298   548.255   -40.07   69.54
-188007.089   565.802    46.76   68.80
-187631.865   607.755   111.79   85.46
-187256.627   652.588   119.46   98.62
-186881.375   725.474   194.20  136.06
-186506.110   794.050   182.71  156.71
-186130.830   818.183    64.30  179.35
-185755.536   894.588   203.56  217.28
-185380.228   969.280   198.99  247.89
-185004.906  1097.588   341.81  244.83
-184629.570  1215.772   314.83  180.38
-184254.220  1269.027   141.86  110.19
-183878.856  1283.993    39.86   85.55
-183503.478  1263.320   -55.06  101.31
-183128.085  1208.565  -145.84  106.49
-182752.679  1153.280  -147.24   95.83
-182377.259  1115.374  -100.96   94.19
-182001.824  1078.540   -98.09   92.46
-181626.376  1046.612   -85.03   70.83
-181250.913   973.320  -195.18  131.08
-180875.436   850.488  -327.09  197.98
-180499.945   732.954  -312.97  181.88
-180124.440   650.320  -220.03  120.54
-179748.921   672.356    58.67  125.12
-179373.388   730.445   154.66  107.98
-178997.841   758.160    73.79   76.17
-178622.280   759.945     4.75   62.88
-178246.704   734.658   -67.32   69.84
-177871.115   742.832    21.76   83.80
-177495.511   758.442    41.55  107.79
-177119.893   769.683    29.92  112.00
-176744.261   792.193    59.92  119.62
-176368.615   811.660    51.81  119.23
-175992.955   844.802    88.21  124.58
-175617.281   918.491   196.12  144.01
-175241.592  1012.369   249.85  166.97
-174865.889  1135.779   328.43  193.34
-174490.173  1264.052   341.36  166.81
-174114.442  1373.881   292.27  140.61
-173738.697  1431.517   153.37  109.99
-173362.937  1465.271    89.82  109.70
-172987.164  1449.759   -41.28  136.59
-172611.376  1435.255   -38.59  145.98
-172235.575  1386.271  -130.33  158.56
-171859.759  1301.173  -226.40  226.26
-171483.929  1150.466  -400.94  277.25
-171108.084   980.513  -452.13  258.46
-170732.226   836.100  -384.17  173.50
-170356.353   756.793  -210.96  108.26
-169980.467   714.731  -111.89   72.44
-169604.566   662.040  -140.15   98.39
-169228.650   591.198  -188.43  139.64
-168852.721   494.906  -256.11  187.83
-168476.777   379.845  -306.02  167.40
-168100.820   324.134  -148.16  127.48
-167724.848   299.207   -66.29   80.17
-167348.861   325.350    69.52   85.73
-166972.861   390.774   173.98   89.26
-166596.846   456.483   174.73   72.70
-166220.817   529.270   193.54  101.89
-165844.774   619.188   239.09  116.64
-165468.717   689.751   187.61  115.36
-165092.645   761.588   191.00  101.38
-164716.560   777.332    41.86   94.43
-164340.459   771.202   -16.30  114.99
-163964.345   771.434     0.62  112.77
-163588.217   781.247    26.08  114.71
-163212.074   843.125   164.49  129.59
-162835.917   938.763   254.22  138.65
-162459.745  1050.202   296.21  148.73
-162083.560  1168.246   313.75  110.48
-161707.360  1256.295   234.02   96.93
-161331.146  1335.565   210.68   87.06
-160954.918  1395.222   158.55   84.94
-160578.675  1469.702   197.93   90.06
-160202.418  1532.588   167.12   91.93
-159826.147  1599.445   177.66   96.22
-159449.861  1644.707   120.27   88.26
-159073.562  1626.683   -47.89  122.21
-158697.247  1545.636  -215.35  179.88
-158320.919  1431.963  -302.02  198.67
-157944.576  1279.588  -404.83  180.66
-157568.219  1149.663  -345.17  138.61
-157191.848  1068.398  -215.89  124.27
-156815.463  1022.445  -122.07   95.55
-156439.063  1058.421    95.57  129.08
-156062.648  1170.393   297.43  180.52
-155686.220  1304.393   355.93  174.40
-155309.777  1452.374   393.05  160.94
-154933.320  1599.374   390.43  145.15
-154556.848  1713.469   303.03  141.61
-154180.362  1791.040   206.02  110.45
-153803.862  1825.402    91.25   91.65
-153427.348  1834.183    23.32   88.73
-153050.819  1809.488   -65.58  103.67
-152674.276  1786.612   -60.75  108.31
-152297.718  1737.495  -130.42  126.63
-151921.146  1668.100  -184.26  174.17
-151544.560  1578.832  -237.02  184.32
-151167.959  1492.538  -229.11  173.99
-150791.344  1433.686  -156.25  147.44
-150414.715  1436.565     7.64  132.08
-150038.071  1471.751    93.41  121.79
-149661.413  1542.398   187.54  125.01
-149284.740  1607.517   172.86  115.06
-148908.053  1644.993    99.48  102.12
-148531.352  1655.088    26.80  122.91
-148154.636  1635.779   -51.25  142.16
-147777.906  1610.469   -67.17  134.35
-147401.162  1589.898   -54.60  131.90
-147024.403  1577.076   -34.03  120.67
-146647.630  1549.438   -73.35  110.65
-146270.842  1512.198   -98.82  115.22
-145894.040  1476.076   -95.85  120.62
-145517.223  1459.279   -44.57  117.34
-145140.392  1499.136   105.76  121.85
-144763.547  1536.763    99.84  129.92
-144386.687  1552.921    42.87  138.18
-144009.813  1506.663  -122.73  200.14
-143632.924  1406.898  -264.68  234.78
-143256.021  1283.850  -326.43  184.59
-142879.104  1193.707  -239.13  160.83
-142502.172  1099.112  -250.93  159.94
-142125.225   990.486  -288.14  152.59
-141748.264   889.520  -267.81  131.68
-141371.289   795.954  -248.17  105.30
-140994.385   727.797  -180.81   82.02
-140620.248   674.588  -142.20   71.56
-140246.098   632.009  -113.79   62.57
-139871.933   591.179  -109.11   45.79
-139497.754   556.024   -93.94   32.23
-139123.560   536.636   -51.81   26.65
-138749.353   516.921   -52.68   27.72
-138375.131   504.332   -33.64   26.80
-138000.895   511.884    20.18   44.75
-137626.644   525.772    37.11   63.32
-137252.380   526.263     1.31   65.06
-136878.101   509.540   -44.67   72.51
-136503.808   475.469   -91.02   70.19
-136129.500   448.146   -72.99   42.93
-135755.179   434.357   -36.83   34.71
-135380.843   431.247    -8.31   32.78
-135006.492   426.369   -13.03   32.70
-134632.128   408.222   -48.47   39.91
-134257.749   377.759   -81.36   36.06
-133883.356   363.320   -38.56   29.31
-133508.948   352.517   -28.85   15.33
-133134.527   355.369     7.62   13.46
-132760.091   363.445    21.57   14.38
-132385.640   370.326    18.37   13.35
-132011.176   371.734     3.76   14.97
-131636.697   369.027    -7.23   20.42
-131262.203   353.826   -40.59   31.02
-130887.696   345.088   -23.33   32.18
-130513.174   338.993   -16.27   35.39
-130138.638   334.169   -12.88   33.75
-129764.087   341.207    18.79   32.32
-129389.522   334.867   -16.92   29.50
-129014.943   336.146     3.41   30.15
-128640.349   344.493    22.28   32.85
-128265.742   350.493    16.02   34.85
-127891.119   365.374    39.72   34.18
-127516.483   391.469    69.65   38.06
-127141.832   409.231    47.40   39.14
-126767.166   425.686    43.91   34.84
-126392.487   438.040    32.97   28.88
-126017.793   431.707   -16.90   35.78
-125643.084   422.898   -23.51   33.59
-125268.361   420.163    -7.30   32.14
-124893.624   436.421    43.38   43.20
-124518.873   476.295   106.39   58.59
-124144.107   501.491    67.22   59.43
-123769.327   495.954   -14.77   66.32
-123394.532   468.813   -72.41   82.85
-123019.723   431.224  -100.28   83.35
-122644.899   392.383  -103.62   64.91
-122270.061   355.797   -97.59   62.61
-121895.209   322.969   -87.57   65.94
-121520.342   285.728   -99.34   56.89
-121145.461   252.983   -87.34   29.99
-120770.566   238.483   -38.68   11.40
-120395.656   233.906   -12.21   11.53
-120020.732   232.213    -4.52   13.14
-119645.793   232.452     0.64   15.41
-119270.840   227.398   -13.48   16.72
-118895.872   222.639   -12.69   16.69
-118520.890   222.111    -1.41   16.47
-118145.894   215.742   -16.98   16.31
-117770.883   207.930   -20.83   22.28
-117395.857   203.969   -10.56   21.89
-117020.817   199.856   -10.96   17.16
-116645.763   203.361     9.34   17.46
-116270.694   212.404    24.11   14.46
-115895.611   214.255     4.93   18.45
-115520.514   217.890     9.69   19.22
-115145.401   221.850    10.55   19.49
-114770.275   224.326     6.60   16.87
-114395.134   230.486    16.42   13.93
-114019.978   234.231     9.98   12.43
-113644.808   234.363     0.35   15.56
-113269.624   233.564    -2.13   12.83
-112894.425   233.945     1.02   11.27
-112519.211   232.247    -4.53   12.04
-112143.983   229.421    -7.53   13.88
-111768.741   224.112   -14.15   15.25
-111393.484   215.658   -22.53   18.33
-111018.212   215.007    -1.74   18.33
-110642.926   218.993    10.62   18.81
-110267.626   225.198    16.53   19.57
-109892.311   231.937    17.95   15.74
-109516.981   231.661    -0.73   16.19
-109141.637   228.027    -9.68   13.82
-108766.279   220.421   -20.26   14.03
-108390.906   216.681    -9.96   11.06
-108015.518   212.495   -11.15   11.27
-107640.116   207.731   -12.69   10.14
-107264.699   200.302   -19.79   15.42
-106889.268   195.052   -13.99   15.67
-106513.822   188.832   -16.56   16.69
-106138.362   180.222   -22.93   17.40
-105762.887   176.612    -9.61   15.28
-105387.398   175.076    -4.09   14.85
-105011.894   173.565    -4.02   13.42
-104636.375   174.076     1.36   13.32
-104260.842   169.683   -11.70   13.66
-103885.294   168.613    -2.85   14.51
-103509.732   171.658     8.11   17.63
-103134.155   178.466    18.13   14.93
-102758.564   180.969     6.66   14.27
-102382.957   181.136     0.44   14.05
-102007.337   179.203    -5.14   11.68
-101631.702   170.202   -23.96   18.19
-101256.052   161.612   -22.86   19.49
-100880.387   155.466   -16.36   16.87
-100504.708   154.779    -1.83   13.84
-100129.015   157.003     5.92    9.33
 -99753.307   160.315     8.82    7.19
 -99377.584   159.332    -2.62    8.33
 -99001.846   157.030    -6.13    7.90
 -98626.094   154.921    -5.61    8.30
 -98250.327   149.728   -13.82   11.64
 -97874.546   142.747   -18.57   15.47
 -97498.750   136.930   -15.48   15.44
 -97122.940   134.043    -7.68   13.96
 -96747.114   135.052     2.68   13.15
 -96371.274   135.635     1.55   13.15
 -95995.420   135.707     0.19   12.87
 -95619.551   131.075   -12.32   12.51
 -95243.667   130.452    -1.66   10.80
 -94867.768   136.127    15.10   14.72
 -94491.855   141.302    13.77   15.79
 -94115.927   149.302    21.28   15.76
 -93739.985   158.913    25.56   15.63
 -93364.028   167.338    22.41   14.52
 -92988.056   167.799     1.22   12.86
 -92612.069   163.183   -12.27   14.76
 -92236.068   158.495   -12.47   14.31
 -91860.052   155.198    -8.77   13.23
 -91484.022   152.065    -8.33   13.14
 -91107.976   150.434    -4.34   10.75
 -90731.917   147.398    -8.07   11.50
 -90355.842   144.286    -8.27   11.19
 -89979.752   143.921    -0.97   10.84
 -89603.648   140.898    -8.04   10.43
 -89227.530   137.409    -9.28   10.11
 -88851.396   131.425   -15.91    8.92
 -88475.248   127.188   -11.26    6.67
 -88099.085   123.978    -8.53    7.54
 -87722.907   121.564    -6.42    7.58
 -87346.715   126.149    12.19   12.29
 -86970.508   136.993    28.82   21.44
 -86594.286   160.838    63.38   32.71
 -86218.049   187.707    71.41   37.56
 -85841.798   204.160    43.72   28.00
 -85465.532   207.734     9.50   24.00
 -85089.251   195.779   -31.77   25.27
 -84712.956   188.914   -18.24   20.86
 -84336.645   178.802   -26.87   18.48
 -83960.320   168.517   -27.33   20.06
 -83583.980   154.263   -37.87   25.02
 -83207.626   139.832   -38.34   21.16
 -82831.256   129.874   -26.46   17.44
 -82454.872   125.588   -11.39   15.76
 -82078.473   123.660    -5.12   19.55
 -81702.059   119.146   -11.99   17.90
 -81325.631   115.755    -9.01   14.96
 -80949.188   116.030     0.73   13.16
 -80572.729   119.704     9.76   13.61
 -80196.257   125.611    15.69   16.45
 -79819.769   139.271    36.28   15.28
 -79443.266   146.326    18.74   16.88
 -79066.749   146.374     0.13   13.81
 -78690.217   144.797    -4.19   13.64
 -78313.670   141.774    -8.03   12.71
 -77937.108   146.681    13.03   16.04
 -77560.532   153.064    16.95   16.08
 -77183.940   154.734     4.43   15.64
 -76807.334   152.007    -7.24   19.37
 -76430.713   145.660   -16.85   22.83
 -76054.077   141.564   -10.87   23.10
 -75677.426   141.369    -0.52   26.31
 -75300.761   138.779    -6.88   24.09
 -74924.080   139.007     0.61   21.60
 -74547.385   135.040   -10.53   20.94
 -74170.675   124.826   -27.11   24.53
 -73793.950   109.493   -40.70   27.98
 -73417.210    89.279   -53.65   27.39
 -73040.455    75.612   -36.27   16.77
 -72663.686    71.564   -10.74   13.57
 -72286.901    75.493    10.43   17.59
 -71910.102    81.421    15.73   22.33
 -71533.287    87.564    16.30   25.34
 -71156.458    97.344    25.95   23.12
 -70779.614   101.779    11.77   22.20
 -70402.755   106.363    12.16   20.42
 -70025.882   108.231     4.96   18.66
 -69648.993   111.755     9.35   16.61
 -69272.089   115.565    10.11   20.90
 -68895.171   129.636    37.33   24.27
 -68518.237   129.819     0.49   28.26
 -68141.289   120.449   -24.86   32.03
 -67764.326   103.539   -44.85   32.27
 -67387.348    84.660   -50.08   21.27
 -67010.355    76.100   -22.70   12.48
 -66633.347    73.486    -6.94   11.48
 -66256.324    80.565    18.78   23.89
 -65879.827    96.637    42.68   38.23
 -65505.744   107.661    29.47   39.08
 -65131.646   115.921    22.08   35.11
 -64757.533   112.832    -8.26   24.85
 -64383.406   107.270   -14.87   19.65
 -64009.263   104.588    -7.17   23.22
 -63635.106   105.202     1.64   28.39
 -63260.935   116.398    29.92   30.35
 -62886.748   120.937    12.13   34.36
 -62512.547   117.064   -10.35   41.21
 -62138.332   111.101   -15.93   47.81
 -61764.101    95.702   -41.15   43.99
 -61389.856    90.973   -12.64   36.82
 -61015.596    92.088     2.98   35.04
 -60641.321    96.945    12.98   38.60
 -60267.032    88.813   -21.73   22.98
 -59892.727    97.770    23.93   29.42
 -59518.409   116.378    49.71   32.75
 -59144.075   133.683    46.23   27.74
 -58769.726   146.402    33.97   19.48
 -58395.363   151.421    13.41   24.07
 -58020.985   160.088    23.15   32.41
 -57646.592   179.921    52.97   34.54
 -57272.185   206.076    69.85   36.75
 -56897.763   230.263    64.59   40.35
 -56523.326   250.710    54.60   44.29
 -56148.874   279.898    77.94   43.91
 -55774.407   301.393    57.40   53.80
 -55399.926   321.064    52.53   61.86
 -55025.430   335.398    38.27   63.41
 -54650.919   336.565     3.12   67.36
 -54276.393   331.683   -13.03   73.27
 -53901.852   322.542   -24.41   70.53
 -53527.297   308.945   -36.30   62.99
 -53152.727   293.898   -40.17   37.52
 -52778.142   288.683   -13.92   22.36
 -52403.542   299.517    28.92   31.82
 -52028.927   335.978    97.33   60.42
 -51654.298   381.169   120.62   72.17
 -51279.654   418.076    98.51   52.43
 -50904.994   449.542    83.98   40.49
 -50530.321   461.850    32.85   42.49
 -50155.632   476.611    39.39   46.81
 -49780.928   493.969    46.32   39.62
 -49406.210   498.183    11.25   24.51
 -49031.476   496.332    -4.94   24.85
 -48656.728   489.064   -19.39   28.39
 -48281.965   467.588   -57.30   33.29
 -47907.187   445.960   -57.71   52.23
 -47532.395   395.149  -135.57   89.60
 -47157.587   323.838  -190.25  105.41
 -46782.764   229.867  -250.70  118.34
 -46407.927   141.613  -235.44   89.39
 -46033.075    90.088  -137.45   49.86
 -45658.208    84.469   -14.99   44.67
 -45283.326   118.707    91.33   66.03
 -44908.429   156.160    99.90   63.36
 -44533.517   195.357   104.55   54.22
 -44158.591   203.906    22.80   65.41
 -43783.649   207.539     9.69   81.51
 -43408.693   225.542    48.01   99.06
 -43033.721   236.661    29.65  107.37
 -42658.735   272.114    94.54  113.50
 -42283.734   286.543    38.47  106.47
 -41908.718   288.998     6.55   76.76
 -41533.687   287.017    -5.28   65.52
 -41158.641   286.542    -1.27   63.71
 -40783.580   282.491   -10.80   56.35
 -40408.504   273.520   -23.92   50.13
 -40033.413   269.325   -11.18   48.90
 -39658.308   240.997   -75.52   34.94
 -39283.187   218.898   -58.91   31.03
 -38908.051   192.309   -70.88   43.44
 -38532.901   173.425   -50.33   41.94
 -38157.735   171.306    -5.65   51.42
 -37782.555   168.247    -8.15   60.12
 -37407.360   161.998   -16.65   60.21
 -37032.149   152.898   -24.25   66.38
 -36656.924   141.731   -29.76   71.75
 -36281.684   135.198   -17.41   78.53
 -35906.428   119.497   -41.84   74.87
 -35531.158   118.062    -3.82   66.28
 -35155.873   160.564   113.25   98.50
 -34780.573   228.588   181.25   93.59
 -34405.258   281.302   140.45   61.64
 -34029.927   303.302    58.61   28.37
 -33654.582   295.409   -21.03   27.58
 -33279.222   305.728    27.49   38.71
 -32903.847   323.963    48.58   53.81
 -32528.457   369.326   120.84   69.20
 -32153.052   421.421   138.77   47.52
 -31777.631   448.759    72.82   33.67
 -31402.196   467.231    49.20   25.37
 -31026.746   480.003    34.02   17.81
 -30651.281   485.169    13.76   23.52
 -30275.800   490.898    15.26   25.21
 -29900.305   496.040    13.70   25.27
 -29524.795   508.856    34.13   25.78
 -29149.269   521.263    33.04   21.83
 -28773.729   537.374    42.90   18.64
 -28398.173   546.802    25.11   16.64
 -28022.603   569.239    59.74   41.92
 -27647.017   588.493    51.26   46.03
 -27271.416   601.635    34.99   38.73
 -26895.801   615.472    36.84   28.86
 -26520.170   616.374     2.40   20.44
 -26144.524   625.808    25.11   19.85
 -25768.863   634.007    21.83   19.12
 -25393.187   642.588    22.84   15.16
 -25017.496   645.997     9.07   12.51
 -24641.790   647.286     3.43   11.80
 -24266.068   648.472     3.16   10.80
 -23890.332   644.064   -11.73   11.38
 -23514.581   625.734   -48.78   30.50
 -23138.814   606.937   -50.02   34.80
 -22763.032   586.518   -54.34   32.38
 -22387.236   570.064   -43.78   24.35
 -22011.424   573.884    10.16   28.39
 -21635.597   590.040    42.99   35.90
 -21259.755   619.493    78.36   29.51
 -20883.897   637.017    46.62   26.02
 -20508.025   649.326    32.75   22.83
 -20132.138   654.993    15.08   24.34
 -19756.235   655.332     0.90   30.80
 -19380.317   652.320    -8.01   44.64
 -19004.384   623.755   -75.98   66.75
 -18628.436   564.173  -158.48   98.28
 -18252.473   488.802  -200.47  103.34
 -17876.495   399.945  -236.33  113.44
 -17500.501   314.402  -227.51  119.04
 -17124.493   217.279  -258.30  108.06
 -16748.469   146.320  -188.71   66.20
 -16372.430   112.815   -89.10   29.60
 -15996.376   100.491   -32.77   11.13
 -15620.306   101.088     1.59   12.80
 -15244.222   106.136    13.42   14.13
 -14868.122   116.013    26.26   15.55
 -14492.007   126.088    26.79   20.28
 -14115.877   134.588    22.60   21.90
 -13739.732   142.183    20.19   21.52
 -13363.572   151.898    25.82   20.51
 -12987.396   163.802    31.65   22.88
 -12611.205   173.634    26.13   24.36
 -12234.999   165.306   -22.14   34.79
 -11858.778   144.452   -55.43   47.32
 -11482.541   116.612   -73.99   45.71
 -11106.290   109.309   -19.41   35.34
 -10730.023   133.088    63.20   51.20
 -10353.741   171.430   101.90   55.37
  -9977.443   202.452    82.44   48.42
  -9601.131   210.413    21.16   51.10
  -9224.803   209.255    -3.08   73.44
  -8848.460   179.937   -77.90   98.97
  -8472.102   144.306   -94.67  105.77
  -8095.728   133.565   -28.54  115.30
  -7719.339   117.665   -42.24  106.89
  -7342.935    92.821   -66.00   89.74
  -6966.516    61.588   -82.97   67.77
  -6590.081    35.802   -68.50   36.75
  -6213.632    17.884   -47.60    8.43
  -5837.166    12.588   -14.07    5.95
  -5460.686     9.384    -8.51    2.91
  -5084.190     7.993    -3.69    1.52
  -4707.679     7.997     0.01    1.60
  -4331.153     7.658    -0.90    2.29
  -3954.612     7.306    -0.93    2.31
  -3578.055     7.474     0.45    2.27
  -3201.483     7.383    -0.24    2.14
  -2824.895     8.169     2.09    1.67
  -2448.293     8.421     0.67    1.56
  -2071.675     8.663     0.64    2.07
  -1695.041     8.634    -0.08    2.32
  -1318.393     8.299    -0.89    2.94
   -941.729     6.850    -3.85    2.97
   -565.050     4.751    -5.57    4.63
   -188.355     3.374    -3.66    5.28
    188.355     1.520    -4.92    4.82
    565.080     1.693     0.46    5.10
    941.821     3.293     4.25    4.33
   1318.577     4.588     3.44    2.19
   1695.348     3.704    -2.35    2.59
   2072.135     3.239    -1.23    3.16
   2448.937     2.896    -0.91    3.34
   2825.754     2.020    -2.32    4.69
   3202.587     1.198    -2.18    5.17
   3579.435     1.302     0.28    5.42
   3956.298     0.930    -0.99    5.91
   4333.177     0.027    -2.39    6.18
   4710.071     0.906     2.33    6.05
   5086.981     1.535     1.67    6.41
   5463.906     4.295     7.32    5.87
   5840.846     6.914     6.95    3.72
   6217.802     8.198     3.41    1.77
   6594.773     7.997    -0.53    1.59
   6971.759     7.896    -0.27    1.85
   7348.761     7.826    -0.18    1.85
   7725.778     7.449    -1.00    1.63
   8102.811     7.350    -0.26    1.57
   8479.859     7.588     0.63    1.72
   8856.923     7.127    -1.22    1.62
   9232.998     7.088    -0.10    1.50
   9607.025     6.638    -1.20    1.43
   9981.066     6.302    -0.90    1.49
  10355.123     5.969    -0.89    1.46
  10729.195     5.271    -1.87    1.37
  11103.282     5.332     0.16    1.33
  11477.385     5.247    -0.23    1.49
  11851.502     6.898     4.41    3.75
  12225.635     9.160     6.05    5.43
  12599.783    11.890     7.30    6.04
  12973.946    14.802     7.78    4.94
  13348.124    16.356     4.15    3.23
  13722.318    16.469     0.30    1.64
  14096.527    16.517     0.13    2.11
  14470.751    15.905    -1.63    1.90
  14844.990    15.588    -0.85    1.90
  15219.244    15.472    -0.31    2.20
  15593.514    14.518    -2.55    1.71
  15967.798    13.774    -1.99    1.37
  16342.098    13.136    -1.71    1.86
  16716.414    12.945    -0.51    2.61
  17090.744    12.421    -1.40    3.30
  17465.090    14.239     4.86    5.97
  17839.451    15.751     4.04    6.15
  18213.827    18.707     7.90    5.26
  18588.218    19.565     2.29    4.25
  18962.625    19.076    -1.30    3.98
  19337.047    17.421    -4.42    4.11
  19711.484    15.707    -4.58    3.93
  20085.937    13.540    -5.79    2.95
  20460.404    12.681    -2.29    1.99
  20834.887    12.759     0.21    1.72
  21209.386    13.263     1.34    1.92
  21583.899    13.774     1.37    1.82
  21958.428    13.738    -0.10    1.97
  22332.972    14.497     2.03    2.59
  22707.532    15.295     2.13    2.83
  23082.106    16.279     2.62    2.92
  23456.696    17.332     2.81    2.89
  23831.302    18.374     2.78    2.84
  24205.922    19.338     2.57    3.00
  24580.558    19.973     1.69    3.10
  24955.209    20.361     1.04    3.20
  25329.876    20.802     1.18    3.03
  25704.557    21.379     1.54    2.57
  26079.255    21.921     1.45    1.91
  26453.967    22.562     1.71    2.21
  26828.695    24.043     3.95    2.65
  27203.438    25.280     3.30    2.56
  27578.197    26.231     2.54    2.55
  27952.970    27.679     3.86    2.54
  28327.759    29.564     5.03    3.52
  28702.564    33.679    10.98    6.00
  29077.384    39.035    14.29    7.39
  29452.219    45.861    18.21    8.49
  29827.070    54.493    23.03    8.94
  30201.935    62.449    21.22    9.74
  30576.817    72.402    26.55   10.46
  30951.713    80.921    22.73    9.94
  31326.625    89.747    23.54   10.86
  31701.553   100.799    29.48   14.26
  32076.496   116.517    41.92   21.35
  32451.454   134.983    49.25   24.46
  32826.427   147.469    33.30   23.27
  33201.416   164.497    45.41   22.66
  33576.421   173.460    23.90   22.34
  33951.440   191.793    48.89   29.57
  34326.476   212.540    55.32   32.73
  34701.526   241.867    78.20   36.03
  35076.592   277.921    96.13   45.56
  35451.674   309.369    83.84   52.42
  35826.770   339.338    79.90   42.78
  36201.883   347.588    21.99   38.88
  36577.010   331.588   -42.65   48.49
  36952.153   299.937   -84.37   46.30
  37327.312   271.076   -76.93   38.27
  37702.486   247.286   -63.41   23.73
  38077.675   233.231   -37.46   25.33
  38452.880   218.231   -39.98   24.55
  38828.100   208.636   -25.57   24.72
  39203.336   196.007   -33.66   26.15
  39578.587   185.612   -27.70   26.09
  39953.854   178.472   -19.03   23.10
  40329.136   175.774    -7.19   27.21
  40704.434   182.445    17.78   41.65
  41079.747   188.518    16.18   62.36
  41455.075   177.884   -28.34   72.84
  41830.419   155.231   -60.35   68.60
  42205.779   132.425   -60.76   53.28
  42581.154   112.286   -53.65   22.17
  42956.544   106.826   -14.54    7.17
  43331.950   114.921    21.56   16.63
  43707.371   134.728    52.76   39.98
  44082.808   168.495    89.94   65.90
  44458.261   206.844   102.14   80.55
  44833.729   262.983   149.52   97.11
  45209.212   328.658   174.91  120.79
  45584.711   372.856   117.71  147.05
  45960.226   418.493   121.54  180.35
  46335.756   442.874    64.93  185.74
  46711.301   443.960     2.89  173.72
  47086.863   406.611   -99.45  143.73
  47462.439   371.636   -93.13  125.42
  47838.031   365.978   -15.06  117.76
  48213.639   426.136   160.17  147.57
  48589.262   503.332   205.52  146.78
  48964.901   535.611    85.93  122.27
  49340.556   512.921   -60.40  117.42
  49716.226   504.565   -22.25  112.22
  50091.911   536.921    86.13  120.72
  50467.612   593.247   149.93  149.88
  50843.329   663.945   188.18  129.44
  51219.061   672.683    23.26  137.63
  51594.809   622.302  -134.09  166.43
  51970.572   552.356  -186.15  142.10
  52346.351   507.969  -118.12  124.72
  52722.145   525.993    47.96  147.22
  53097.956   596.088   186.53  139.00
  53473.781   666.867   188.34  143.11
  53849.623   742.564   201.41  108.39
  54225.480   766.658    64.11   93.31
  54601.352   785.945    51.32   92.33
  54977.240   788.363     6.43   92.44
  55353.144   810.202    58.10   84.91
  55729.063   841.888    84.29   83.45
  56104.998   884.469   113.27  106.73
  56480.949   956.207   190.83  146.12
  56856.915  1023.279   178.41  136.28
  57232.897  1049.707    70.30  107.29
  57608.895  1014.024   -94.91  131.13
  57984.908   918.542  -253.95  172.19
  58360.937   821.344  -258.50  145.67
  58736.981   767.844  -142.28  102.94
  59113.041   769.136     3.44  110.53
  59489.117   849.863   214.67  132.54
  59865.208   952.543   273.03  151.37
  60241.316  1069.076   309.86  166.55
  60617.438  1193.588   331.06  143.69
  60993.577  1324.611   348.36  143.92
  61369.731  1421.636   257.95  144.64
  61745.901  1530.679   289.89  150.81
  62122.086  1620.178   237.92  124.73
  62498.287  1648.770    76.01   92.59
  62874.504  1635.445   -35.42   99.34
  63250.737  1570.216  -173.38  117.67
  63626.985  1477.030  -247.68  120.20
  64003.249  1408.535  -182.05  114.27
  64379.529  1356.384  -138.61  106.88
  64755.824  1309.563  -124.43   80.26
  65132.135  1297.193   -32.87  102.26
  65508.462  1274.937   -59.14  111.65
  65884.804  1262.588   -32.81  115.47
  66261.163  1303.179   107.86  117.33
  66637.537  1323.870    54.98   96.44
  67013.926  1264.937  -156.58  161.16
  67390.332  1110.169  -411.20  243.30
  67766.753   928.797  -481.86  233.83
  68143.190   735.179  -514.37  195.71
  68519.643   612.167  -326.78  137.25
  68896.111   582.906   -77.73  106.15
  69272.595   605.612    60.31  114.67
  69649.095   683.751   207.55  122.52
  70025.611   765.755   217.81   92.93
  70402.143   821.075   146.93   99.06
  70778.690   907.793   230.31  109.16
  71155.253   982.768   199.12  100.93
  71531.832  1043.779   162.02   94.25
  71908.426  1127.202   221.53  102.91
  72285.037  1187.539   160.22   97.00
  72661.663  1207.474    52.93   81.27
  73038.305  1200.746   -17.87  101.00
  73414.963  1123.156  -206.01  135.67
  73791.636  1022.350  -267.64  119.00
  74168.326   931.658  -240.78  114.12
  74545.031   865.315  -176.12  117.68
  74921.752   770.114  -252.73  127.22
  75298.489   683.634  -229.57  127.74
  75675.242   601.515  -217.98  104.67
  76052.010   547.815  -142.54   87.07
  76428.794   494.088  -142.60   84.92
  76805.595   438.947  -146.35   89.71
  77182.411   385.634  -141.49   80.70
  77559.242   351.947   -89.40   51.75
  77936.090   362.564    28.18   62.23
  78312.954   414.702   138.35   83.88
  78689.833   476.564   164.15   88.69
  79066.728   524.588   127.43   97.98
  79443.639   563.325   102.78   97.74
  79820.566   593.247    79.39   94.14
  80197.509   628.821    94.38   88.30
  80574.468   666.520   100.02   91.96
  80951.442   726.728   159.72   93.04
  81328.433   780.075   141.52  105.19
  81705.439   865.770   227.32  116.88
  82082.462   964.213   261.12  139.68
  82459.500  1120.656   414.96  216.99
  82836.554  1271.030   398.84  197.75
  83213.624  1358.716   232.56  125.36
  83590.710  1355.384    -8.84  102.56
  83967.811  1300.921  -144.43  107.06
  84343.466  1272.449   -75.80   99.05
  84717.444  1284.588    32.46  112.97
  85091.438  1350.495   176.24  140.71
  85465.448  1446.134   255.73  144.89
  85839.473  1513.050   178.92  105.98
  86213.514  1561.134   128.56  103.29
  86587.571  1594.100    88.14  124.80
  86961.643  1618.683    65.72  120.38
  87335.731  1636.100    46.56  102.74
  87709.834  1613.710   -59.85   90.23
  88083.953  1553.247  -161.63   86.68
  88458.088  1507.738  -121.65   85.43
  88832.239  1460.169  -127.15   82.30
  89206.405  1435.255   -66.59   88.40
  89580.587  1468.660    89.28  117.42
  89954.785  1546.112   207.00  159.50
  90328.998  1629.149   221.91  164.55
  90703.227  1762.338   355.93  187.55
  91077.472  1835.788   196.28  161.86
  91451.732  1893.286   153.64  114.31
  91826.008  1904.263    29.33   68.89
  92200.300  1864.517  -106.20   83.82
  92574.608  1796.874  -180.73  102.74
  92948.931  1717.751  -211.39  114.64
  93323.270  1639.183  -209.90  133.21
  93697.625  1570.374  -183.82  151.61
  94071.995  1482.472  -234.82  157.72
  94446.381  1411.332  -190.03  133.24
  94820.783  1370.053  -110.26  121.10
  95195.201  1322.088  -128.12  110.49
  95569.634  1280.146  -112.02  130.29
  95944.084  1234.445  -122.06  131.93
  96318.549  1163.449  -189.61  137.75
  96693.029  1070.123  -249.23  139.31
  97067.526  1009.263  -162.53  131.24
  97442.038   960.270  -130.83  105.85
  97816.566   921.658  -103.10  111.86
  98191.110   920.704    -2.55  122.29
  98565.669   895.612   -67.00  109.63
  98940.244   882.755   -34.33  110.60
  99314.835   880.350    -6.42  108.58
  99689.442   887.379    18.76  119.55
 100064.065   890.169     7.45  135.86
 100438.703   885.635   -12.11  125.71
 100813.358   910.053    65.18  137.93
 101188.028   967.043   152.12  144.72
 101562.714  1066.255   264.81  152.81
 101937.415  1143.146   205.22  116.44
 102312.133  1129.123   -37.43  126.99
 102686.866  1063.850  -174.20  165.22
 103061.615   896.309  -447.11  203.04
 103436.380   728.636  -447.45  155.75
 103811.161   638.183  -241.37  125.33
 104185.958   580.053  -155.11   77.22
 104560.770   589.356    24.82   89.15
 104935.598   645.369   149.45   91.04
 105310.442   717.202   191.65   99.50
 105685.302   756.302   104.32  106.52
 106060.178   814.188   154.43  117.25
 106435.070   849.747    94.86  106.26
 106809.978   878.938    77.87  100.15
 107184.901   938.612   159.18  110.72
 107559.840   979.588   109.30  111.33
 107934.795  1003.802    64.58  108.61
 108309.766  1047.111   115.51  130.93
 108684.753  1081.537    91.81  134.91
 109059.756  1147.770   176.64  149.97
 109434.775  1231.247   222.61  164.09
 109809.810  1310.588   211.58  194.51
 110184.860  1434.445   330.27  189.57
 110559.926  1538.881   278.47  162.51
 110935.009  1549.815    29.16  143.35
 111310.107  1511.562  -101.99  153.21
 111685.221  1451.309  -160.64  150.52
 112060.351  1404.588  -124.56  152.86
 112435.497  1445.542   109.18  183.54
 112810.659  1517.770   192.54  191.37
 113185.837  1581.088   168.78  181.24
 113561.030  1606.134    66.76  187.66
 113936.240  1609.313     8.47  169.37
 114311.466  1598.474   -28.89  184.37
 114686.707  1585.429   -34.77  201.48
 115061.965  1547.063  -102.25  202.01
 115437.238  1513.088   -90.54  186.79
 115812.527  1514.870     4.75  186.06
 116187.833  1565.065   133.76  206.17
 116563.154  1644.656   212.08  240.45
 116938.491  1733.751   237.40  264.65
 117313.845  1852.043   315.18  252.68
 117689.214  2011.024   423.58  229.09
 118064.599  2146.611   361.23  186.99
 118440.000  2203.913   152.66  133.19
 118815.417  2195.076   -23.54  141.23
 119190.851  2253.088   154.53  196.66
 119566.300  2284.988    84.97  202.68
 119941.765  2325.338   107.48  217.92
 120317.246  2397.114   191.18  229.32
 120692.743  2477.429   213.91  238.12
 121068.256  2561.890   224.95  274.77
 121443.786  2690.867   343.49  309.53
 121819.331  2882.239   509.64  297.30
 122194.892  3039.280   418.19  248.67
 122570.469  3179.770   374.10  165.34
 122946.062  3285.881   282.54   83.44
 123321.672  3338.449   139.97   86.25
 123697.297  3371.286    87.43   84.63
 124072.938  3377.198    15.74   95.58
 124448.596  3336.588  -108.11  131.07
 124824.269  3258.693  -207.37  148.24
 125199.959  3142.520  -309.26  160.50
 125575.664  3036.146  -283.16  178.81
 125951.386  2945.100  -242.35  202.48
 126327.124  2817.728  -339.03  191.69
 126702.878  2718.716  -263.53  135.58
 127078.647  2656.474  -165.66  163.79
 127454.433  2574.963  -216.93  178.44
 127830.235  2505.326  -185.32  219.22
 128206.053  2408.100  -258.73  236.94
 128581.888  2343.686  -171.41  246.73
 128957.738  2334.361   -24.81  308.87
 129333.604  2284.488  -132.70  285.40
 129709.487  2242.247  -112.39  279.19
 130085.385  2189.356  -140.72  303.35
 130461.300  2101.425  -233.94  247.66
 130837.231  2029.088  -192.44  336.44
 131213.177  2336.973   819.05  679.05
 131589.140  2711.543   996.41  744.81
 131965.120  3121.313  1090.00  520.49
 132341.115  3191.398   186.42  315.86
 132717.126  3040.634  -401.00  425.43
 133093.154  2795.686  -651.48  515.01
 133469.197  2446.656  -928.27  492.73
 133845.257  2309.271  -365.37  450.55
 134221.333  2147.469  -430.29  355.86
 134597.425  2128.239   -51.14  343.28
 134973.534  2120.112   -21.61  347.55
 135349.658  2235.921   307.94  437.06
 135725.799  2401.838   441.15  531.17
 136101.955  2631.747   611.28  588.52
 136478.128  2920.538   767.80  548.74
 136854.317  3168.898   660.27  401.55
 137230.523  3218.146   130.92  281.26
 137606.744  3172.783  -120.59  272.22
 137982.982  3200.043    72.46  300.38
 138359.236  3209.393    24.85  315.28
 138735.506  3354.350   385.29  323.00
 139111.792  3515.890   429.35  236.67
 139488.094  3610.493   251.43  181.96
 139864.413  3692.136   216.98  129.54
 140240.748  3748.832   150.67  122.63
 140617.099  3821.861   194.07  114.34
 140993.466  3877.344   147.44   86.78
 141369.849  3952.425   199.50  132.70
 141746.249  4033.945   216.60  125.13
 142122.665  4037.100     8.38  106.07
 142499.097  4018.309   -49.93   98.72
 142875.546  3984.027   -91.08   92.83
 143252.010  3976.356   -20.38   91.69
 143628.491  4018.053   110.77  125.74
 144004.989  4114.993   257.51  168.42
 144381.502  4219.017   276.32  151.71
 144758.032  4288.222   183.82  121.74
 145134.578  4362.983   198.57  153.82
 145511.140  4403.783   108.36  153.56
 145887.718  4420.844    45.31  123.59
 146264.313  4414.088   -17.94  123.68
 146640.924  4355.636  -155.23  119.52
 147017.551  4318.747   -97.96  110.50
 147394.195  4285.513   -88.25  121.34
 147770.855  4298.983    35.77  129.63
 148147.531  4337.429   102.08  136.68
 148524.223  4362.588    66.80  128.01
 148900.932  4392.751    80.08  175.34
 149277.657  4384.231   -22.62  203.37
 149654.399  4385.088     2.28  199.10
 150031.156  4430.491   120.52  190.40
 150407.930  4473.017   112.88  153.99
 150784.721  4532.779   158.63  132.84
 151161.527  4601.469   182.32  115.43
 151538.350  4682.429   214.88  114.29
 151915.190  4739.838   152.36  109.37
 152292.045  4775.707    95.19   98.69
 152668.917  4722.449  -141.34  118.10
 153045.806  4667.247  -146.49  127.79
 153422.711  4612.123  -146.27  122.86
 153799.632  4556.783  -146.84  109.01
 154176.569  4520.564   -96.10  111.43
 154553.523  4468.993  -136.83  135.88
 154930.493  4417.398  -136.89  144.66
 155307.480  4370.898  -123.36  148.10
 155684.482  4403.734    87.11  169.50
 156061.502  4474.088   186.63  239.71
 156438.537  4414.369  -158.41  297.76
 156815.589  4345.325  -183.14  306.33
 157192.658  4259.434  -227.82  289.78
