-230397.424    85.628     0.00   17.54
-230021.942    87.960     6.21   18.96
-229646.446    97.856    26.35   21.19
-229270.936   105.174    19.49   21.47
-228895.412   113.786    22.93   21.30
-228519.873   111.174    -6.95   20.17
-228144.321   100.686   -27.92   24.77
-227768.755    93.548   -19.00   22.60
-227393.174    91.564    -5.28   19.94
-227017.579    93.722     5.75   20.13
-226641.971   103.365    25.67   14.84
-226266.348   105.198     4.88   11.31
-225890.711    99.027   -16.42   15.52
-225515.060    87.674   -30.22   20.22
-225139.395    75.966   -31.16   19.15
-224763.716    66.548   -25.07   13.19
-224388.022    67.127     1.54   16.04
-224012.315    74.442    19.47   20.13
-223636.593    82.051    20.25   22.66
-223260.857    90.686    22.98   19.94
-222885.107    91.637     2.53   20.63
-222509.343    87.881    -9.99   23.52
-222133.565    90.734     7.59   24.85
-221757.773    94.393     9.74   31.88
-221381.966   111.294    44.96   36.02
-221006.146   130.299    50.56   33.64
-220630.311   142.674    32.92   37.62
-220254.462   152.612    26.44   31.84
-219878.599   151.103    -4.01   30.18
-219502.722   150.466    -1.69   34.52
-219126.830   150.222    -0.65   34.73
-218750.925   153.245     8.04   36.84
-218375.005   163.222    26.54   28.54
-217999.071   171.539    22.12   32.90
-217623.123   178.794    19.29   42.64
-217247.160   192.538    36.55   47.11
-216871.184   209.381    44.79   46.31
-216495.193   215.171    15.40   40.58
-216119.188   227.103    31.73   37.91
-215743.169   244.338    45.83   35.04
-215367.136   258.954    38.86   47.69
-214991.088   297.427   102.29   69.47
-214615.026   346.991   131.78   79.18
-214238.950   375.949    76.99   72.06
-213862.860   361.344   -38.83   91.69
-213486.756   294.746  -177.04  125.43
-213110.637   238.518  -149.47  100.30
-212734.504   209.433   -77.31   59.96
-212358.357   245.586    96.10   79.37
-211982.196   319.497   196.46   98.26
-211606.020   403.059   222.10  107.14
-211229.831   510.008   284.25  113.84
-210853.627   599.479   237.79   99.90
-210477.408   675.904   203.11   91.45
-210101.176   755.812   212.35   87.44
-209724.929   819.413   169.01  103.51
-209348.668   880.832   163.21   91.47
-208972.392   885.442    12.25   85.13
-208596.103   821.427  -170.09  134.55
-208219.799   741.064  -213.52  118.28
-207843.481   705.051   -95.68   92.88
-207467.148   717.198    32.27  122.02
-207090.802   774.344   151.82  129.34
-206714.441   815.617   109.65  137.50
-206338.066   843.402    73.81  121.99
-205961.676   842.841    -1.49  113.58
-205585.272   837.484   -14.23  129.07
-205208.854   838.079     1.58  110.00
-204832.421   850.149    32.06   94.97
-204455.975   894.472   117.72   99.50
-204079.514   959.222   171.97  115.38
-203703.038  1032.929   195.75  107.77
-203326.549  1086.897   143.32   98.53
-202950.045  1138.539   137.14  105.53
-202573.526  1186.436   127.19  105.04
-202196.994  1258.856   192.30   94.33
-201820.447  1334.637   201.22  115.27
-201443.885  1438.008   274.47  146.64
-201067.310  1549.936   297.18  142.09
-200690.720  1633.032   220.62  123.90
-200314.115  1681.524   128.74   87.89
-199937.497  1686.548    13.34  106.05
-199560.864  1645.198  -109.77  135.30
-199184.216  1596.515  -129.23  138.65
-198807.554  1559.978   -96.99  113.04
-198430.878  1515.413  -118.29  100.19
-198054.188  1502.389   -34.57   83.18
-197677.483  1474.246   -74.70   76.24
-197300.764  1467.097   -18.97   96.39
-196924.030  1481.173    37.36   89.06
-196547.282  1527.176   122.08  112.75
-196170.520  1606.881   211.52  132.67
-195793.743  1723.413   309.24  151.81
-195416.952  1792.341   182.91  128.96
-195040.146  1832.783   107.31  137.47
-194663.327  1815.151   -46.79  159.85
-194286.492  1764.913  -133.30  152.45
-193909.644  1672.539  -245.08  173.92
-193532.780  1544.984  -338.41  180.12
-193155.903  1382.612  -430.77  178.55
-192779.011  1252.597  -344.91  142.08
-192402.105  1137.913  -304.23  129.38
-192025.184  1048.978  -235.91  121.10
-191648.249   999.817  -130.40  105.99
-191271.299   963.734   -95.71  101.76
-190894.335   968.822    13.49  136.29
-190517.356   996.362    73.04  163.76
-190142.223  1047.022   135.03  185.29
-189768.090  1084.770   100.88  199.17
-189393.942  1114.889    80.49  173.32
-189019.781  1092.664   -59.39  137.51
-188645.605  1045.174  -126.90  124.03
-188271.415   963.880  -217.22  133.45
-187897.210   832.699  -350.51  176.29
-187522.992   674.497  -422.69  174.08
-187148.759   591.013  -223.05  116.71
-186774.512   612.032    56.15  133.23
-186400.251   702.171   240.81  178.10
-186025.975   869.040   445.78  182.89
-185651.686  1037.863   450.98  169.25
-185277.382  1171.674   357.44  176.34
-184903.063  1276.548   280.13  164.16
-184528.731  1346.173   185.97  173.20
-184154.384  1411.154   173.56  185.98
-183780.023  1463.735   140.43  172.60
-183405.648  1510.294   124.35  154.04
-183031.258  1573.484   168.76  128.23
-182656.854  1631.508   154.95   94.55
-182282.436  1651.008    52.07   79.00
-181908.004  1645.947   -13.51  119.65
-181533.557  1612.594   -89.06  151.44
-181159.096  1602.422   -27.16  175.37
-180784.621  1649.051   124.50  161.28
-180410.131  1753.198   278.06  175.61
-180035.627  1854.841   271.37  181.25
-179661.109  1976.508   324.82  167.98
-179286.577  2040.687   171.33  169.99
-178912.030  2031.442   -24.68  179.77
-178537.469  1972.515  -157.30  211.48
-178162.894  1864.841  -287.41  197.90
-177788.304  1802.897  -165.34  181.27
-177413.700  1792.408   -27.99  165.02
-177039.081  1761.341   -82.92  140.29
-176664.449  1696.674  -172.59  152.38
-176289.802  1561.564  -360.58  197.63
-175915.140  1406.532  -413.73  217.20
-175540.465  1257.759  -397.02  173.29
-175165.774  1197.627  -160.46  130.65
-174791.070  1211.198    36.21  156.44
-174416.351  1229.651    49.24  150.53
-174041.618  1264.051    91.79  139.68
-173666.871  1336.270   192.69  173.98
-173292.109  1437.222   269.34  239.00
-172917.333  1613.292   469.73  221.94
-172542.542  1781.003   447.42  184.52
-172167.737  1885.246   278.09  177.03
-171792.918  1995.637   294.48  185.19
-171418.084  2095.722   266.98  182.41
-171043.236  2165.313   185.63  148.66
-170668.374  2166.847     4.09  136.36
-170293.497  2107.954  -157.08  151.35
-169918.605  2012.269  -255.20  145.46
-169543.700  1958.572  -143.21  135.11
-169168.780  1994.358    95.44  165.24
-168793.845  2100.325   282.59  177.46
-168418.896  2233.654   355.55  182.83
-168043.933  2340.757   285.60  138.30
-167668.956  2348.174    19.78  134.82
-167293.963  2282.449  -175.25  189.09
-166918.957  2202.863  -212.20  181.42
-166543.936  2149.858  -141.32  177.72
-166168.901  2123.914   -69.17  169.96
-165793.851  2073.501  -134.40  157.08
-165418.787  2015.393  -154.91  144.54
-165043.708  1936.479  -210.37  132.18
-164668.615  1830.836  -281.61  164.11
-164293.507  1749.775  -216.07  173.62
-163918.385  1648.490  -269.97  170.45
-163543.249  1546.460  -271.95  139.04
-163168.098  1480.246  -176.48  159.69
-162792.932  1376.897  -275.44  175.25
-162417.753  1258.863  -314.56  163.60
-162042.558  1142.294  -310.65  161.61
-161667.349  1023.960  -315.34  150.13
-161292.126   904.032  -319.58  136.44
-160916.888   791.317  -300.34  128.66
-160541.636   696.047  -253.85  121.97
-160166.370   644.929  -136.20   90.32
-159791.088   649.612    12.48  103.19
-159415.793   736.198   230.68  143.01
-159040.483   871.436   360.29  130.07
-158665.158   995.317   330.02  153.07
-158289.819  1143.722   395.34  158.97
-157914.465  1250.966   285.68  161.52
-157539.097  1315.484   171.86  128.88
-157163.714  1341.172    68.42  133.17
-156788.317  1296.413  -119.22  127.37
-156412.905  1236.478  -159.63  130.68
-156037.479  1201.129   -94.14  119.79
-155662.038  1220.317    51.10  127.20
-155286.583  1308.272   234.23  160.17
-154911.113  1445.960   366.66  161.04
-154535.629  1590.803   385.70  165.48
-154160.130  1709.913   317.16  161.66
-153784.616  1824.222   304.37  144.81
-153409.088  1877.841   142.77  107.32
-153033.546  1882.320    11.92  108.54
-152657.988  1835.097  -125.72  121.89
-152282.417  1799.978   -93.50  135.03
-151906.831  1771.922   -74.69  149.32
-151531.230  1732.222  -105.68  162.32
-151155.614  1687.294  -119.60  166.64
-150779.984  1601.770  -227.65  152.30
-150404.340  1549.889  -138.10  115.93
-150028.681  1523.581   -70.02   89.48
-149653.007  1533.501    26.40  108.97
-149277.319  1542.271    23.34  117.96
-148901.616  1537.222   -13.44  108.20
-148525.898  1512.198   -66.60  101.55
-148150.166  1469.091  -114.71  110.27
-147774.420  1406.040  -167.78  124.77
-147398.658  1315.722  -240.33  130.90
-147022.883  1225.978  -238.79  135.54
-146647.092  1135.484  -240.78  119.42
-146271.287  1051.068  -224.60  114.49
-145895.467  1029.404   -57.64  110.62
-145519.633  1056.966    73.33  126.88
-145143.784  1080.710    63.17  132.30
-144767.920  1092.362    30.99  123.15
-144392.042  1051.341  -109.12  145.27
-144016.149   959.358  -244.68  156.68
-143640.242   895.643  -169.48  163.97
-143264.320   795.018  -267.65  173.37
-142888.383   659.270  -361.05  178.75
-142512.431   594.036  -173.50  139.58
-142136.465   586.127   -21.03  139.89
-141760.484   684.299   261.08  192.70
-141384.489   823.608   370.47  155.37
-141008.479   885.145   163.64   96.55
-140632.454   849.484   -94.83  124.18
-140256.415   730.271  -316.99  164.25
-139880.361   616.772  -301.78  150.92
-139504.292   526.427  -240.21  107.52
-139128.208   484.617  -111.16   68.32
-138752.110   501.929    46.03   83.61
-138375.997   543.478   110.46   98.11
-137999.870   579.125    94.76   94.35
-137623.728   623.313   117.47   97.32
-137247.571   641.504    48.36  100.76
-136871.399   665.627    64.12  103.53
-136495.213   710.294   118.72  122.79
-136119.012   750.151   105.93  133.07
-135742.796   805.127   146.11  128.56
-135366.565   879.122   196.65  119.59
-134990.320   919.674   107.77  100.62
-134614.060   922.572     7.70   75.66
-134237.785   883.929  -102.69   98.74
-133861.496   828.246  -147.96   90.64
-133485.192   782.759  -120.87   81.25
-133108.873   752.960   -79.18   99.81
-132732.539   734.722   -48.46  111.42
-132356.191   672.320  -165.79  106.74
-131979.828   653.603   -49.72   90.77
-131603.450   668.127    38.58   97.83
-131227.057   727.841   158.63  134.48
-130850.650   805.106   205.25  170.91
-130474.228   939.271   356.38  193.96
-130097.791  1054.246   305.40  152.37
-129721.339  1147.246   247.02  136.03
-129344.873  1217.484   186.55  168.73
-128968.391  1296.990   211.16  188.56
-128591.895  1338.889   111.28  200.19
-128215.384  1353.032    37.56  196.91
-127838.859  1314.627  -101.99  180.37
-127462.318  1249.571  -172.75  177.93
-127085.763  1216.431   -88.00  138.07
-126709.193  1225.943    25.26  126.68
-126332.608  1259.008    87.79  120.70
-125956.009  1328.222   183.77  124.48
-125579.394  1397.032   182.69  121.24
-125202.765  1469.151   191.47  120.13
-124826.121  1583.036   302.34  132.53
-124449.462  1696.698   301.73  150.23
-124072.788  1829.827   353.40  163.48
-123696.099  1947.579   312.57  149.98
-123319.396  2025.389   206.53  132.67
-122942.678  2032.389    18.58  126.92
-122565.945  2011.588   -55.21  127.85
-122189.197  1918.484  -247.10  164.57
-121812.434  1795.149  -327.32  180.29
-121435.656  1667.294  -339.31  166.52
-121058.864  1554.850  -298.39  134.56
-120682.056  1469.794  -225.71  111.34
-120305.234  1369.246  -266.80  129.29
-119928.397  1308.698  -160.66  115.77
-119551.545  1238.734  -185.64   92.02
-119174.678  1188.272  -133.89   78.32
-118797.797  1194.174    15.66   90.90
-118420.900  1263.490   183.89  150.14
-118043.989  1345.722   218.15  172.22
-117667.062  1490.027   382.81  162.31
-117290.121  1588.397   260.94  139.90
-116913.165  1672.501   223.09  142.52
-116536.194  1731.572   156.68  126.38
-116159.208  1766.008    91.34  111.37
-115782.207  1840.508   197.59  117.15
-115405.191  1920.127   211.16  118.09
-115030.513  2020.817   268.71  137.59
-114656.430  2118.325   260.63  110.19
-114282.332  2151.699    89.21   94.70
-113908.220  2140.954   -28.72  104.97
-113534.093  2059.245  -218.38  131.92
-113159.951  1968.686  -242.02  126.16
-112785.794  1886.906  -218.55  137.29
-112411.623  1774.768  -299.67  173.35
-112037.437  1648.094  -338.50  158.70
-111663.237  1526.198  -325.72  158.43
-111289.021  1435.013  -243.65   98.07
-110914.791  1420.460   -38.88   89.13
-110540.546  1480.790   161.19  134.78
-110166.287  1583.643   274.79  131.30
-109792.013  1687.631   277.81  147.69
-109417.724  1799.365   298.50  143.66
-109043.420  1860.803   164.13  133.04
-108669.102  1886.746    69.30  136.95
-108294.769  1877.350   -25.10  142.71
-107920.421  1916.472   104.50  156.47
-107546.059  1979.564   168.52  165.94
-107171.681  2018.271   103.38  135.03
-106797.289  2020.013     4.65  147.86
-106422.883  1928.417  -244.62  174.16
-106048.461  1793.455  -360.43  151.97
-105674.025  1717.709  -202.27  123.30
-105299.574  1726.532    23.56  149.09
-104925.108  1794.027   180.23  200.05
-104550.627  1891.865   261.24  190.66
-104176.132  1972.651   215.70  158.07
-103801.622  2025.270   140.49  114.29
-103427.097  2049.317    64.20   80.36
-103052.557  2044.913   -11.76   76.25
-102678.003  2030.484   -38.52   81.32
-102303.434  1991.018  -105.36   85.44
-101928.850  1931.413  -159.11   88.03
-101554.251  1882.338  -130.99   92.35
-101179.637  1867.478   -39.67   88.86
-100805.009  1897.881    81.15  115.09
-100430.366  1960.368   166.78  117.07
-100055.707  2026.198   175.69   91.42
 -99681.035  2049.013    60.89   74.00
 -99306.347  2030.904   -48.33   84.17
 -98931.644  1978.365  -140.20   99.15
 -98556.927  1916.032  -166.33  103.11
 -98182.195  1855.270  -162.13   99.49
 -97807.448  1829.841   -67.85  102.58
 -97432.686  1892.710   167.74  121.85
 -97057.909  1936.341   116.41  101.19
 -96683.118  1935.865    -1.27   97.98
 -96308.312  1871.270  -172.33  152.82
 -95933.490  1768.920  -273.04  145.17
 -95558.654  1674.413  -252.11  116.13
 -95183.804  1620.807  -142.99  101.52
 -94808.938  1589.222   -84.25  119.88
 -94434.057  1552.295   -98.50  127.26
 -94059.162  1519.807   -86.65  115.82
 -93684.251  1470.817  -130.66   96.21
 -93309.326  1424.472  -123.60   72.27
 -92934.386  1437.518    34.79   75.79
 -92559.431  1481.043   116.07  105.33
 -92184.461  1550.222   184.48  108.56
 -91809.476  1575.698    67.93   89.00
 -91434.477  1570.850   -12.93  110.84
 -91059.462  1546.687   -64.43  118.47
 -90684.433  1506.091  -108.24  115.83
 -90309.388  1458.313  -127.38  131.88
 -89934.329  1393.072  -173.94  155.16
 -89559.255  1307.063  -229.30  158.02
 -89184.166  1227.317  -212.59  146.30
 -88809.062  1160.914  -177.01  143.84
 -88433.943  1089.449  -190.50  141.77
 -88058.809  1039.273  -133.75  119.54
 -87683.660   983.936  -147.50  114.27
 -87308.496   925.780  -155.00  111.80
 -86933.318   879.027  -124.61  110.81
 -86558.124   821.813  -152.48   85.14
 -86182.915   777.933  -116.94   71.88
 -85807.692   751.904   -69.36   73.59
 -85432.453   742.083   -26.17   70.65
 -85057.200   762.362    54.04   94.12
 -84681.932   793.198    82.17  104.69
 -84306.648   826.222    87.99   88.03
 -83931.350   814.677   -30.76  100.06
 -83556.037   789.572   -66.89  121.05
 -83180.709   752.508   -98.74  128.40
 -82805.365   685.008  -179.82  114.37
 -82430.007   649.051   -95.79   93.60
 -82054.634   619.427   -78.92   79.01
 -81679.246   590.797   -76.26   77.54
 -81303.843   573.103   -47.13   65.90
 -80928.425   543.827   -77.98   63.22
 -80552.992   518.794   -66.67   54.67
 -80177.543   493.389   -67.66   56.71
 -79802.080   466.597   -71.35   58.92
 -79426.602   434.389   -85.77   46.05
 -79051.109   422.832   -30.78   37.59
 -78675.601   442.817    53.22   62.30
 -78300.077   508.151   173.97  102.30
 -77924.539   582.936   199.13  113.62
 -77548.986   668.532   227.90   90.92
 -77173.418   701.841    88.69   62.97
 -76797.834   691.817   -26.69   69.40
 -76422.236   641.929  -132.81   88.20
 -76046.623   568.174  -196.35   89.77
 -75670.994   520.897  -125.86   60.34
 -75295.351   513.664   -19.25   52.60
 -74919.692   552.759   104.06   90.80
 -74544.019   608.936   149.53   96.05
 -74168.330   690.413   216.86  105.13
 -73792.626   789.455   263.60  112.24
 -73416.907   888.920   264.72  139.71
 -73041.173  1006.338   312.49  147.34
 -72665.424  1096.817   240.78  113.48
 -72289.660  1135.881   103.95   76.60
 -71913.881  1106.222   -78.92   91.96
 -71538.087  1036.627  -185.18  105.92
 -71162.278   954.246  -219.20   95.53
 -70786.453   896.889  -152.61   69.64
 -70410.614   871.850   -66.62   50.70
 -70034.759   899.603    73.84   94.43
 -69658.890   952.603   141.00  116.31
 -69283.005  1007.338   145.61  107.44
 -68907.105  1057.413   133.20   88.11
 -68531.190  1085.389    74.42   79.80
 -68155.260  1074.803   -28.16   91.08
 -67779.315  1018.442  -149.91  104.84
 -67403.354   936.497  -217.95  121.57
 -67027.379   823.341  -300.95  131.80
 -66651.388   701.807  -323.22  137.75
 -66275.382   628.389  -195.25  116.31
 -65899.361   557.746  -187.86  101.85
 -65523.325   505.905  -137.85   91.85
 -65147.274   451.389  -144.96   84.81
 -64771.208   414.453   -98.21   70.60
 -64395.126   387.865   -70.69   61.50
 -64019.029   359.341   -75.84   55.50
 -63642.918   341.478   -47.49   46.45
 -63266.791   329.913   -30.75   46.33
 -62890.648   338.354    22.44   57.31
 -62514.491   354.563    43.09   61.04
 -62138.318   363.905    24.83   51.91
 -61762.131   366.032     5.65   51.41
 -61385.928   345.889   -53.54   61.24
 -61009.710   305.047  -108.55   63.90
 -60633.476   275.949   -77.34   61.98
 -60257.228   254.504   -56.99   49.13
 -59880.964   240.222   -37.96   47.26
 -59504.685   237.269    -7.85   48.80
 -59128.391   229.455   -20.76   56.80
 -58752.082   227.949    -4.00   66.39
 -58375.757   218.479   -25.17   64.56
 -57999.417   203.768   -39.09   55.70
 -57623.062   204.032     0.70   55.98
 -57246.692   203.524    -1.35   60.20
 -56870.307   192.199   -30.09   54.85
 -56493.906   186.433   -15.32   46.86
 -56117.490   186.881     1.19   43.72
 -55741.059   186.747    -0.36   45.21
 -55364.613   193.108    16.90   49.52
 -54988.151   219.484    70.06   66.76
 -54611.674   264.068   118.42   74.09
 -54235.182   318.040   143.35   65.50
 -53858.674   343.761    68.31   50.60
 -53482.152   318.270   -67.70   79.07
 -53105.614   258.518  -158.68   98.14
 -52729.061   196.174  -165.56   78.18
 -52352.492   149.427  -124.14   56.57
 -51975.908   138.538   -28.91   56.27
 -51599.309   183.131   118.41  101.85
 -51222.695   249.664   176.65  127.95
 -50846.065   329.245   211.29  131.57
 -50469.420   418.990   238.26  122.46
 -50092.760   488.786   185.30   92.81
 -49716.085   535.018   122.73   93.08
 -49339.394   566.497    83.57   90.70
 -48962.688   584.385    47.48   99.04
 -48585.966   601.103    44.38  112.02
 -48209.229   583.479   -46.78  118.88
 -47832.477   549.972   -88.93  134.05
 -47455.710   516.591   -88.60  125.01
 -47078.927   485.365   -82.87  120.19
 -46702.129   493.920    22.70  113.87
 -46325.316   524.929    82.29   95.72
 -45948.487   559.131    90.76  105.19
 -45571.643   591.143    84.94  120.62
 -45194.783   598.269    18.91  132.91
 -44817.909   555.455  -113.60  158.96
 -44441.018   460.603  -251.66  168.36
 -44064.113   334.338  -334.99  156.09
 -43687.192   237.017  -258.19  102.63
 -43310.256   179.086  -153.68   60.68
 -42933.304   147.341   -84.21   33.20
 -42556.337   132.571   -39.18   29.80
 -42179.355   117.817   -39.13   35.69
 -41802.357    95.427   -59.39   31.64
 -41425.344    86.949   -22.49   24.94
 -41048.315    93.697    17.90   35.12
 -40671.272   111.865    48.18   47.03
 -40294.212   140.198    75.14   52.95
 -39920.001   160.393    53.96   55.27
 -39545.971   191.722    83.76   68.15
 -39171.926   229.376   100.66   71.68
 -38797.865   259.294    79.98   61.58
 -38423.790   250.341   -23.93   74.33
 -38049.699   210.865  -105.52   92.45
 -37675.594   151.698  -158.15   84.30
 -37301.473   113.555  -101.95   56.64
 -36927.336    86.746   -71.65   23.07
 -36553.185    84.032    -7.25   22.59
 -36179.019    80.865    -8.46   19.03
 -35804.837    80.836    -0.08   17.74
 -35430.640    82.008     3.13   15.77
 -35056.428    74.083   -21.18   15.36
 -34682.201    68.641   -14.54   17.73
 -34307.959    62.222   -17.15   17.17
 -33933.701    54.936   -19.47   13.78
 -33559.428    49.174   -15.39   14.95
 -33185.141    44.106   -13.54   14.74
 -32810.837    40.571    -9.44   14.69
 -32436.519    35.757   -12.86   13.45
 -32062.185    31.198   -12.18   10.79
 -31687.837    27.152   -10.81    8.53
 -31313.473    22.365   -12.79    5.71
 -30939.093    20.413    -5.21    5.09
 -30564.699    19.664    -2.00    4.24
 -30190.289    19.413    -0.67    3.68
 -29815.864    19.579     0.45    3.80
 -29441.424    19.362    -0.58    3.43
 -29066.969    19.889     1.41    3.13
 -28692.498    19.347    -1.45    2.73
 -28318.012    19.013    -0.89    2.48
 -27943.511    18.222    -2.11    3.07
 -27568.995    17.579    -1.72    3.30
 -27194.463    17.174    -1.08    3.22
 -26819.916    16.460    -1.91    3.36
 -26445.354    16.746     0.76    3.62
 -26070.776    16.350    -1.06    3.23
 -25696.183    15.995    -0.95    3.21
 -25321.575    15.856    -0.37    2.93
 -24946.952    15.827    -0.08    3.06
 -24572.314    16.008     0.48    3.20
 -24197.660    15.672    -0.90    3.38
 -23822.990    14.813    -2.29    3.45
 -23448.306    13.504    -3.49    2.87
 -23073.606    13.269    -0.63    2.74
 -22698.891    13.106    -0.43    3.14
 -22324.161    12.385    -1.92    3.15
 -21949.415    11.949    -1.16    3.31
 -21574.654    11.091    -2.29    2.94
 -21199.878    10.654    -1.16    2.54
 -20825.086    10.422    -0.62    2.80
 -20450.279    10.063    -0.96    2.74
 -20075.457    10.317     0.68    2.90
 -19700.619    10.094    -0.60    3.26
 -19325.766    10.358     0.71    3.08
 -18950.898    10.222    -0.36    3.59
 -18576.014    10.365     0.38    3.71
 -18201.115     9.827    -1.44    3.63
 -17826.200     9.055    -2.06    3.69
 -17451.271     8.177    -2.34    3.97
 -17076.326     7.812    -0.97    4.35
 -16701.365     7.972     0.43    4.23
 -16326.389     6.770    -3.21    4.06
 -15951.398     5.827    -2.51    3.66
 -15576.391     4.532    -3.45    2.76
 -15201.369     3.905    -1.67    1.57
 -14826.332     3.245    -1.76    1.47
 -14451.279     2.797    -1.19    1.38
 -14076.211     2.674    -0.33    1.56
 -13701.128     2.827     0.41    1.64
 -13326.029     2.889     0.17    1.75
 -12950.914     3.484     1.59    2.35
 -12575.785     3.530     0.12    2.30
 -12200.639     3.555     0.07    2.26
 -11825.479     3.661     0.28    2.51
 -11450.303     3.317    -0.92    2.43
 -11075.112     3.127    -0.51    2.74
 -10699.905     2.674    -1.21    1.99
 -10324.682     2.270    -1.08    1.68
  -9949.445     2.532     0.70    2.11
  -9574.192     3.177     1.72    3.15
  -9198.923     3.780     1.61    3.47
  -8823.639     3.484    -0.79    3.19
  -8448.340     3.125    -0.96    2.94
  -8073.025     2.850    -0.73    2.13
  -7697.694     2.746    -0.28    1.99
  -7322.349     2.436    -0.82    1.73
  -6946.987     2.315    -0.32    1.70
  -6571.611     2.389     0.20    1.82
  -6196.218     2.617     0.61    2.07
  -5820.811     3.404     2.09    2.64
  -5445.387     4.362     2.55    3.26
  -5069.949     5.032     1.78    3.52
  -4694.495     5.222     0.51    3.33
  -4319.025     4.617    -1.61    2.76
  -3943.540     4.362    -0.68    2.78
  -3568.039     3.827    -1.42    2.07
  -3192.523     3.532    -0.79    1.94
  -2816.992     3.889     0.95    2.24
  -2441.444     3.532    -0.95    2.43
  -2065.882     2.594    -2.50    2.88
  -1690.304     1.586    -2.69    2.96
  -1314.710     0.106    -3.94    2.36
   -939.101    -0.359    -1.24    1.88
   -563.476    -0.941    -1.55    1.66
   -187.836     0.055     2.65    3.44
    187.820     0.341     0.76    3.60
    563.491     0.664     0.86    3.84
    939.178     1.246     1.55    3.90
   1314.881     1.501     0.68    3.40
   1690.599     2.059     1.49    3.40
   2066.332     2.059     0.00    3.39
   2442.081     1.651    -1.09    3.35
   2817.846     1.913     0.70    3.14
   3193.626     2.079     0.44    3.01
   3569.422     2.913     2.22    3.67
   3945.233     3.661     1.99    3.94
   4321.060     4.472     2.16    3.75
   4696.902     3.827    -1.72    3.19
   5072.761     3.697    -0.34    3.30
   5448.634     3.389    -0.82    3.12
   5824.524     3.174    -0.57    2.91
   6200.428     2.913    -0.70    2.88
   6576.349     4.174     3.36    4.53
   6952.285     5.076     2.40    4.60
   7328.237     5.385     0.82    4.29
   7704.204     5.466     0.22    3.40
   8080.187     4.960    -1.35    1.95
   8456.185     4.936    -0.06    1.64
   8832.199     4.572    -0.97    1.42
   9208.229     4.404    -0.45    1.54
   9584.274     4.522     0.31    1.51
   9960.335     4.413    -0.29    1.74
  10336.412     4.687     0.73    1.96
  10712.504     4.746     0.16    2.00
  11088.612     4.427    -0.85    2.16
  11464.736     3.940    -1.29    2.16
  11840.875     4.449     1.35    2.58
  12217.030     5.341     2.37    2.86
  12593.201     5.408     0.18    2.68
  12969.387     5.722     0.83    2.66
  13345.589     5.012    -1.89    2.53
  13721.806     4.472    -1.43    2.43
  14098.040     4.697     0.60    2.70
  14474.288     5.151     1.21    3.03
  14850.553     4.594    -1.48    2.47
  15226.833     4.246    -0.92    2.67
  15603.129     3.427    -2.18    2.21
  15979.441     2.812    -1.63    1.58
  16355.768     3.431     1.65    2.12
  16732.111     4.129     1.85    1.99
  17108.470     4.129     0.00    2.04
  17484.845     4.268     0.37    2.10
  17861.235     4.354     0.23    1.93
  18237.641     4.699     0.92    2.32
  18614.062     5.072     0.99    2.68
  18990.500     5.827     2.00    3.61
  19366.953     6.734     2.41    3.45
  19743.422     8.017     3.41    3.16
  20119.906     8.040     0.06    2.77
  20496.407     7.684    -0.95    2.65
  20872.923     7.036    -1.72    2.44
  21249.454     6.131    -2.40    2.73
  21626.002     5.152    -2.60    3.27
  22002.565     3.768    -3.68    3.23
  22379.144     2.169    -4.24    2.13
  22755.739     1.904    -0.71    1.96
  23132.350     2.794     2.36    2.64
  23508.976     3.292     1.32    2.91
  23885.618     3.362     0.19    2.80
  24262.276     3.453     0.24    2.59
  24638.950     3.813     0.96    2.71
  25015.639     4.043     0.61    2.59
  25392.345     4.222     0.48    2.45
  25769.066     3.873    -0.93    2.07
  26145.803     3.684    -0.50    1.97
  26522.555     3.586    -0.26    1.86
  26899.324     3.581    -0.01    1.90
  27276.108     3.850     0.71    1.96
  27652.908     4.449     1.59    2.09
  28029.724     5.008     1.48    1.99
  28406.556     4.768    -0.64    1.92
  28783.404     4.380    -1.03    1.90
  29160.267     4.608     0.61    2.21
  29537.146     5.079     1.25    2.38
  29914.041     5.086     0.02    2.38
  30290.952     5.338     0.67    2.78
  30667.879     4.837    -1.33    2.52
  31044.822     4.586    -0.67    2.33
  31421.780     5.222     1.69    2.72
  31798.754     6.269     2.78    2.88
  32175.745     6.336     0.18    2.85
  32552.751     5.922    -1.10    3.00
  32929.773     5.290    -1.68    2.33
  33306.810     5.222    -0.18    2.36
  33683.864     5.290     0.18    2.41
  34060.934     5.455     0.44    1.96
  34438.019     5.408    -0.12    1.59
  34814.896     5.677     0.71    1.72
  35188.856     5.889     0.57    1.49
  35562.832     6.313     1.13    1.41
  35936.824     6.856     1.45    1.50
  36310.831     7.018     0.43    1.71
  36684.854     6.873    -0.39    1.85
  37058.893     6.637    -0.63    1.40
  37432.947     6.290    -0.93    1.47
  37807.017     6.354     0.17    1.17
  38181.102     6.563     0.56    1.38
  38555.203     6.873     0.83    1.41
  38929.320     7.013     0.37    1.15
  39303.452     6.841    -0.46    1.41
  39677.601     7.022     0.48    1.29
  40051.764     6.972    -0.13    1.35
  40425.944     7.172     0.53    1.38
  40800.139     6.984    -0.50    1.32
  41174.349     6.966    -0.05    1.38
  41548.576     7.125     0.42    1.36
  41922.818     7.222     0.26    1.27
  42297.076     7.571     0.93    1.11
  42671.349     7.674     0.28    1.23
  43045.638     7.984     0.83    1.41
  43419.943     8.455     1.26    1.73
  43794.263     8.710     0.68    1.62
  44168.600     8.873     0.43    1.53
  44542.952     8.664    -0.56    1.30
  44917.319     8.734     0.19    1.14
  45291.703     9.106     0.99    1.48
  45666.102     9.603     1.33    1.67
  46040.516     9.664     0.16    1.68
  46414.947     9.873     0.56    1.46
  46789.393    10.245     0.99    1.78
  47163.855    10.129    -0.31    1.84
  47538.333    10.460     0.88    1.85
  47912.826    10.515     0.15    1.79
  48287.335    10.571     0.15    1.36
  48661.860    11.152     1.55    1.49
  49036.401    11.540     1.04    1.61
  49410.958    11.710     0.45    1.70
  49785.530    12.013     0.81    1.55
  50160.118    12.664     1.74    2.11
  50534.722    13.431     2.05    2.59
  50909.341    14.199     2.05    2.75
  51283.976    14.850     1.74    2.79
  51658.627    15.292     1.18    2.53
  52033.294    15.455     0.43    2.36
  52407.977    15.687     0.62    2.00
  52782.675    15.317    -0.99    1.94
  53157.390    15.641     0.86    1.93
  53532.120    16.222     1.55    1.66
  53906.865    16.710     1.30    1.56
  54281.627    18.055     3.59    1.83
  54656.404    19.404     3.60    1.91
  55031.198    20.484     2.88    1.94
  55406.007    21.872     3.70    2.02
  55780.832    23.586     4.57    2.66
  56155.672    25.222     4.37    2.50
  56530.529    26.603     3.68    2.11
  56905.401    27.865     3.37    1.79
  57280.289    29.079     3.24    2.18
  57655.194    30.722     4.38    3.08
  58030.113    32.922     5.87    3.78
  58405.049    38.336    14.44   10.85
  58780.001    51.490    35.09   26.10
  59154.968    81.106    78.99   57.91
  59529.952   121.627   108.07   75.96
  59904.951   180.447   156.86   77.92
  60279.966   247.518   178.86   91.28
  60654.997   325.299   207.41  104.84
  61030.043   367.757   113.21  111.82
  61405.106   386.664    50.41  121.66
  61780.185   390.362     9.86  120.44
  62155.279   429.949   105.55  132.87
  62530.389   450.038    53.56  132.42
  62905.516   477.290    72.65  127.36
  63280.658   559.247   218.48  115.75
  63655.816   626.199   178.47  129.97
  64030.990   647.803    57.59  113.57
  64406.180   661.922    37.63   84.50
  64781.385   632.972   -77.16   92.07
  65156.607   585.966  -125.28   86.43
  65531.845   552.336   -89.63  107.71
  65907.098   495.449  -151.60  104.92
  66282.368   456.664  -103.36  106.28
  66657.653   417.813  -103.53   92.13
  67032.954   399.880   -47.79   97.04
  67408.272   365.472   -91.68   96.94
  67783.605   326.872  -102.85  105.84
  68158.954   290.524   -96.84   89.34
  68534.319   284.699   -15.52   76.21
  68909.700   345.272   161.37  110.77
  69285.097   469.745   331.60  162.74
  69660.510   582.933   301.52  142.68
  70035.939   639.995   152.00  100.27
  70411.384   659.664    52.39   94.94
  70786.845   605.571  -144.08  133.55
  71162.322   515.803  -239.09  123.17
  71537.815   417.863  -260.85  113.64
  71913.324   346.131  -191.04  102.78
  72288.849   337.466   -23.08   92.65
  72664.389   368.641    83.02  106.08
  73039.946   416.478   127.38   91.40
  73415.519   401.905   -38.80  113.29
  73791.108   311.018  -242.00  165.22
  74166.713   223.143  -233.97  123.59
  74542.334   222.836    -0.82  106.13
  74917.971   266.641   116.62  128.79
  75293.624   347.269   214.65  114.95
  75669.293   437.571   240.39  103.81
  76044.978   517.325   212.30  141.10
  76420.679   656.018   369.18  204.45
  76796.396   795.997   372.59  219.70
  77172.129   947.198   402.44  192.75
  77547.878  1026.873   212.06  144.61
  77923.643  1029.954     8.20  141.82
  78299.424   996.790   -88.26  149.75
  78675.222   989.068   -20.55  152.65
  79051.035  1048.199   157.35  160.03
  79426.865  1116.292   181.19  149.50
  79802.710  1193.664   205.88  149.32
  80178.572  1273.294   211.87  162.00
  80554.449  1319.607   123.22  171.83
  80930.343  1322.836     8.59  172.92
  81306.253  1294.672   -74.93  169.74
  81682.179  1232.484  -165.44  151.51
  82058.121  1112.710  -318.62  173.31
  82434.079  1003.393  -290.79  200.75
  82810.053   842.518  -427.92  184.84
  83186.044   713.856  -342.22  164.31
  83562.050   575.270  -368.60  166.98
  83938.073   440.757  -357.75  172.59
  84314.111   308.579  -351.53  146.31
  84690.166   242.008  -177.04  106.17
  85066.237   277.897    95.44  147.14
  85442.324   429.108   402.09  219.76
  85818.427   582.147   406.94  167.07
  86194.547   705.294   327.44  150.65
  86570.682   833.059   339.70  174.74
  86946.834   949.271   308.97  202.50
  87323.002  1049.222   265.73  185.96
  87699.186  1076.246    71.84  181.98
  88075.386  1100.317    63.99  173.55
  88451.602  1115.431    40.18  159.57
  88827.834  1198.698   221.33  169.00
  89204.083  1278.460   212.01  130.99
  89580.348  1264.881   -36.09  130.41
  89956.629  1210.966  -143.29  149.81
  90332.926  1135.905  -199.49  130.45
  90709.239  1097.129  -103.05  120.49
  91085.569  1050.008  -125.22  138.59
  91461.914   970.984  -209.99  182.36
  91838.276   815.083  -414.26  170.55
  92214.654   703.865  -295.52  142.74
  92591.048   593.990  -291.94  115.72
  92967.459   523.873  -186.29  101.65
  93343.886   509.617   -37.87  102.34
  93720.329   540.294    81.50  139.13
  94096.788   613.059   193.31  149.64
  94473.263   692.059   209.86  103.31
  94849.755   687.734   -11.49  124.45
  95226.263   627.710  -159.44  150.68
  95602.787   578.936  -129.55  138.30
  95979.327   557.722   -56.34  105.96
  96355.883   574.734    45.18   90.15
  96732.456   615.954   109.47  104.18
  97109.045   701.108   226.14  144.87
  97485.651   811.904   294.22  156.65
  97862.272   909.603   259.43  131.47
  98238.910   980.059   187.08  121.53
  98615.564  1007.687    73.36  129.72
  98992.235  1028.174    54.39  137.40
  99368.921  1042.637    38.40  140.69
  99745.624  1095.408   140.10  131.24
 100122.343  1147.722   138.88  107.29
 100499.079  1182.385    92.02  105.67
 100875.831  1199.949    46.62  130.17
 101252.599  1200.295     0.92  163.51
 101629.383  1228.710    75.42  172.10
 102006.184  1234.431    15.18  183.25
 102383.001  1216.055   -48.77  182.18
 102759.834  1199.571   -43.75  174.63
 103136.684  1185.984   -36.06  138.33
 103513.550  1201.151    40.25   97.52
 103890.432  1184.365   -44.54   85.59
 104267.331  1119.524  -172.05  114.52
 104644.246  1004.794  -304.42  125.22
 105021.177   905.055  -264.63  141.50
 105398.125   780.966  -329.22  153.39
 105775.089   670.856  -292.12  139.00
 106152.069   578.631  -244.66  124.46
 106529.066   484.484  -249.75  112.02
 106906.079   413.484  -188.34  115.94
 107283.108   319.757  -248.62  103.45
 107660.154   251.515  -181.01   80.32
 108037.216   198.873  -139.62   40.73
 108414.295   195.408    -9.19   47.95
 108791.390   212.794    46.11   59.97
 109168.501   223.687    28.89   60.00
 109545.629   242.368    49.54   62.16
 109922.121   255.245    34.21   80.66
 110296.028   254.295    -2.54   99.69
 110669.952   250.631    -9.80   94.99
 111043.891   236.389   -38.09   74.62
 111417.847   234.413    -5.29   70.08
 111791.819   256.199    58.26   82.45
 112165.807   269.603    35.84   97.91
 112539.811   267.404    -5.88   95.46
 112913.832   264.436    -7.93   88.42
 113287.868   260.571   -10.34   82.78
 113661.921   273.548    34.70   84.17
 114035.989   266.269   -19.46   78.82
 114410.074   272.385    16.35   72.01
 114784.175   272.174    -0.56   75.06
 115158.292   279.013    18.28   74.32
 115532.425   301.222    59.37   85.50
 115906.575   329.455    75.47  123.44
 116280.740   385.548   149.93  154.46
 116654.922   431.897   123.88  178.93
 117029.120   461.199    78.31  174.97
 117403.334   446.198   -40.09  185.64
 117777.564   384.929  -163.74  152.61
 118151.811   360.013   -66.58  116.98
 118526.073   355.292   -12.62   82.54
 118900.352   387.381    85.75   96.64
 119274.647   429.990   113.85   82.38
 119648.958   457.687    74.00   67.83
 120023.285   472.176    38.71   72.78
 120397.629   501.641    78.72  102.92
 120771.989   533.943    86.30  117.07
 121146.365   578.385   118.72  131.71
 121520.757   566.850   -30.81  129.18
 121895.165   548.408   -49.26  116.00
 122269.590   558.036    25.72   90.51
 122644.031   613.436   147.97  109.00
 123018.488   666.710   142.29   95.13
 123392.961   707.222   108.19   76.39
 123767.451   723.338    43.04   80.27
 124141.956   691.770   -84.30   97.18
 124516.478   650.013  -111.51  109.36
 124891.017   628.176   -58.31  102.70
 125265.571   592.173   -96.13   97.36
 125640.142   603.745    30.90  117.17
 126014.729   616.484    34.01  137.99
 126389.332   642.032    68.21  147.09
 126763.952   648.152    16.34  106.39
 127138.588   601.222  -125.28  130.19
 127513.240   492.408  -290.47  151.20
 127887.908   406.622  -228.99  113.15
 128262.593   407.245     1.66  101.42
 128637.294   414.905    20.45  123.94
 129012.011   433.413    49.40  152.78
 129386.745   435.245     4.89  161.88
 129761.495   420.722   -38.76  167.51
 130136.261   422.313     4.25  163.25
 130511.043   402.172   -53.75  144.25
 130885.842   390.018   -32.43  136.40
 131260.657   371.032   -50.66  114.26
 131635.489   351.881   -51.10  107.08
 132010.336   340.079   -31.49   96.37
 132385.200   350.722    28.39   98.88
 132760.081   375.654    66.51  117.64
 133134.978   407.709    85.51  136.43
 133509.891   452.548   119.61  167.73
 133884.820   463.385    28.91  165.45
 134259.766   471.803    22.46  155.97
 134634.728   454.199   -46.95  141.64
 135009.706   502.722   129.42  161.73
 135384.701   543.040   107.53  185.53
 135759.713   614.172   189.70  201.21
 136134.740   654.641   107.92  206.72
 136509.784   628.904   -68.63  188.24
 136884.844   597.913   -82.64  155.34
 137259.921   508.336  -238.85  142.68
 137635.014   417.068  -243.35  123.15
 138010.124   374.608  -113.21  103.31
 138385.250   384.873    27.37  107.74
 138760.392   450.850   175.89  155.80
 139135.550   550.358   265.28  157.04
 139510.726   604.297   143.79  144.02
 139885.917   575.177   -77.62  168.37
 140261.125   532.196  -114.56  135.09
 140636.349   561.431    77.92  144.94
 141011.590   605.018   116.17  177.48
 141386.847   687.850   220.76  208.45
 141762.121   724.313    97.18  206.10
 142137.411   754.643    80.83  204.32
 142512.717   844.699   239.98  206.75
 142888.040   981.151   363.60  211.54
 143263.379  1156.540   467.34  260.32
 143638.735  1375.245   582.73  265.72
 144014.107  1548.722   462.20  215.24
 144389.496  1666.563   313.96  171.23
 144764.901  1774.786   288.32  156.09
 145140.323  1875.358   267.92  174.12
 145515.761  1990.548   306.85  174.57
 145891.216  2107.881   312.55  162.82
 146266.687  2215.699   287.19  167.97
 146642.174  2287.402   190.98  142.18
 147017.678  2309.677    59.33  128.77
 147393.199  2332.272    60.18  126.23
 147768.736  2345.292    34.67  138.31
 148144.289  2374.381    77.47  135.50
 148519.859  2408.532    90.94  122.59
 148895.446  2394.608   -37.08  133.22
 149271.049  2308.564  -229.11  154.05
 149646.668  2175.518  -354.25  178.64
 150022.304  2024.431  -402.27  176.22
 150397.957  1923.245  -269.40  138.91
 150773.626  1942.571    51.45  167.86
 151149.311  2057.017   304.67  222.58
 151525.014  2221.768   438.57  212.79
 151900.732  2352.872   348.99  132.91
 152276.467  2380.943    74.72   87.77
 152652.219  2344.850   -96.07  100.93
 153027.988  2267.698  -205.34  113.08
 153403.772  2153.336  -304.37  120.92
 153779.574  2048.248  -279.67  137.24
 154155.392  1893.086  -412.92  188.35
 154531.226  1756.641  -363.09  168.06
 154907.078  1661.995  -251.85  179.69
 155282.945  1633.292   -76.37  178.25
 155658.830  1636.837     9.43  154.78
 156034.730  1745.858   290.06  199.62
 156410.648  1872.786   337.69  231.24
 156786.582  2039.850   444.46  231.19
 157162.533  2224.106   490.17  194.07
 157538.500  2386.664   432.43  204.08
 157914.484  2574.449   499.52  216.97
 158290.484  2688.991   304.67  193.54
 158666.501  2760.154   189.28  227.11
 159042.535  2802.460   112.52  249.29
 159418.585  2752.904  -131.80  256.27
 159794.652  2672.586  -213.60  259.20
 160170.736  2571.145  -269.77  248.11
 160546.836  2467.972  -274.36  244.97
 160922.953  2395.354  -193.10  213.10
 161299.086  2286.768  -288.73  218.51
 161675.236  2150.315  -362.81  260.32
 162051.403  1949.920  -532.80  299.71
 162427.586  1808.290  -376.54  212.71
 162803.786  1809.607     3.50  227.48
 163180.003  1979.563   451.81  318.44
 163556.236  2174.508   518.22  251.14
 163932.486  2263.472   236.48  201.30
 164308.753  2307.355   116.64  181.94
 164685.037  2326.497    50.88  201.04
 165061.337  2349.268    60.52  248.28
 165437.653  2320.354   -76.84  250.26
 165813.987  2292.336   -74.46  278.19
 166190.337  2301.129    23.37  273.76
 166566.704  2319.427    48.62  258.69
 166943.087  2368.404   130.14  220.29
 167319.488  2378.068    25.68  175.82
 167695.904  2440.268   165.26  149.67
 168072.338  2518.555   208.00  150.09
 168448.789  2618.404   265.28  170.86
 168825.256  2717.133   262.29  152.51
 169201.739  2789.832   193.13  153.58
 169578.240  2865.699   201.54  162.83
 169954.757  2959.512   249.19  153.52
 170331.291  3084.631   332.34  163.78
 170707.842  3168.455   222.64  144.66
 171084.410  3232.313   169.60  121.91
 171460.994  3291.290   156.63  125.99
 171837.595  3326.863    94.47  161.78
 172214.213  3358.495    84.00  196.25
 172590.847  3405.612   125.12  188.59
 172967.499  3421.313    41.69  149.23
 173344.167  3418.040    -8.69  117.45
 173720.852  3402.672   -40.80  117.60
 174097.553  3327.313  -200.08  165.40
 174474.272  3223.120  -276.62  174.76
 174851.007  3134.427  -235.46  175.27
 175227.759  3047.404  -231.02  163.85
 175604.528  3006.734  -107.96  151.82
 175981.313  2936.608  -186.14  137.16
 176358.116  2880.012  -150.23  127.35
 176734.935  2785.677  -250.38  147.45
 177111.771  2647.722  -366.14  151.18
 177488.624  2538.927  -288.74  154.78
 177865.493  2437.129  -270.15  140.22
 178242.380  2369.954  -178.26  117.88
 178619.283  2358.063   -31.55  106.49
 178996.203  2377.607    51.86   90.12
 179373.140  2389.269    30.94   70.59
 179750.094  2371.449   -47.28   80.04
 180127.065  2321.106  -133.57  103.01
 180504.053  2218.131  -273.19  129.90
 180881.057  2119.643  -261.28  117.16
 181258.078  2047.404  -191.64   96.51
 181635.116  1979.865  -179.16   73.66
 182012.171  1952.827   -71.72   60.51
 182389.243  1936.710   -42.75   56.53
 182766.332  1933.686    -8.02   58.56
 183143.437  1957.290    62.60   74.98
 183520.560  1996.145   103.05   96.41
 183897.699  2040.315   117.14  116.19
 184274.856  2087.813   125.96  127.81
 184652.029  2115.943    74.59  121.74
 185028.134  2168.518   139.81  117.37
 185401.987  2237.959   185.77  127.77
 185775.856  2309.699   191.92  152.69
 186149.742  2404.897   254.66  138.05
 186523.645  2475.689   189.36  133.05
 186897.564  2556.995   217.48  131.46
 187271.500  2619.032   165.93  105.44
 187645.452  2671.949   141.53   93.73
 188019.421  2713.038   109.89   92.13
 188393.407  2733.540    54.83  121.25
 188767.409  2770.245    98.16  118.88
 189141.428  2806.563    97.12  144.57
 189515.463  2837.540    82.83  169.22
 189889.516  2837.022    -1.39  189.28
 190263.584  2843.518    17.37  195.93
 190637.670  2817.222   -70.30  169.59
 191011.772  2841.018    63.62  166.81
 191385.891  2904.897   170.77  187.16
 191760.026  2963.018   155.37  215.23
 192134.178  3084.641   325.12  208.58
 192508.347  3145.709   163.24  191.08
 192882.532  3227.881   219.64  198.58
 193256.734  3297.147   185.13  193.62
 193630.953  3380.836   223.67  221.92
 194005.188  3486.478   282.34  202.58
 194379.440  3607.199   322.62  183.49
 194753.709  3698.358   243.61  168.70
 195127.995  3763.273   173.47  132.06
 195502.297  3777.949    39.22  148.18
 195876.616  3765.027   -34.53  167.08
 196250.951  3806.943   111.99  156.17
 196625.304  3877.431   188.33  140.04
 196999.672  3952.106   199.50  108.18
 197374.058  4037.018   226.84  111.96
 197748.461  4083.812   125.01   91.27
 198122.880  4069.540   -38.12  120.74
 198497.316  4025.079  -118.76  130.36
 198871.768  3980.699  -118.54  134.99
 199246.238  3970.245   -27.92  158.32
 199620.724  4005.003    92.83  159.47
 199995.227  4095.631   242.04  167.59
 200369.746  4145.947   134.37  166.91
 200744.282  4234.108   235.43  176.86
 201118.836  4313.873   213.00  154.11
 201493.405  4331.990    48.37  136.91
 201867.992  4363.889    85.17  154.47
 202242.595  4403.735   106.39  186.12
 202617.216  4468.608   173.20  209.17
 202991.853  4529.897   163.62  187.39
 203366.506  4562.018    85.75  166.67
 203741.177  4556.548   -14.60  147.42
 204115.864  4519.722   -98.30  147.59
 204490.568  4427.943  -244.98  145.45
 204865.289  4342.272  -228.67  137.69
 205240.027  4267.813  -198.73  137.90
 205614.781  4205.149  -167.24  128.23
 205989.553  4216.222    29.55  157.76
 206364.341  4282.268   176.25  183.22
 206739.146  4372.003   239.46  177.06
 207113.968  4495.427   329.35  196.93
 207488.806  4561.368   175.95  219.86
 207863.662  4636.586   200.69  169.47
 208238.534  4644.008    19.80  137.52
 208613.423  4591.571  -139.90  135.98
 208988.329  4494.317  -259.45  136.66
 209363.252  4412.817  -217.42  142.08
 209738.192  4297.245  -308.30  132.54
 210113.148  4194.497  -274.08  116.33
 210488.122  4086.106  -289.12  136.60
 210863.112  3975.501  -295.01  136.98
 211238.119  3913.013  -166.66  109.38
 211613.143  3896.198   -44.84  111.80
 211988.184  3957.413   163.25  166.23
 212363.242  4070.586   301.80  206.25
 212738.316  4153.198   220.30  210.77
 213113.408  4196.710   116.03  193.65
 213488.516  4204.472    20.70  155.05
 213863.641  4199.222   -14.00  133.13
 214238.784  4234.524    94.12  141.85
 214613.943  4263.246    76.57  153.10
 214989.119  4325.667   166.41  129.83
 215364.312  4362.722    98.78  104.30
 215739.522  4395.563    87.54  135.31
 216114.749  4436.460   109.01  177.28
 216489.992  4510.083   196.24  184.63
 216865.253  4608.362   261.94  134.71
 217240.531  4642.103    89.93  119.14
 217615.825  4651.654    25.45  116.32
 217991.137  4645.608   -16.11  114.07
 218366.465  4655.664    26.80   92.67
 218741.810  4646.794   -23.64   77.80
 219117.173  4628.627   -48.41   87.50
 219492.552  4562.467  -176.28  133.12
 219867.948  4472.393  -239.99  130.04
 220243.362  4416.129  -149.90   98.90
 220618.792  4420.290    11.09  109.94
 220994.239  4474.338   143.98  142.75
 221369.703  4551.083   204.44  114.68
 221745.184  4610.036   157.04   99.44
 222120.683  4650.044   106.57  107.39
 222496.198  4689.365   104.73  104.92
 222871.730  4761.768   192.84  127.47
 223247.279  4838.008   203.05  127.22
 223622.845  4849.408    30.36  115.33
 223998.428  4809.920  -105.16  129.51
 224374.028  4751.532  -155.48  151.12
 224749.646  4659.247  -245.74  158.61
 225125.280  4597.360  -164.79  128.13
