# NaN NaN NaN ;Mean Elev.(m), Avg Gradient(m/km), RMS Gradient(m/km) - SRTM1     
#   62.685 -14.991  82.577 ;Mean Elev.(m), Avg Gradient(m/km), RMS Gradient(m/km) - ASTER GDEM
#   65.412 -14.757  82.666 ;Mean Elev.(m), Avg Gradient(m/km), RMS Gradient(m/km) - GMTED2010 
 10  93.118368  26.620063    77.601    78.095  3 52550.64612775 37.329
 12  93.126441  26.620041    65.454    65.454  2 52620.64608275 24.177
 17  93.128354  26.621479    69.255    69.255  2 52795.64608620 38.987
 20  93.125302  26.621768    70.584    70.584  2 52900.64622547 41.633
 21  93.126908  26.620427    68.995    68.995  2 52935.64616702 43.350
 22  93.123694  26.620803    66.214    66.214  2 52970.64618832 40.719
 24  93.119766  26.619670    65.624    65.624  2 53040.64615436 39.569
 25  93.123235  26.620762    65.778    65.778  2 53075.64618681 40.737
 26  93.116893  26.620307    67.675    67.567  3 53110.64615699 20.773
 31  93.117660  26.620402    69.003    68.388  3 53285.64620129 25.084
 32  93.133097  26.622296    66.303    66.303  2 53320.64618086 39.538
 33  93.134214  26.622353    66.219    66.219  2 53355.64614976 29.914
 35  93.132192  26.620734    66.105    66.105  2 53425.64615681 34.292
 36  93.128624  26.621118    67.377    67.377  2 53460.64616502 36.688
 38  93.131722  26.621524    69.351    69.351  2 53530.64622404 36.067
 41  93.120044  26.619426    68.216    68.256  3 53635.64619139 29.562
 42  93.120672  26.618644    68.700    68.586  3 53670.64621228 43.548
 43  93.134314  26.622363    66.200    66.200  2 53705.64614627 31.076
 44  93.134813  26.623207    65.585    65.585  2 53740.64605892 34.602
 47  93.121546  26.619912    67.700    67.700  2 53845.64610741 40.179
 48  93.128850  26.621592    73.565    73.565  2 53880.64613341 33.366
 52  93.125278  26.619936    75.599    75.599  2 54020.64617515 35.262
 53  93.134186  26.621054    66.840    66.840  2 54055.64616614 31.550
 55  93.124860  26.619095    71.947    71.947  2 54125.64608193 34.842
 56  93.125509  26.621266    65.659    65.659  2 54160.64612074 40.008
 57  93.124328  26.621582    66.624    66.624  2 54195.64608392 41.047
 58  93.125779  26.621309    67.334    67.334  2 54230.64613360 44.671
 63  93.126647  26.621474    67.837    67.837  2 54405.64608851 46.055
 64  93.123786  26.620215    66.682    66.682  2 54440.64604601 42.321
 65  93.128014  26.619518    65.481    65.481  2 54475.64607546 39.745
 66  93.124561  26.620742    67.609    67.609  2 54510.64606109 43.724
 67  93.127836  26.620120    66.523    66.523  2 54545.64608986 18.212
 68  93.127555  26.620896    69.248    69.248  2 54580.64605697 18.494
 69  93.128083  26.620039    68.852    68.852  2 54615.64607941 42.620
 75  93.126270  26.619796    65.242    65.242  2 54825.64605587 37.936
 76  93.125154  26.620193    65.880    65.880  2 54860.64602330 37.931
 77  93.126568  26.619128    65.891    65.891  2 54895.64605642 33.222
 79  93.126017  26.620034    67.198    67.198  2 54965.64605769 26.908
 84  93.126755  26.620061    68.306    68.306  2 55140.64600104 42.355
 87  93.124357  26.620953    66.502    66.502  2 55245.64596836 40.712
 88  93.127227  26.619062    66.850    66.850  2 55280.64598961 14.986
