# NaN NaN NaN ;Mean Elev.(m), Avg Gradient(m/km), RMS Gradient(m/km) - SRTM1     
#   22.110  -1.279  14.055 ;Mean Elev.(m), Avg Gradient(m/km), RMS Gradient(m/km) - ASTER GDEM
#   30.815  -0.444  14.279 ;Mean Elev.(m), Avg Gradient(m/km), RMS Gradient(m/km) - GMTED2010 
  9  90.364476  26.188885    32.854    32.859  3 52521.65398376 33.800
 11  90.359519  26.188010    29.885    29.885  2 52591.65402778 51.740
 12  90.368630  26.189488    28.724    28.855  3 52626.65394548 50.347
 13  90.362708  26.187890    28.089    28.089  2 52661.65399157 24.702
 15  90.370324  26.188383    34.968    34.795  3 52731.65399481 21.619
 16  90.361498  26.186493    31.170    31.170  2 52766.65400402 12.481
 17  90.361384  26.188245    32.487    32.487  2 52801.65400826 41.724
 18  90.363699  26.188776    35.376    35.376  2 52836.65407436 37.961
 19  90.365026  26.188981    34.046    34.055  3 52871.65411486 51.827
 20  90.366186  26.188470    33.886    33.904  3 52906.65410832 49.275
 21  90.363869  26.188625    31.508    31.508  2 52941.65403867 54.251
 23  90.360853  26.186558    28.899    28.899  2 53011.65409142 53.255
 28  90.370404  26.189422    34.468    34.360  4 53186.65409740 46.014
 29  90.365264  26.189139    34.205    34.205  2 53221.65412253 47.361
 30  90.361420  26.188142    33.967    33.967  2 53256.65409870 42.197
 32  90.366862  26.188897    30.516    30.519  3 53326.65408813 51.440
 33  90.369160  26.189666    29.306    29.380  4 53361.65404499 29.877
 34  90.360432  26.187348    29.134    29.134  2 53396.65406522 41.262
 35  90.368026  26.188820    33.449    35.108  3 53431.65405708 23.249
 36  90.361044  26.187211    32.908    32.908  2 53466.65408974 21.341
 38  90.364356  26.188052    32.275    32.275  2 53536.65413668 51.528
 39  90.358908  26.188229    34.504    34.504  2 53571.65414291 45.574
 40  90.366170  26.188900    34.302    34.303  3 53606.65409120 46.920
 41  90.358553  26.187885    33.047    33.047  2 53641.65409153 37.409
 42  90.358347  26.187167    31.264    31.264  2 53676.65411047 50.900
 43  90.369760  26.188416    29.675    29.682  3 53711.65403972 52.548
 44  90.363374  26.187675    28.885    28.885  2 53746.65395100 50.628
 45  90.367798  26.188432    28.404    28.400  3 53781.65398217 37.541
 46  90.370332  26.188669    32.495    32.463  4 53816.65394910 23.789
 48  90.371227  26.189289    31.807    31.821  4 53886.65402631 47.093
 51  90.362805  26.187936    33.720    33.720  2 53991.65401444 49.029
 52  90.361892  26.189198    31.189    31.189  2 54026.65407960 52.674
 53  90.368808  26.189360    29.633    29.640  3 54061.65407253 50.489
 55  90.361699  26.186807    28.316    28.316  2 54131.65399404 46.755
 56  90.363244  26.189381    28.602    28.602  2 54166.65401754 48.146
 57  90.360993  26.188702    32.578    32.578  2 54201.65399738 20.307
 58  90.363919  26.188165    30.401    30.417  3 54236.65403356 38.542
 59  90.364367  26.189014    34.577    34.577  2 54271.65405404 47.121
 60  90.364090  26.187107    34.946    34.946  2 54306.65405584 31.440
 61  90.366143  26.189629    33.834    33.831  3 54341.65403713 48.758
 62  90.362666  26.187477    32.305    32.305  2 54376.65399075 47.376
 63  90.363590  26.188696    30.840    30.840  2 54411.65398378 48.574
 64  90.361104  26.188805    29.904    29.904  2 54446.65395557 50.265
 65  90.364940  26.188327    29.283    29.283  2 54481.65397571 47.221
 66  90.362733  26.187141    29.422    29.422  2 54516.65396921 51.081
 67  90.364836  26.189164    29.967    29.967  2 54551.65398865 50.640
 68  90.363297  26.187905    31.058    31.058  2 54586.65396546 50.075
 69  90.363281  26.188713    32.665    32.665  2 54621.65398424 34.816
 71  90.364358  26.188298    34.097    34.176  3 54691.65397800 35.501
 72  90.362161  26.189475    33.476    33.476  2 54726.65394621 37.031
 73  90.363096  26.187811    31.488    31.488  2 54761.65395464 51.732
 75  90.363475  26.187929    29.598    29.598  2 54831.65395567 50.760
 76  90.362282  26.187231    29.154    29.154  2 54866.65393423 45.114
 77  90.362824  26.189498    29.446    29.446  2 54901.65395433 21.553
 78  90.363088  26.188018    30.158    30.158  2 54936.65392433 48.639
 79  90.363373  26.188016    31.045    31.071  3 54971.65395765 44.276
 80  90.362061  26.187664    31.997    31.997  2 55006.65397581 45.577
 81  90.363924  26.189476    33.639    33.639  2 55041.65396449 41.429
 82  90.364623  26.189069    33.669    33.600  3 55076.65394509 47.791
 83  90.362489  26.188055    32.537    32.672  3 55111.65389674 29.403
 84  90.362808  26.186443    30.005    30.005  2 55146.65389806 41.503
 85  90.361481  26.186559    29.278    29.278  2 55181.65387525 52.757
 86  90.364062  26.188435    28.479    28.453  3 55216.65389315 31.344
 88  90.363992  26.188408    30.379    30.379  2 55286.65388674 47.936
 89  90.362154  26.187423    31.986    31.986  2 55321.65386177 47.570
 90  90.363324  26.187295    34.004    34.004  2 55356.65386132 40.817
 91  90.361380  26.188460    34.636    34.636  2 55391.65386285 46.534
 92  90.363831  26.189302    33.638    33.638  2 55426.65387829 47.582
 93  90.366625  26.189785    34.491    34.486  3 55461.65384472 45.083
