# NaN NaN NaN ;Mean Elev.(m), Avg Gradient(m/km), RMS Gradient(m/km) - SRTM1     
#   98.391   8.023  10.464 ;Mean Elev.(m), Avg Gradient(m/km), RMS Gradient(m/km) - ASTER GDEM
#   86.778  -0.366   1.552 ;Mean Elev.(m), Avg Gradient(m/km), RMS Gradient(m/km) - GMTED2010 
  7  94.454004  27.020484    91.873    91.875  3 52477.64221936 36.351
  8  94.469657  27.023749    89.014    89.000  3 52512.64216161 49.143
  9  94.455385  27.021295    89.627    89.637  3 52547.64220108 31.157
 10  94.460097  27.024324    86.575    86.586  4 52582.64220780 50.114
 11  94.457817  27.022388    85.617    85.616  3 52617.64218058 54.564
 12  94.465697  27.024437    85.187    85.196  3 52652.64215532 50.867
 13  94.463068  27.023333    85.248    85.247  4 52687.64215348 51.335
 14  94.458235  27.023391    86.076    85.990  3 52722.64220072 52.105
 15  94.450114  27.018412    87.022    87.048  4 52757.64222181 48.818
 16  94.457820  27.023485    88.394    88.387  3 52792.64217467 48.125
 17  94.460512  27.023525    90.653    90.701  3 52827.64224265 20.828
 18  94.463009  27.022939    89.625    89.633  3 52862.64228762 46.545
 19  94.458070  27.022202    90.010    90.008  3 52897.64231732 48.402
 20  94.458706  27.023518    87.835    87.822  3 52932.64226367 49.841
 21  94.458127  27.023088    86.343    86.368  3 52967.64226871 50.539
 22  94.453226  27.020113    85.612    85.490  4 53002.64229304 52.312
 23  94.457860  27.023656    85.435    85.160  3 53037.64224296 48.934
 24  94.457649  27.022722    85.447    85.362  3 53072.64226839 49.088
 25  94.458720  27.023721    87.040    87.147  4 53107.64224340 46.806
 26  94.457082  27.021839    89.315    89.324  4 53142.64227747 48.920
 28  94.457234  27.021930    90.030    90.025  4 53212.64232074 48.119
 29  94.461262  27.023918    89.979    89.969  3 53247.64228979 50.727
 30  94.453439  27.020081    89.980    89.581  3 53282.64227912 26.328
 31  94.460773  27.023680    87.028    87.028  4 53317.64228169 51.131
 32  94.465385  27.023809    85.989    85.978  4 53352.64224738 50.871
 33  94.455557  27.021955    85.781    85.601  3 53387.64224069 51.002
 34  94.466313  27.022695    86.580    86.589  3 53422.64224157 40.563
 35  94.460215  27.023876    88.006    87.930  3 53457.64224726 36.277
 36  94.451523  27.019644    88.321    88.321  3 53492.64233211 51.792
 37  94.463706  27.023258    89.295    89.299  3 53527.64231214 49.887
 38  94.454211  27.020505    90.532    90.530  4 53562.64234102 38.641
 39  94.464982  27.023535    90.273    90.258  4 53597.64228108 47.354
 40  94.452248  27.019360    88.309    88.323  4 53632.64227606 51.020
 41  94.454577  27.020532    88.270    88.266  3 53667.64229836 52.056
 42  94.464750  27.023282    86.259    86.230  3 53702.64224381 46.855
 44  94.463745  27.024035    85.270    85.232  4 53772.64216476 47.119
 47  94.460484  27.024231    88.044    88.032  4 53877.64222205 50.745
 48  94.452896  27.019074    89.247    89.242  3 53912.64227335 50.774
 49  94.451751  27.019605    89.132    89.114  3 53947.64228837 49.458
 50  94.459992  27.023662    88.887    88.856  4 53982.64223091 36.457
 51  94.458451  27.022303    88.205    88.164  4 54017.64225854 49.962
 52  94.467250  27.023518    85.989    85.986  3 54052.64225327 47.348
 53  94.461771  27.024062    85.976    85.975  4 54087.64224524 41.729
 54  94.464397  27.023588    85.312    85.212  3 54122.64216884 47.408
 55  94.458536  27.023407    85.494    85.265  3 54157.64220767 39.955
 56  94.463063  27.023777    86.491    86.504  3 54192.64216830 43.642
 57  94.458174  27.023396    87.322    87.274  3 54227.64221958 40.883
 58  94.459385  27.022349    89.278    89.281  4 54262.64223861 48.825
 59  94.460524  27.023581    89.851    89.843  3 54297.64224342 44.241
 60  94.462346  27.023049    90.170    90.175  3 54332.64223334 44.511
 62  94.460545  27.023994    87.042    86.819  3 54402.64217646 48.189
 63  94.460748  27.024064    85.655    85.535  4 54437.64213351 47.914
 64  94.460126  27.024424    85.532    85.512  4 54472.64216191 48.442
 65  94.462548  27.024415    85.472    85.458  3 54507.64214470 48.366
 66  94.461028  27.023221    86.875    86.902  4 54542.64217613 46.394
 67  94.462520  27.024037    88.076    88.070  4 54577.64214723 46.031
 68  94.460329  27.024215    88.564    88.576  3 54612.64216763 46.684
 69  94.459098  27.023127    89.873    89.864  3 54647.64217412 49.338
 70  94.460241  27.023783    89.880    89.876  3 54682.64217493 51.604
 71  94.463639  27.022522    89.893    89.913  3 54717.64212254 49.549
 72  94.458281  27.023185    87.774    87.771  3 54752.64214712 50.370
 73  94.461559  27.023357    86.307    86.309  3 54787.64211260 43.375
 74  94.458677  27.023870    85.910    85.933  3 54822.64214167 44.338
 75  94.462533  27.022995    84.903    84.965  4 54857.64210881 42.113
 76  94.458857  27.023707    85.755    85.893  3 54892.64214406 42.967
 77  94.461202  27.023884    85.889    85.994  4 54927.64210686 42.621
 78  94.458089  27.022536    87.988    87.970  4 54962.64214375 46.030
 79  94.457419  27.022284    88.201    88.200  3 54997.64216438 50.964
 80  94.458960  27.023877    89.268    89.273  3 55032.64215396 40.061
 81  94.461728  27.023419    90.342    90.342  4 55067.64214260 47.706
 82  94.461588  27.023147    88.629    88.573  3 55102.64208163 47.664
 83  94.459159  27.023786    86.535    86.513  4 55137.64208883 44.417
 84  94.462136  27.023229    85.906    85.922  3 55172.64205014 39.107
 85  94.458755  27.022627    85.387    85.432  3 55207.64208320 39.999
 86  94.461759  27.023848    85.232    85.251  3 55242.64205478 38.501
 87  94.460091  27.023399    86.035    86.109  3 55277.64207692 32.369
 88  94.462153  27.023902    89.983    89.957  3 55312.64204076 42.048
 89  94.460862  27.023473    88.917    88.907  3 55347.64204746 49.554
 90  94.460323  27.024177    90.032    90.039  4 55382.64203822 47.594
 91  94.458906  27.023270    89.582    89.599  4 55417.64206646 49.151
 92  94.462405  27.022969    90.442    90.428  4 55452.64204778 46.826
 93  94.464543  27.023688    88.067    88.062  4 55487.64196950 49.856
