# NaN NaN NaN ;Mean Elev.(m), Avg Gradient(m/km), RMS Gradient(m/km) - SRTM1     
#   92.916   0.083   2.481 ;Mean Elev.(m), Avg Gradient(m/km), RMS Gradient(m/km) - ASTER GDEM
#  103.315  -0.181   1.035 ;Mean Elev.(m), Avg Gradient(m/km), RMS Gradient(m/km) - GMTED2010 
  7   106.704 52468.16543066 48.35  94.945127  27.563148 26.872
  7   106.656 52468.16543131 40.78  94.944272  27.559860 27.721
  7   106.598 52468.16543195 38.08  94.943412  27.556570 27.721
  7   106.587 52468.16543259 38.14  94.942552  27.553280 27.721
  7   106.615 52468.16543324 42.13  94.941692  27.549990 27.721
  8   106.053 52503.16541998 41.66  94.943904  27.562633 20.868
  8   105.934 52503.16542063 42.54  94.943044  27.559343 20.868
  8   106.030 52503.16542127 43.18  94.942184  27.556053 20.868
  8   105.990 52503.16542192 45.98  94.941324  27.552763 20.868
  8   105.895 52503.16542256 43.80  94.940464  27.549473 20.868
  8   105.793 52503.16542321 43.75  94.939604  27.546183 20.868
  9   105.659 52538.16540412 49.63  94.951677  27.564383 29.524
  9   105.588 52538.16540476 49.96  94.950817  27.561093 29.524
  9   105.549 52538.16540541 48.52  94.949957  27.557813 29.524
  9   105.591 52538.16540605 47.38  94.949097  27.554513 29.524
  9   105.657 52538.16540669 48.60  94.948237  27.551223 29.524
 10   104.691 52573.16544499 50.97  94.944021  27.562199 34.662
 10   104.751 52573.16544564 48.10  94.943161  27.558909 34.662
 10   104.832 52573.16544628 46.80  94.942301  27.555619 34.662
 10   104.875 52573.16544693 51.88  94.941441  27.552329 34.662
 10   104.934 52573.16544757 47.82  94.940581  27.549039 34.662
 11   104.327 52608.16540267 48.83  94.947778  27.564482 35.558
 11   104.235 52608.16540332 49.50  94.946918  27.561192 35.558
 11   104.385 52608.16540396 47.54  94.946058  27.557902 35.558
 11   104.471 52608.16540461 50.06  94.945198  27.554612 35.558
 11   104.456 52608.16540525 51.29  94.944338  27.551312 35.558
 12   104.044 52643.16539807 50.50  94.948499  27.566788 37.714
 12   103.817 52643.16539871 48.64  94.947639  27.563498 37.714
 12   103.820 52643.16539936 51.20  94.946779  27.560208 37.714
 12   104.033 52643.16540000 48.16  94.945919  27.556918 37.714
 12   104.133 52643.16540065 48.65  94.945059  27.553628 37.714
 12   104.083 52643.16540129 51.79  94.944199  27.550338 37.714
 13   104.063 52678.16538103 44.72  94.949473  27.566462 32.692
 13   104.071 52678.16538168 50.13  94.948611  27.563174 34.232
 13   104.018 52678.16538232 50.22  94.947761  27.559884 34.232
 13   104.090 52678.16538297 44.41  94.946891  27.556594 34.232
 13   104.109 52678.16538361 47.10  94.946041  27.553304 34.232
 13   104.130 52678.16538426 51.86  94.945181  27.550014 34.232
 15   104.628 52748.16544599 50.80  94.934518  27.560478 35.750
 15   104.622 52748.16544664 51.06  94.933658  27.557188 35.750
 15   104.646 52748.16544728 48.64  94.932798  27.553898 35.750
 16   105.428 52783.16538451 47.99  94.949669  27.566886 30.378
 16   105.387 52783.16538516 47.05  94.948809  27.563596 30.378
 16   105.367 52783.16538580 52.40  94.947949  27.560306 30.378
 16   105.346 52783.16538645 52.36  94.947089  27.557016 30.378
 16   105.321 52783.16538709 48.97  94.946229  27.553726 30.378
 16   105.263 52783.16538774 47.02  94.945369  27.550436 30.378
 17   106.959 52818.16546283 39.62  94.948259  27.565054 19.042
 17   106.707 52818.16546348 38.55  94.947399  27.561764 19.042
 17   106.624 52818.16546412 36.13  94.946539  27.558474 19.042
 17   106.917 52818.16546477 35.52  94.945679  27.555184 19.042
 17   106.903 52818.16546541 36.43  94.944819  27.551894 19.042
 18   106.417 52853.16551236 50.82  94.950636  27.565974 26.164
 18   106.336 52853.16551300 43.30  94.949776  27.562684 26.164
 18   106.151 52853.16551365 39.30  94.948916  27.559394 26.164
 18   106.088 52853.16551429 40.76  94.948056  27.556104 26.164
 18   106.396 52853.16551494 38.43  94.947196  27.552814 26.164
 20   105.835 52923.16550174 38.96  94.943464  27.561898 21.706
 20   105.843 52923.16550238 40.84  94.942604  27.558608 21.706
 20   105.889 52923.16550302 43.94  94.941744  27.555318 21.706
 20   105.870 52923.16550367 47.58  94.940884  27.552028 21.706
 20   105.928 52923.16550431 43.33  94.940024  27.548738 21.706
 21   104.350 52958.16546673 46.59  94.956082  27.565872 23.093
 21   104.338 52958.16546737 47.18  94.955222  27.562582 23.093
 21   104.378 52958.16546802 45.41  94.954362  27.559292 23.093
 21   104.317 52958.16546866 45.02  94.953502  27.556002 23.093
 21   104.339 52958.16546931 48.02  94.952642  27.552712 23.093
 22   103.799 52993.16549255 44.80  94.951584  27.566312 29.803
 22   103.859 52993.16549320 50.76  94.950724  27.563022 29.803
 22   103.872 52993.16549384 49.16  94.949864  27.559732 29.803
 22   103.676 52993.16549449 45.88  94.949004  27.556432 29.803
 22   103.520 52993.16549513 38.42  94.948144  27.553152 29.803
 23   103.606 53028.16545718 42.58  94.949978  27.567190 27.197
 23   103.515 53028.16545783 48.79  94.949118  27.563900 27.197
 23   103.565 53028.16545847 44.24  94.948258  27.560610 27.197
 23   103.324 53028.16545912 46.24  94.947398  27.557320 27.197
 23   103.366 53028.16545976 38.66  94.946538  27.554020 27.197
 23   102.940 53028.16546041 36.02  94.945678  27.550730 27.197
 24   103.751 53063.16546598 37.24  94.954108  27.564271 14.664
 24   103.724 53063.16546663 36.11  94.953248  27.560981 14.664
 24   103.673 53063.16546727 36.49  94.952388  27.557691 14.664
 24   103.610 53063.16546792 35.76  94.951528  27.554401 14.664
 25   104.433 53098.16548447 43.42  94.938444  27.561184 21.911
 25   104.278 53098.16548512 41.80  94.937594  27.557894 21.911
 25   104.318 53098.16548576 42.75  94.936734  27.554604 21.911
 25   104.353 53098.16548641 42.18  94.935874  27.551314 21.911
 26   104.695 53133.16546319 50.15  94.956975  27.565963 26.837
 26   104.525 53133.16546384 49.20  94.956115  27.562673 26.837
 26   104.535 53133.16546448 45.08  94.955255  27.559383 26.837
 26   104.624 53133.16546513 44.43  94.954395  27.556093 26.837
 26   104.604 53133.16546577 46.58  94.953535  27.552793 26.837
 28   107.134 53203.16553925 30.21  94.945921  27.563015 12.960
 28   107.065 53203.16553989 29.75  94.945061  27.559725 12.960
 28   107.032 53203.16554054 29.42  94.944201  27.556435 12.960
 28   107.014 53203.16554118 29.07  94.943341  27.553145 12.960
 28   106.858 53203.16554183 29.69  94.942481  27.549845 12.960
 29   106.138 53238.16550748 48.04  94.951720  27.564443 22.350
 29   106.101 53238.16550813 42.58  94.950860  27.561153 22.350
 29   106.065 53238.16550877 42.12  94.950000  27.557863 22.350
 29   105.961 53238.16550941 42.70  94.949140  27.554573 22.350
 29   106.183 53238.16551006 47.88  94.948280  27.551283 22.350
 30   105.979 53273.16546675 44.55  94.954431  27.565257 17.229
 30   105.889 53273.16546740 42.32  94.953571  27.561967 17.229
 30   105.811 53273.16546804 41.77  94.952711  27.558677 17.229
 30   105.870 53273.16546869 41.83  94.951851  27.555377 17.229
 30   105.869 53273.16546933 45.25  94.950991  27.552087 17.229
 56   103.978 54183.16540842 50.35  94.943600  27.562857 31.405
 56   103.694 54183.16540907 52.71  94.942740  27.559567 31.405
 56   103.663 54183.16540971 40.83  94.941880  27.556277 31.405
 56   103.711 54183.16541036 45.22  94.941020  27.552977 31.405
 56   103.693 54183.16541100 40.72  94.940160  27.549687 31.405
 56   103.664 54183.16541165 46.58  94.939300  27.546397 31.405
 57   105.608 54218.16543356 44.42  94.947960  27.564336 24.634
 57   105.564 54218.16543421 44.51  94.947100  27.561046 24.634
 57   105.535 54218.16543485 46.00  94.946240  27.557756 24.634
 57   105.536 54218.16543550 43.92  94.945380  27.554466 24.634
 57   105.521 54218.16543614 42.64  94.944520  27.551176 24.634
 58   105.799 54253.16545832 41.18  94.947696  27.566323 26.086
 58   105.989 54253.16545897 43.70  94.946836  27.563033 26.086
 58   105.926 54253.16545961 45.56  94.945976  27.559743 26.086
 58   105.937 54253.16546025 44.98  94.945116  27.556453 26.086
 58   105.885 54253.16546090 49.49  94.944256  27.553153 26.086
 58   105.863 54253.16546154 48.52  94.943396  27.549873 26.086
 59   106.223 54288.16546256 48.07  94.949613  27.567504 32.259
 59   106.183 54288.16546320 47.61  94.948753  27.564214 32.259
 59   106.047 54288.16546385 49.13  94.947893  27.560924 32.259
 59   106.118 54288.16546449 49.60  94.947033  27.557634 32.259
 59   106.094 54288.16546513 50.58  94.946173  27.554344 32.259
 59   106.057 54288.16546578 49.35  94.945313  27.551044 32.259
 60   106.204 54323.16545969 44.96  94.949901  27.567977 29.638
 60   106.222 54323.16546034 47.26  94.949041  27.564687 29.638
 60   106.150 54323.16546098 49.01  94.948181  27.561397 29.638
 60   105.933 54323.16546163 45.93  94.947321  27.558107 29.638
 60   105.891 54323.16546227 47.13  94.946461  27.554807 29.638
 60   105.876 54323.16546291 49.27  94.945601  27.551517 29.638
 61   106.289 54358.16541759 52.76  94.945515  27.564251 30.647
 61   106.144 54358.16541824 48.31  94.944655  27.560961 30.647
 61   106.054 54358.16541888 43.75  94.943795  27.557671 30.647
 61   106.108 54358.16541953 45.19  94.942935  27.554381 30.647
 61   106.112 54358.16542017 45.11  94.942075  27.551091 30.647
 61   106.144 54358.16542081 47.22  94.941215  27.547801 30.647
 62   105.210 54393.16540077 44.41  94.949005  27.564995 24.973
 62   105.107 54393.16540141 47.15  94.948145  27.561705 24.973
 62   105.067 54393.16540206 47.63  94.947285  27.558415 24.973
 62   104.955 54393.16540270 42.10  94.946425  27.555125 24.973
 62   105.019 54393.16540335 48.14  94.945565  27.551835 24.973
 63   103.732 54428.16536787 47.05  94.947655  27.564772 31.972
 63   103.633 54428.16536852 42.75  94.946785  27.561482 31.972
 63   103.262 54428.16536916 39.46  94.945935  27.558192 31.972
 63   103.072 54428.16536980 38.95  94.945075  27.554902 31.972
 63   102.957 54428.16537045 49.97  94.944215  27.551612 31.972
 66   103.800 54533.16539217 37.28  94.950960  27.567804 21.622
 66   103.771 54533.16539282 37.18  94.950100  27.564514 21.622
 66   103.469 54533.16539346 38.52  94.949240  27.561224 21.622
 66   103.397 54533.16539411 39.46  94.948380  27.557934 21.622
 66   103.099 54533.16539475 41.50  94.947520  27.554644 21.622
 66   103.081 54533.16539540 43.55  94.946660  27.551344 21.622
 67   104.311 54568.16538111 30.50  94.945631  27.564673 16.194
 67   104.218 54568.16538176 35.94  94.944771  27.561383 16.194
 67   104.141 54568.16538240 35.92  94.943911  27.558093 16.194
 67   104.098 54568.16538305 36.44  94.943051  27.554803 16.194
 67   104.118 54568.16538369 39.80  94.942191  27.551513 16.194
 67   104.023 54568.16538434 37.56  94.941331  27.548223 16.194
 68   105.226 54603.16538744 45.46  94.948251  27.565241 30.267
 68   105.174 54603.16538809 49.62  94.947391  27.561951 30.267
 68   105.162 54603.16538873 47.74  94.946531  27.558661 30.267
 68   105.011 54603.16538938 44.90  94.945671  27.555371 30.267
 68   105.123 54603.16539002 47.06  94.944811  27.552071 30.267
 69   106.335 54638.16539902 41.49  94.946016  27.563694 24.336
 69   106.273 54638.16539967 44.32  94.945156  27.560404 24.336
 69   106.338 54638.16540031 45.25  94.944296  27.557114 24.336
 69   106.346 54638.16540096 46.02  94.943436  27.553814 24.336
 69   106.400 54638.16540160 46.75  94.942576  27.550524 24.336
 70   106.820 54673.16540165 44.34  94.946092  27.564522 24.519
 70   106.847 54673.16540229 46.58  94.945232  27.561222 24.519
 70   106.650 54673.16540294 43.05  94.944372  27.557942 24.519
 70   106.780 54673.16540358 45.88  94.943512  27.554642 24.519
 70   106.772 54673.16540423 43.49  94.942652  27.551352 24.519
 70   106.823 54673.16540487 42.59  94.941792  27.548062 24.519
 71   107.396 54708.16535987 43.52  94.948276  27.566606 21.036
 71   107.235 54708.16536052 39.94  94.947416  27.563316 21.036
 71   107.303 54708.16536116 38.56  94.946556  27.560026 21.036
 71   107.331 54708.16536181 39.20  94.945696  27.556736 21.036
 71   107.331 54708.16536245 38.93  94.944836  27.553446 21.036
 71   106.977 54708.16536310 39.13  94.943976  27.550156 21.036
 72   105.289 54743.16536694 49.53  94.949352  27.567690 29.287
 72   105.273 54743.16536758 42.57  94.948492  27.564400 29.287
 72   105.291 54743.16536823 44.20  94.947632  27.561110 29.287
 72   105.292 54743.16536887 48.54  94.946772  27.557820 29.287
 72   105.305 54743.16536952 46.03  94.945912  27.554520 29.287
 72   105.347 54743.16537016 48.46  94.945052  27.551230 29.287
 73   104.204 54778.16534237 42.85  94.948971  27.567496 25.651
 73   104.152 54778.16534302 38.46  94.948111  27.564206 25.651
 73   104.119 54778.16534366 46.21  94.947251  27.560916 25.651
 73   104.101 54778.16534431 46.55  94.946391  27.557626 25.651
 73   104.103 54778.16534495 43.12  94.945531  27.554326 25.651
 73   104.160 54778.16534560 45.69  94.944671  27.551036 25.651
 74   103.755 54813.16536027 46.33  94.950497  27.566766 33.180
 74   103.808 54813.16536092 46.18  94.949637  27.563476 33.180
 74   103.822 54813.16536156 54.43  94.948777  27.560186 33.180
 74   103.858 54813.16536221 48.44  94.947917  27.556896 33.180
 74   103.886 54813.16536285 44.11  94.947057  27.553606 33.180
 74   103.889 54813.16536350 44.49  94.946197  27.550306 33.180
 75   103.495 54848.16534269 36.71  94.946252  27.563538 32.595
 75   103.563 54848.16534333 48.01  94.945392  27.560248 32.595
 75   103.584 54848.16534398 50.50  94.944532  27.556958 32.595
 75   103.615 54848.16534462 45.71  94.943672  27.553668 32.595
 75   103.506 54848.16534527 39.83  94.942812  27.550378 32.595
 76   103.417 54883.16536413 38.23  94.948135  27.566745 29.816
 76   103.418 54883.16536477 42.16  94.947275  27.563455 29.816
 76   103.430 54883.16536542 49.96  94.946415  27.560165 29.816
 76   103.503 54883.16536606 48.36  94.945555  27.556875 29.816
 76   103.243 54883.16536670 43.74  94.944695  27.553575 29.816
 76   103.238 54883.16536735 36.17  94.943835  27.550295 29.816
 77   103.592 54918.16534582 39.06  94.941479  27.560660 30.438
 77   103.610 54918.16534646 46.73  94.940619  27.557370 30.438
 77   103.611 54918.16534711 53.31  94.939759  27.554080 30.438
 77   103.622 54918.16534775 38.79  94.938899  27.550790 30.438
 78   104.709 54953.16535795 45.15  94.947841  27.565290 31.853
 78   104.632 54953.16535859 45.62  94.946981  27.562000 31.853
 78   104.591 54953.16535924 47.35  94.946121  27.558710 31.853
 78   104.580 54953.16535988 48.62  94.945261  27.555420 31.853
 78   104.586 54953.16536053 47.83  94.944401  27.552120 31.853
 79   104.814 54988.16538283 41.60  94.945427  27.563870 32.213
 79   104.968 54988.16538347 45.15  94.944567  27.560580 32.213
 79   104.992 54988.16538412 47.45  94.943707  27.557290 32.213
 79   105.000 54988.16538476 47.90  94.942847  27.554000 32.213
 79   105.016 54988.16538541 46.24  94.941987  27.550700 32.213
 79   104.914 54988.16538605 46.48  94.941127  27.547410 32.213
 80   106.533 55023.16537428 38.33  94.949013  27.567210 23.629
 80   106.504 55023.16537492 39.44  94.948153  27.563920 23.629
 80   106.493 55023.16537556 39.71  94.947293  27.560630 23.629
 80   106.563 55023.16537621 44.27  94.946433  27.557340 23.629
 80   106.558 55023.16537685 44.52  94.945573  27.554040 23.629
 80   106.583 55023.16537750 47.62  94.944713  27.550750 23.629
 81   106.434 55058.16536973 49.07  94.948036  27.565887 31.355
 81   106.443 55058.16537037 52.21  94.947176  27.562597 31.355
 81   106.454 55058.16537102 48.22  94.946316  27.559307 31.355
 81   106.486 55058.16537166 50.48  94.945456  27.556017 31.355
 81   106.459 55058.16537231 50.32  94.944596  27.552727 31.355
 82   105.371 55093.16532610 39.20  94.943508  27.560536 24.274
 82   105.253 55093.16532675 40.44  94.942648  27.557246 24.274
 82   105.289 55093.16532739 44.01  94.941788  27.553956 24.274
 82   105.254 55093.16532804 48.28  94.940928  27.550666 24.274
 82   105.232 55093.16532868 40.30  94.940068  27.547366 24.274
 83   104.182 55128.16531075 37.99  94.948628  27.566222 32.270
 83   104.619 55128.16531139 44.69  94.947768  27.562932 32.270
 83   104.694 55128.16531204 49.91  94.946908  27.559642 32.270
 83   104.565 55128.16531268 51.01  94.946048  27.556352 32.270
 83   104.474 55128.16531333 52.26  94.945188  27.553052 32.270
 84   103.600 55163.16528662 34.34  94.947113  27.565484 23.749
 84   103.993 55163.16528726 35.55  94.946253  27.562194 23.749
 84   103.862 55163.16528791 35.80  94.945393  27.558904 23.749
 84   103.927 55163.16528855 38.65  94.944533  27.555614 23.749
 84   103.923 55163.16528920 37.75  94.943673  27.552324 23.749
 84   103.773 55163.16528984 38.18  94.942813  27.549024 23.749
 85   103.045 55198.16530158 31.41  94.949289  27.566885 31.929
 85   103.402 55198.16530223 36.13  94.948429  27.563595 31.929
 85   103.410 55198.16530287 51.45  94.947569  27.560305 31.929
 85   103.508 55198.16530352 51.18  94.946709  27.557015 31.929
 85   103.572 55198.16530416 42.13  94.945849  27.553725 31.929
 85   103.550 55198.16530481 42.56  94.944989  27.550425 31.929
 86   103.909 55233.16529185 27.37  94.944326  27.562811 24.383
 86   103.867 55233.16529249 28.45  94.943466  27.559521 24.383
 86   104.496 55233.16529314 29.41  94.942606  27.556231 24.383
 86   103.542 55233.16529378 33.56  94.941746  27.552931 24.383
 86   103.734 55233.16529442 40.10  94.940886  27.549641 24.383
 86   103.678 55233.16529507 38.25  94.940026  27.546361 24.383
 87   103.733 55268.16529667 37.55  94.948605  27.565336 31.435
 87   103.956 55268.16529731 45.18  94.947745  27.562046 31.435
 87   103.819 55268.16529796 51.61  94.946885  27.558756 31.435
 87   103.886 55268.16529860 48.26  94.946025  27.555466 31.435
 87   103.903 55268.16529925 40.41  94.945165  27.552166 31.435
 89   107.018 55338.16526991 41.30  94.947860  27.565821 20.515
 89   107.038 55338.16527055 41.15  94.947000  27.562531 20.515
 89   106.939 55338.16527120 41.01  94.946140  27.559241 20.515
 89   106.825 55338.16527184 41.16  94.945280  27.555951 20.515
 89   106.792 55338.16527248 42.14  94.944420  27.552661 20.515
 90   106.793 55373.16526098 42.47  94.948075  27.564681 24.679
 90   106.842 55373.16526163 44.64  94.947215  27.561391 24.679
 90   106.809 55373.16526227 43.69  94.946355  27.558101 24.679
 90   106.669 55373.16526292 41.36  94.945495  27.554811 24.679
 90   106.626 55373.16526356 43.34  94.944635  27.551511 24.679
 91   106.733 55408.16528087 47.89  94.950853  27.566612 23.022
 91   106.676 55408.16528152 46.34  94.949993  27.563322 23.022
 91   106.692 55408.16528216 46.13  94.949133  27.560032 23.022
 91   106.726 55408.16528281 44.15  94.948273  27.556742 23.022
 91   106.701 55408.16528345 47.33  94.947413  27.553442 23.022
 92   106.346 55443.16527879 38.99  94.947995  27.565470 18.159
 92   106.294 55443.16527944 39.69  94.947135  27.562180 18.159
 92   106.693 55443.16528008 41.71  94.946275  27.558890 18.159
 92   106.714 55443.16528073 43.37  94.945415  27.555600 18.159
 92   106.617 55443.16528137 43.11  94.944555  27.552310 18.159
 93   105.508 55478.16521861 44.49  94.945598  27.563938 31.411
 93   105.314 55478.16521926 47.04  94.944738  27.560648 31.411
 93   105.301 55478.16521990 50.51  94.943878  27.557358 31.411
 93   105.314 55478.16522055 49.02  94.943018  27.554068 31.411
 93   105.390 55478.16522119 49.37  94.942158  27.550778 31.411
