-228016.519    24.869     0.00    3.53
-227642.077    24.729    -0.37    3.85
-227267.649    24.968     0.64    3.80
-226893.236    24.124    -2.25    3.44
-226518.838    23.460    -1.78    2.88
-226144.454    22.871    -1.57    2.12
-225770.086    22.200    -1.79    1.34
-225395.731    22.241     0.11    1.64
-225021.392    22.624     1.02    1.74
-224647.067    23.359     1.97    2.36
-224272.757    24.290     2.49    2.61
-223898.461    25.031     1.98    2.39
-223524.181    25.888     2.29    2.46
-223149.914    26.200     0.83    2.68
-222775.663    26.809     1.63    3.05
-222401.426    26.975     0.44    3.05
-222027.204    26.817    -0.42    2.89
-221652.996    26.340    -1.27    2.74
-221278.803    26.052    -0.77    2.12
-220904.625    27.269     3.25    3.56
-220528.422    28.476     3.21    3.73
-220151.318    31.483     7.98    4.56
-219774.229    33.888     6.38    4.60
-219397.155    36.662     7.36    4.77
-219020.095    40.370     9.84    5.35
-218643.050    42.388     5.35    5.32
-218266.020    44.150     4.67    4.17
-217889.005    46.436     6.06    4.20
-217512.005    48.917     6.58    5.48
-217135.020    51.150     5.92    6.37
-216758.049    53.476     6.17    6.21
-216381.094    55.150     4.44    4.89
-216004.153    56.555     3.73    5.51
-215627.227    55.004    -4.12    5.45
-215250.316    54.531    -1.25    7.99
-214873.420    55.840     3.48   10.48
-214496.538    55.266    -1.52   11.45
-214119.671    56.941     4.44   10.72
-213742.819    57.221     0.75   10.08
-213365.982    58.248     2.72    9.04
-212989.160    62.248    10.62    8.90
-212612.353    66.173    10.42    9.48
-212235.560    71.290    13.58   12.01
-211858.782    77.531    16.57   15.72
-211482.019    85.225    20.42   16.40
-211105.270    88.028     7.44   17.36
-210728.537    87.917    -0.29   17.19
-210351.818    84.150   -10.00   17.99
-209975.114    78.412   -15.23   15.45
-209598.425    77.491    -2.45   15.43
-209221.750    81.626    10.98   17.28
-208845.091    86.317    12.45   17.80
-208468.446    90.102    10.05   17.30
-208091.816    95.340    13.91   14.67
-207715.200    97.126     4.74   12.34
-207338.600    98.565     3.82   11.38
-206962.014    97.625    -2.50   13.61
-206585.442    96.491    -3.01   13.54
-206208.886    98.075     4.21   14.10
-205832.344   101.150     8.17   15.25
-205455.817   104.055     7.72   16.39
-205079.305   108.198    11.01   17.68
-204702.807   105.388    -7.46   17.26
-204326.325   105.124    -0.70   19.06
-203949.856   109.685    12.12   20.33
-203573.403   110.223     1.43   18.43
-203196.964   113.848     9.63   16.57
-202820.540   116.674     7.51   18.78
-202444.131   119.597     7.77   18.91
-202067.737   122.605     7.99   17.72
-201691.357   126.735    10.98   19.50
-201314.991   136.004    24.63   23.25
-200938.641   146.079    26.77   23.01
-200562.305   156.703    28.23   18.85
-200185.984   159.332     6.99   18.68
-199809.678   160.688     3.61   18.50
-199433.386   164.721    10.72   16.97
-199057.109   170.824    16.22   16.81
-198680.846   176.784    15.84   17.14
-198304.598   180.264     9.25   17.04
-197928.365   183.586     8.83   15.87
-197552.147   185.900     6.15   15.55
-197175.943   197.406    30.59   25.63
-196799.754   217.245    52.75   34.42
-196423.579   235.220    47.79   29.53
-196047.419   247.255    32.00   20.40
-195671.274   254.650    19.66   20.20
-195295.143   254.825     0.47   22.44
-194919.027   261.964    18.98   24.46
-194542.926   271.793    26.14   23.11
-194166.839   276.586    12.75   22.20
-193790.767   282.309    15.22   21.50
-193414.710   288.483    16.42   22.93
-193038.667   294.223    15.27   23.72
-192662.639   301.721    19.94   20.16
-192286.625   305.882    11.07   16.42
-191910.626   304.900    -2.61   18.28
-191534.641   308.439     9.42   17.68
-191158.671   310.507     5.50   15.71
-190782.716   305.569   -13.14   16.71
-190406.775   296.912   -23.03   23.04
-190030.849   285.721   -29.77   23.19
-189654.938   280.406   -14.14   20.25
-189279.041   280.245    -0.43   19.76
-188903.158   284.760    12.01   15.28
-188527.291   281.436    -8.84   13.18
-188151.437   275.912   -14.70   12.53
-187775.599   272.004   -10.40    9.10
-187399.774   274.436     6.47   12.76
-187023.965   285.125    28.45   18.13
-186648.170   300.150    39.99   21.63
-186272.389   313.406    35.28   15.78
-185896.623   319.007    14.91   12.34
-185520.872   321.388     6.34   12.29
-185145.135   325.034     9.70   16.68
-184769.413   332.077    18.75   19.74
-184393.705   335.467     9.02   18.89
-184018.012   340.340    12.97   13.64
-183642.333   340.848     1.35   13.40
-183266.669   339.290    -4.15   11.43
-182891.019   341.483     5.84   12.47
-182515.384   348.857    19.63   13.23
-182139.763   356.912    21.45   14.94
-181764.157   368.034    29.61   13.10
-181388.565   377.055    24.02   12.63
-181012.988   402.198    66.95   43.47
-180637.426   448.245   122.63   84.21
-180261.877   496.364   128.15   81.37
-179886.344   509.223    34.25   74.27
-179510.825   468.345  -108.87  101.97
-179135.320   389.077  -211.13   90.98
-178759.830   319.321  -185.80   69.31
-178384.354   255.412  -170.23   72.73
-178008.892   197.388  -154.56   67.25
-177633.446   150.317  -125.39   48.44
-177258.013   121.765   -76.06   30.76
-176882.595    99.243   -60.00   38.83
-176507.192    78.101   -56.33   34.22
-176131.803    67.864   -27.27   27.24
-175756.428    66.760    -2.94   26.82
-175381.068    73.992    19.27   33.97
-175005.723    80.173    16.47   42.02
-174630.391    67.355   -34.15   41.91
-174255.075    54.126   -35.25   26.96
-173879.772    56.801     7.13   26.23
-173504.484    76.900    53.56   39.71
-173129.211    96.195    51.42   37.43
-172753.952   109.253    34.80   23.95
-172378.707   106.082    -8.45   20.63
-172003.477    93.467   -33.62   22.92
-171628.261    81.674   -31.43   26.94
-171253.060    65.745   -42.46   26.06
-170877.873    54.253   -30.64   19.21
-170502.700    55.218     2.57   19.95
-170127.542    59.817    12.26   25.05
-169752.398    67.483    20.44   27.58
-169377.268    69.613     5.68   25.30
-169002.153    61.919   -20.51   21.19
-168627.053    56.264   -15.08   16.95
-168251.966    53.176    -8.23   16.45
-167876.894    55.418     5.98   20.59
-167501.837    59.685    11.38   22.10
-167126.794    68.467    23.42   26.80
-166751.765    70.336     4.98   26.41
-166376.750    69.971    -0.97   27.39
-166001.750    73.721    10.00   27.94
-165626.765    69.864   -10.29   23.06
-165251.793    67.602    -6.03   22.12
-164876.836    74.460    18.29   24.19
-164501.894    82.555    21.59   32.89
-164126.965    98.248    41.86   36.04
-163752.051   109.296    29.47   34.19
-163377.152   111.174     5.01   30.96
-163002.266   106.769   -11.75   23.84
-162627.395   106.579    -0.51   20.78
-162252.539   106.786     0.55   18.27
-161877.696   109.383     6.93   15.67
-161502.868   111.979     6.93   12.85
-161128.054   111.775    -0.55   13.11
-160753.255   112.491     1.91   11.70
-160378.470   111.290    -3.21   13.66
-160003.699   109.840    -3.87   16.05
-159628.942   105.245   -12.26   17.84
-159254.200    99.388   -15.63   19.40
-158879.472    96.296    -8.25   18.27
-158504.759    95.825    -1.26   19.06
-158130.059    94.007    -4.85   18.69
-157755.374    92.467    -4.11   18.27
-157380.703    87.721   -12.67   19.17
-157006.047    79.674   -21.48   13.26
-156631.405    73.912   -15.38   12.99
-156256.777    68.626   -14.11   10.62
-155882.163    67.253    -3.67   12.92
-155507.564    66.627    -1.67   13.59
-155132.978    69.833     8.56   16.84
-154758.407    70.592     2.03   17.36
-154383.851    68.687    -5.09   17.17
-154009.308    72.439    10.02   16.58
-153634.780    73.105     1.78   15.54
-153260.266    70.304    -7.48   16.14
-152885.766    69.174    -3.02   14.43
-152511.281    71.436     6.04   13.94
-152136.810    69.550    -5.04   13.48
-151762.353    66.695    -7.62   13.44
-151387.910    66.939     0.65   15.96
-151013.481    70.476     9.45   17.00
-150639.067    72.034     4.16   16.23
-150264.667    68.317    -9.93   16.26
-149890.281    65.592    -7.28   15.43
-149515.909    61.842   -10.02   15.07
-149141.552    61.941     0.26   15.10
-148767.208    57.050   -13.07   15.12
-148392.879    51.174   -15.70   13.79
-148018.564    49.293    -5.03   12.18
-147644.263    52.809     9.39   14.66
-147269.977    55.602     7.47   14.97
-146895.704    59.199     9.61   13.40
-146521.446    56.540    -7.10   14.58
-146147.202    53.460    -8.23   14.79
-145772.972    50.436    -8.08   13.74
-145396.251    50.345    -0.24   12.20
-145019.191    54.871    12.00   11.44
-144642.146    61.077    16.46   13.62
-144265.116    69.125    21.35   11.22
-143888.100    72.531     9.04    7.38
-143511.098    72.031    -1.33    7.72
-143134.110    67.173   -12.89    8.56
-142757.137    61.272   -15.66    9.49
-142380.179    53.735   -20.00   10.75
-142003.234    47.436   -16.71   10.74
-141626.304    40.243   -19.08    8.57
-141249.389    35.429   -12.77    6.27
-140872.488    31.626   -10.09    5.42
-140495.601    28.079    -9.41    5.04
-140118.728    24.443    -9.65    4.54
-139741.870    21.711    -7.25    3.49
-139365.026    19.735    -5.24    2.55
-138988.197    18.483    -3.32    2.17
-138611.382    17.662    -2.18    2.19
-138234.581    16.290    -3.64    2.07
-137857.794    15.150    -3.02    2.17
-137481.022    14.150    -2.65    1.75
-137104.264    13.475    -1.79    1.53
-136727.521    13.272    -0.54    1.57
-136350.792    12.745    -1.40    1.56
-135974.077    12.483    -0.70    1.46
-135597.376    12.174    -0.82    1.41
-135220.690    11.894    -0.74    1.39
-134844.018    11.917     0.06    1.63
-134467.360    11.516    -1.07    1.30
-134090.717    11.221    -0.78    1.52
-133714.088    11.150    -0.19    1.64
-133337.473    10.808    -0.91    1.62
-132960.873    10.582    -0.60    1.47
-132584.286    10.296    -0.76    1.20
-132207.714    10.321     0.06    1.22
-131831.157    10.760     1.17    1.61
-131454.613    11.492     1.95    2.20
-131078.084    12.105     1.63    2.49
-130701.569    12.406     0.80    2.29
-130325.069    12.031    -1.00    2.14
-129948.582    11.964    -0.18    2.21
-129572.110    12.201     0.63    2.09
-129195.652    12.582     1.01    2.00
-128819.209    12.765     0.49    2.05
-128442.779    12.745    -0.05    2.37
-128066.364    12.476    -0.72    2.31
-127689.963    12.223    -0.67    2.41
-127313.577    11.695    -1.40    2.53
-126937.204    11.203    -1.31    1.64
-126560.846    11.082    -0.32    1.74
-126184.502    11.007    -0.20    1.47
-125808.172    10.864    -0.38    1.52
-125431.857    10.936     0.19    1.55
-125055.555    11.278     0.91    1.45
-124679.268    11.605     0.87    1.59
-124302.995    12.073     1.25    1.49
-123926.736    12.221     0.39    1.66
-123550.492    12.296     0.20    1.64
-123174.261    12.099    -0.53    1.73
-122798.045    12.718     1.65    2.19
-122421.843    13.308     1.57    2.01
-122045.656    13.101    -0.55    2.42
-121669.482    12.436    -1.77    2.37
-121293.322    11.784    -1.73    2.19
-120917.177    11.864     0.21    2.26
-120541.046    12.124     0.69    2.43
-120164.929    12.388     0.70    2.77
-119788.826    12.555     0.44    2.80
-119412.738    12.565     0.03    2.78
-119036.663    11.882    -1.82    2.61
-118660.603    11.443    -1.17    2.29
-118284.557    10.979    -1.23    2.53
-117908.525    10.864    -0.31    2.73
-117532.507    10.964     0.27    2.81
-117156.503    11.340     1.00    2.60
-116780.514    11.964     1.66    2.14
-116404.538    12.174     0.56    1.99
-116028.577    11.745    -1.14    2.11
-115652.630    10.784    -2.56    2.08
-115276.697    10.293    -1.31    2.05
-114900.778    10.197    -0.26    1.86
-114524.873    10.406     0.56    1.81
-114148.982    11.031     1.66    1.70
-113773.105    11.662     1.68    1.62
-113397.243    12.079     1.11    1.57
-113021.394    11.711    -0.98    1.69
-112645.560    11.540    -0.45    1.88
-112269.740    11.052    -1.30    1.88
-111893.934    10.930    -0.32    1.92
-111518.142    10.793    -0.37    2.13
-111142.364    10.269    -1.39    2.20
-110766.600     9.458    -2.16    1.79
-110390.850     9.507     0.13    1.94
-110015.114     9.857     0.93    1.62
-109639.392    10.150     0.78    1.55
-109263.685    10.589     1.17    1.58
-108887.991    10.624     0.09    1.70
-108512.312    10.991     0.98    1.83
-108136.646    11.150     0.42    2.13
-107760.995    10.638    -1.36    2.16
-107385.358     9.912    -1.93    2.27
-107009.734     8.996    -2.44    3.04
-106634.125     8.945    -0.13    2.95
-106258.530     9.047     0.27    2.87
-105882.949    10.840     4.77    3.26
-105507.382    12.406     4.17    2.49
-105131.828    13.028     1.66    1.89
-104756.289    13.195     0.45    1.58
-104380.764    13.071    -0.33    1.46
-104005.253    12.150    -2.45    2.05
-103629.756    10.864    -3.42    2.68
-103254.273    10.245    -1.65    2.52
-102878.804    10.483     0.63    2.53
-102503.349    10.919     1.16    2.31
-102127.908    11.741     2.19    2.08
-101752.481    12.278     1.43    1.72
-101377.068    12.199    -0.21    1.76
-101001.669    11.711    -1.30    2.01
-100626.284    11.979     0.71    2.04
-100250.913    11.871    -0.29    1.98
 -99875.556    11.834    -0.10    1.92
 -99500.213    11.825    -0.02    2.02
 -99124.884    12.198     0.99    1.83
 -98749.569    11.711    -1.30    1.76
 -98374.267    11.531    -0.48    2.21
 -97998.980    11.272    -0.69    2.00
 -97623.707    10.400    -2.32    2.15
 -97248.448    10.248    -0.41    2.25
 -96873.202    10.079    -0.45    1.96
 -96497.971    10.340     0.70    2.21
 -96122.753    10.721     1.02    1.91
 -95747.550    11.077     0.95    2.05
 -95372.360    11.077     0.00    1.98
 -94997.185    11.272     0.52    2.14
 -94622.023    11.127    -0.39    2.18
 -94246.875    11.340     0.57    1.94
 -93871.741    10.245    -2.92    2.45
 -93496.622     9.698    -1.46    2.36
 -93121.516     8.592    -2.95    2.13
 -92746.423     8.248    -0.92    1.85
 -92371.345     8.589     0.91    2.24
 -91996.281     8.550    -0.10    2.66
 -91621.231     8.784     0.62    2.49
 -91246.194     8.565    -0.59    2.49
 -90871.172     8.638     0.20    2.19
 -90496.163     9.555     2.44    2.46
 -90121.168     9.458    -0.26    2.39
 -89746.187    10.036     1.54    2.19
 -89371.220    10.321     0.76    1.87
 -88996.267    10.055    -0.71    1.75
 -88621.328    10.126     0.19    1.67
 -88246.403    10.458     0.89    2.03
 -87871.491    10.332    -0.34    2.27
 -87496.594    10.227    -0.28    2.43
 -87121.710     9.769    -1.22    2.02
 -86746.840     9.499    -0.72    1.95
 -86371.984     9.775     0.74    2.14
 -85997.142     9.445    -0.88    1.96
 -85622.314     9.992     1.46    1.88
 -85247.499     9.917    -0.20    1.82
 -84872.699     9.840    -0.21    1.76
 -84497.912     9.745    -0.25    1.73
 -84123.139     9.359    -1.03    1.46
 -83748.380     9.381     0.06    1.42
 -83373.634     9.245    -0.36    1.94
 -82998.903     9.000    -0.65    1.90
 -82624.185     8.955    -0.12    2.02
 -82249.482     9.199     0.65    1.86
 -81874.792     8.613    -1.56    1.58
 -81500.116     8.793     0.48    1.81
 -81125.453     9.052     0.69    1.81
 -80750.805     9.550     1.33    1.89
 -80376.170     9.793     0.65    1.76
 -80001.549     9.340    -1.21    1.88
 -79626.942     9.613     0.73    2.07
 -79252.349     9.010    -1.61    1.87
 -78877.769     9.101     0.24    1.92
 -78503.203     8.950    -0.40    1.95
 -78128.651     8.979     0.08    1.70
 -77754.113     9.173     0.52    2.05
 -77379.589     8.662    -1.36    2.09
 -77005.078     9.007     0.92    1.98
 -76630.581     9.370     0.97    2.21
 -76256.098     9.491     0.33    2.12
 -75881.629     9.425    -0.18    2.06
 -75507.173     8.565    -2.30    2.05
 -75132.731     7.425    -3.04    2.04
 -74758.303     7.102    -0.86    2.11
 -74383.889     6.983    -0.32    1.85
 -74009.489     6.983     0.00    1.86
 -73635.102     7.221     0.64    1.79
 -73260.729     7.329     0.29    2.19
 -72886.369     7.400     0.19    2.26
 -72512.024     7.370    -0.08    2.23
 -72137.692     7.127    -0.65    2.17
 -71763.374     7.467     0.91    1.97
 -71389.069     7.227    -0.64    1.84
 -71014.779     7.082    -0.39    1.96
 -70640.309     7.124     0.11    2.11
 -70263.280     7.589     1.23    2.01
 -69886.265     8.079     1.30    2.29
 -69509.263     7.919    -0.42    2.06
 -69132.276     7.718    -0.53    2.19
 -68755.303     7.571    -0.39    2.34
 -68378.343     7.955     1.02    2.22
 -68001.398     7.936    -0.05    2.41
 -67624.466     7.882    -0.14    2.10
 -67247.548     7.741    -0.37    1.97
 -66870.644     7.834     0.25    1.95
 -66493.754     7.293    -1.44    1.89
 -66116.878     6.871    -1.12    1.98
 -65740.016     6.589    -0.75    1.90
 -65363.167     6.499    -0.24    2.02
 -64986.333     6.817     0.84    1.63
 -64609.512     7.031     0.57    1.61
 -64232.706     7.507     1.26    2.20
 -63855.913     8.174     1.77    2.14
 -63479.134     8.055    -0.32    2.00
 -63102.369     8.250     0.52    2.01
 -62725.618     8.198    -0.14    2.21
 -62348.880     7.638    -1.49    2.17
 -61972.157     7.388    -0.66    2.16
 -61595.447     7.199    -0.50    1.92
 -61218.751     7.150    -0.13    2.12
 -60842.069     6.833    -0.84    2.01
 -60465.401     6.613    -0.58    1.86
 -60088.747     6.626     0.03    2.30
 -59712.107     6.817     0.51    2.51
 -59335.480     6.960     0.38    2.17
 -58958.867     7.364     1.07    2.31
 -58582.268     7.912     1.45    2.51
 -58205.683     8.077     0.44    2.15
 -57829.112     7.882    -0.52    2.41
 -57452.554     7.589    -0.78    2.41
 -57076.011     6.708    -2.34    2.67
 -56699.481     6.079    -1.67    3.16
 -56322.965     4.941    -3.02    4.09
 -55946.462     4.745    -0.52    4.13
 -55569.974     4.675    -0.19    4.04
 -55193.499     4.491    -0.49    3.53
 -54817.038     4.467    -0.06    2.31
 -54440.591     4.174    -0.78    2.58
 -54064.158     4.418     0.65    2.95
 -53687.739     5.345     2.46    3.72
 -53311.333     5.894     1.46    3.84
 -52934.941     6.102     0.55    4.36
 -52558.563     7.370     3.37    3.65
 -52182.198     8.055     1.82    2.34
 -51805.848     8.223     0.45    2.25
 -51429.511     8.439     0.57    2.82
 -51053.188     8.173    -0.71    2.87
 -50676.878     7.687    -1.29    2.93
 -50300.583     7.833     0.39    2.99
 -49924.301     7.589    -0.65    2.20
 -49548.033     7.650     0.16    2.20
 -49171.778     8.127     1.27    2.23
 -48795.538     8.381     0.67    2.26
 -48419.311     8.221    -0.42    2.12
 -48043.098     8.340     0.32    2.07
 -47666.898     7.740    -1.60    1.92
 -47290.712     7.150    -1.57    1.77
 -46914.540     7.022    -0.34    1.82
 -46538.382     6.960    -0.17    1.84
 -46162.237     7.031     0.19    1.92
 -45786.107     7.175     0.38    1.89
 -45409.989     7.559     1.02    2.27
 -45033.886     8.229     1.78    2.05
 -44657.796     8.102    -0.34    2.09
 -44281.720     7.388    -1.90    2.13
 -43905.658     7.198    -0.51    2.32
 -43529.609     6.406    -2.11    1.90
 -43153.574     6.765     0.96    1.94
 -42777.553     7.031     0.71    1.67
 -42401.545     7.028    -0.01    1.44
 -42025.552     7.055     0.07    1.54
 -41649.571     6.555    -1.33    1.74
 -41273.605     6.225    -0.88    2.53
 -40897.652     6.126    -0.26    2.77
 -40521.713     5.850    -0.73    3.55
 -40145.787     5.223    -1.67    4.20
 -39769.875     3.925    -3.45    4.50
 -39393.977     2.735    -3.16    4.40
 -39018.092     1.857    -2.34    3.77
 -38642.221     1.793    -0.17    3.41
 -38266.364     1.400    -1.05    3.18
 -37890.520     1.784     1.02    3.19
 -37514.690     2.007     0.59    3.19
 -37138.874     2.198     0.51    3.07
 -36763.071     1.817    -1.01    3.61
 -36387.282     0.809    -2.68    3.92
 -36011.506    -0.275    -2.88    4.22
 -35635.745    -1.387    -2.96    3.76
 -35259.996    -2.040    -1.74    3.50
 -34884.262    -2.484    -1.18    3.13
 -34508.541    -3.167    -1.82    2.05
 -34132.833    -3.160     0.02    1.32
 -33757.139    -2.874     0.76    2.26
 -33381.459    -2.150     1.93    2.94
 -33005.792    -1.302     2.26    3.72
 -32630.139    -1.265     0.10    3.79
 -32254.500    -1.338    -0.19    3.67
 -31878.874    -1.752    -1.10    3.93
 -31503.262    -2.324    -1.52    3.85
 -31127.663    -2.269     0.15    3.88
 -30752.078    -2.619    -0.93    2.30
 -30376.507    -2.362     0.68    2.23
 -30000.949    -1.493     2.31    2.70
 -29625.404    -0.209     3.42    2.53
 -29249.873     0.809     2.71    2.44
 -28874.356     1.971     3.09    2.56
 -28498.852     3.174     3.20    2.82
 -28123.362     3.857     1.82    2.63
 -27747.886     4.613     2.01    2.09
 -27372.423     4.801     0.50    1.88
 -26996.973     5.097     0.79    1.27
 -26621.537     4.941    -0.42    1.58
 -26246.115     4.400    -1.44    1.56
 -25870.706     4.340    -0.16    1.55
 -25495.311     3.930    -1.09    1.84
 -25119.929     3.355    -1.53    1.95
 -24744.560     3.034    -0.86    2.12
 -24369.206     1.913    -2.99    3.41
 -23993.864     0.930    -2.62    3.88
 -23618.537     0.199    -1.95    4.10
 -23243.222    -0.557    -2.01    4.20
 -22867.922    -1.064    -1.35    4.02
 -22492.635    -2.100    -2.76    3.44
 -22117.361    -2.975    -2.33    2.90
 -21742.101    -2.921     0.14    2.83
 -21366.854    -3.231    -0.82    2.85
 -20991.621    -2.517     1.90    3.54
 -20616.401    -1.636     2.35    3.92
 -20241.195    -0.679     2.55    3.37
 -19866.002     0.425     2.94    2.46
 -19490.823     0.394    -0.08    2.11
 -19115.657    -0.292    -1.83    2.16
 -18740.505    -0.899    -1.62    2.62
 -18365.366    -1.779    -2.35    2.94
 -17990.240    -1.779     0.00    3.65
 -17615.129    -2.175    -1.06    3.76
 -17240.030    -2.435    -0.69    3.91
 -16864.945    -2.143     0.78    3.88
 -16489.874    -2.704    -1.50    3.57
 -16114.815    -2.167     1.43    3.80
 -15739.771    -1.874     0.78    3.88
 -15364.740    -1.800     0.20    3.86
 -14989.722    -1.183     1.64    3.93
 -14614.718    -0.491     1.85    4.10
 -14239.727     0.340     2.22    3.81
 -13864.749     1.245     2.41    3.18
 -13489.785     1.555     0.83    2.98
 -13114.835     1.698     0.38    2.23
 -12739.897     1.334    -0.97    2.12
 -12364.974     0.673    -1.76    2.65
 -11990.063     0.025    -1.73    2.84
 -11615.166    -1.152    -3.14    3.50
 -11240.283    -1.945    -2.12    3.99
 -10865.413    -2.773    -2.21    4.09
 -10490.556    -3.418    -1.72    3.94
 -10115.713    -4.158    -1.97    3.66
  -9740.883    -4.300    -0.38    3.57
  -9366.066    -3.777     1.40    3.71
  -8991.263    -3.387     1.04    3.77
  -8616.473    -2.455     2.49    3.22
  -8241.697    -2.534    -0.21    3.04
  -7866.934    -2.925    -1.04    2.92
  -7492.184    -3.398    -1.26    2.85
  -7117.448    -3.460    -0.17    2.38
  -6742.725    -3.302     0.42    2.46
  -6368.016    -1.875     3.81    3.33
  -5993.319    -1.100     2.07    3.11
  -5618.637    -1.925    -2.20    3.08
  -5243.967    -3.136    -3.23    3.64
  -4869.311    -4.564    -3.81    3.18
  -4494.668    -5.292    -1.94    2.81
  -4120.039    -6.088    -2.13    1.79
  -3745.423    -5.582     1.35    2.58
  -3370.820    -5.021     1.50    3.27
  -2996.231    -4.326     1.85    3.41
  -2621.655    -3.411     2.44    3.78
  -2247.092    -2.533     2.34    3.86
  -1872.543    -1.362     3.13    3.64
  -1498.007    -0.755     1.62    3.53
  -1123.484    -0.375     1.01    3.17
   -748.974     0.198     1.53    3.11
   -374.478     0.329     0.35    2.90
      0.005     0.340     0.03    2.98
    374.474    -0.070    -1.09    3.54
    748.930     0.406     1.27    3.30
   1123.373     0.483     0.21    3.30
   1497.803     0.282    -0.54    3.06
   1872.219     0.991     1.89    2.92
   2246.622     1.025     0.09    2.93
   2621.012     1.721     1.86    2.70
   2995.388     2.007     0.76    2.64
   3369.751     1.765    -0.65    1.80
   3744.101     1.445    -0.85    1.56
   4118.438     0.913    -1.42    1.58
   4493.477     0.345    -1.51    1.99
   4870.463    -0.191    -1.42    2.46
   5247.436    -0.582    -1.04    2.66
   5624.396    -0.895    -0.83    2.60
   6001.342    -1.297    -1.07    2.62
   6378.274    -2.143    -2.24    2.73
   6755.193    -3.493    -3.58    2.65
   7132.099    -3.752    -0.69    3.18
   7508.991    -4.350    -1.59    3.37
   7885.870    -5.183    -2.21    3.30
   8262.735    -5.557    -0.99    2.93
   8639.587    -5.517     0.11    2.95
   9016.426    -5.679    -0.43    2.21
   9393.251    -5.240     1.17    2.60
   9770.062    -5.325    -0.22    2.24
  10146.860    -5.700    -1.00    2.39
  10523.645    -6.000    -0.80    2.78
  10900.417    -6.421    -1.12    2.56
  11277.174    -6.313     0.29    3.09
  11653.919    -6.112     0.53    3.39
  12030.650    -6.484    -0.99    3.12
  12407.368    -6.525    -0.11    2.84
  12784.072    -6.679    -0.41    2.60
  13160.763    -7.112    -1.15    1.96
  13537.440    -6.972     0.37    2.27
  13914.104    -7.517    -1.45    1.51
  14290.755    -7.362     0.41    1.85
  14667.392    -7.671    -0.82    1.12
  15044.016    -7.160     1.36    2.35
  15420.627    -6.630     1.40    3.19
  15797.224    -5.630     2.66    3.93
  16173.808    -4.100     4.06    4.54
  16550.378    -2.411     4.49    4.81
  16926.935    -0.950     3.88    4.37
  17303.479     0.857     4.80    3.00
  17680.010     1.491     1.68    1.67
  18056.527     1.540     0.13    1.45
  18433.030     1.516    -0.06    1.39
  18809.520     1.714     0.53    1.41
  19185.997     1.579    -0.36    1.36
  19562.461     1.509    -0.18    1.50
  19938.911     1.589     0.21    1.32
  20315.348     1.817     0.60    1.62
  20691.772     1.750    -0.18    1.97
  21068.182     1.080    -1.78    2.20
  21444.579    -0.312    -3.70    3.02
  21820.963    -2.850    -6.74    3.51
  22197.333    -4.874    -5.38    3.45
  22573.690    -6.582    -4.54    2.47
  22950.034    -6.850    -0.71    3.09
  23326.364    -4.666     5.80    4.92
  23702.681    -1.362     8.78    5.54
  24078.985     1.350     7.21    4.12
  24455.275     3.031     4.47    2.11
  24831.552     3.269     0.63    2.38
  25207.816     3.894     1.66    1.85
  25584.067     4.126     0.62    2.15
  25960.304     4.406     0.74    2.88
  26336.528     4.150    -0.68    2.91
  26712.739     3.491    -1.75    2.71
  27088.936     2.775    -1.90    2.60
  27465.120     2.126    -1.72    2.64
  27841.291     1.825    -0.80    2.47
  28217.449     1.248    -1.54    1.99
  28593.593     1.955     1.88    2.61
  28969.724     2.589     1.69    2.49
  29345.842     2.882     0.78    2.49
  29721.947     3.199     0.84    2.53
  30098.038     3.589     1.04    2.81
  30474.116     3.375    -0.57    2.81
  30850.181     3.174    -0.53    2.49
  31226.232     3.345     0.46    2.22
  31602.271     3.007    -0.90    2.08
  31978.296     2.979    -0.07    1.83
  32354.308     2.925    -0.14    2.25
  32730.306     3.126     0.53    2.52
  33106.292     2.936    -0.51    2.63
  33482.264     2.394    -1.44    2.22
  33858.223     2.888     1.31    2.25
  34234.169     2.663    -0.60    2.19
  34610.101     2.600    -0.17    1.80
  34986.020     2.868     0.71    1.93
  35361.927     2.602    -0.71    2.13
  35737.820     2.491    -0.30    2.45
  36113.699     2.055    -1.16    2.69
  36489.566     0.700    -3.60    2.72
  36865.419    -0.429    -3.00    2.07
  37241.259    -1.269    -2.23    1.38
  37617.086    -1.070     0.53    1.80
  37992.900    -1.094    -0.06    1.93
  38368.701    -0.996     0.26    2.25
  38744.488    -1.376    -1.01    1.86
  39120.262    -1.668    -0.78    1.33
  39496.023    -1.799    -0.35    1.00
  39871.771    -1.874    -0.20    1.05
  40247.506    -1.533     0.91    1.33
  40623.227    -1.004     1.41    1.81
  40998.936    -0.691     0.83    2.31
  41374.631    -0.034     1.75    2.72
  41750.313     0.272     0.81    2.75
  42125.982     0.735     1.23    2.82
  42501.638     0.784     0.13    2.87
  42877.281     1.014     0.61    2.64
  43252.910     1.073     0.16    3.10
  43628.527     1.721     1.73    3.07
  44004.130     1.894     0.46    3.01
  44379.720     1.613    -0.75    2.67
  44755.297     0.809    -2.14    2.65
  45130.861     0.500    -0.82    3.17
  45506.412     0.269    -0.61    3.15
  45881.949     0.350     0.22    3.28
  46257.474     0.555     0.55    2.70
  46632.985     0.955     1.07    2.47
  47008.484     1.626     1.79    2.43
  47383.969     1.950     0.86    2.14
  47759.441     2.625     1.80    2.04
  48134.900     2.760     0.36    1.80
  48510.346     3.031     0.72    2.10
  48885.779     2.687    -0.92    2.20
  49261.198     2.412    -0.73    1.99
  49636.605     2.531     0.32    2.05
  50011.999     2.370    -0.43    2.06
  50387.379     2.425     0.15    1.75
  50762.746     2.467     0.11    1.82
  51138.101     2.225    -0.64    1.79
  51513.442     1.930    -0.78    1.64
  51888.770     1.817    -0.30    1.52
  52264.085     1.650    -0.44    1.42
  52639.388     1.936     0.76    2.18
  53014.677     2.612     1.80    2.61
  53389.953     2.964     0.94    2.78
  53765.215     2.711    -0.67    2.51
  54140.465     2.436    -0.73    2.20
  54515.702     1.540    -2.39    2.18
  54890.926     1.150    -1.04    1.93
  55266.137     1.286     0.36    1.96
  55641.334     1.025    -0.70    1.98
  56016.519     0.809    -0.58    1.71
  56391.691     0.364    -1.18    1.52
  56766.850     0.227    -0.37    1.22
  57141.995     0.923     1.85    1.60
  57517.128     1.253     0.88    2.85
  57892.247     0.004    -3.33    4.10
  58267.354    -0.655    -1.76    4.37
  58642.447    -0.679    -0.07    4.30
  59017.528    -0.641     0.10    3.78
  59392.596     1.150     4.77    2.31
  59767.650     1.250     0.27    2.13
  60142.692     1.174    -0.20    2.17
  60517.720     1.150    -0.06    2.20
  60892.736     1.052    -0.26    1.88
  61267.738     1.000    -0.14    1.92
  61642.728     0.850    -0.40    2.15
  62017.705     0.250    -1.60    2.15
  62392.668    -0.302    -1.47    2.10
  62767.619     0.126     1.14    2.21
  63142.557     0.687     1.49    2.35
  63517.482     0.936     0.66    2.27
  63892.393     0.370    -1.51    1.94
  64267.292     0.099    -0.72    1.99
  64642.178    -0.207    -0.82    1.88
  65017.051    -0.874    -1.78    1.51
  65391.911    -0.948    -0.20    1.26
  65766.758    -0.750     0.53    1.30
  66141.592     0.150     2.40    2.37
  66516.413     1.225     2.87    2.40
  66891.221     1.626     1.07    2.25
  67266.017     2.047     1.12    2.26
  67640.799     1.760    -0.77    2.05
  68015.568     1.650    -0.29    2.27
  68390.325     1.525    -0.33    2.10
  68765.068     1.031    -1.32    2.56
  69139.799    -0.087    -2.98    2.27
  69514.517    -0.548    -1.23    1.87
  69889.221    -0.600    -0.14    1.77
  70263.913    -0.160     1.18    1.76
  70638.592     0.221     1.02    1.58
  71013.258     0.458     0.63    1.64
  71387.911     0.293    -0.44    1.66
  71762.552    -0.132    -1.13    1.67
  72137.179     0.174     0.82    2.04
  72511.794    -0.338    -1.37    2.12
  72886.395    -0.167     0.46    2.25
  73260.984    -0.160     0.02    1.84
  73635.560    -0.455    -0.79    1.67
  74010.123    -0.775    -0.85    1.80
  74384.673    -0.725     0.13    1.74
  74759.210    -0.728    -0.01    2.18
  75133.734    -0.777    -0.13    2.26
  75508.246    -0.850    -0.20    2.02
  75882.744    -0.509     0.91    2.00
  76257.230    -0.525    -0.04    2.08
  76631.703    -1.070    -1.45    1.99
  77006.163    -1.445    -1.00    1.93
  77380.610    -2.118    -1.80    1.76
  77755.044    -2.728    -1.63    1.82
  78129.466    -3.143    -1.11    2.00
  78503.875    -3.143     0.00    2.36
  78878.270    -2.799     0.92    2.32
  79252.653    -3.040    -0.65    2.18
  79628.242    -2.826     0.57    1.51
  80005.191    -3.021    -0.52    1.51
  80382.127    -2.950     0.19    1.35
  80759.050    -3.271    -0.85    1.41
  81135.960    -3.548    -0.73    1.42
  81512.858    -3.750    -0.54    1.60
  81889.742    -3.850    -0.27    1.75
  82266.613    -3.600     0.66    1.64
  82643.471    -3.440     0.43    1.68
  83020.316    -2.895     1.44    1.52
  83397.148    -2.440     1.21    1.57
  83773.967    -1.948     1.31    1.55
  84150.773    -1.338     1.62    1.47
  84527.567    -0.722     1.63    1.40
  84904.347    -0.850    -0.34    1.46
  85281.114    -0.465     1.02    2.18
  85657.868     0.443     2.41    3.10
  86034.610     1.028     1.55    3.18
  86411.338     1.825     2.12    2.76
  86788.053     1.105    -1.91    2.61
  87164.756    -0.139    -3.30    1.83
  87541.445    -0.899    -2.02    1.86
  87918.122    -1.898    -2.65    2.02
  88294.785    -1.972    -0.20    1.95
  88671.436    -2.231    -0.69    1.92
  89048.073    -2.312    -0.21    2.49
  89424.698    -2.435    -0.33    2.44
  89801.310    -2.779    -0.91    1.88
  90177.909    -3.045    -0.71    1.90
  90554.495    -2.289     2.01    2.39
  90931.068    -0.875     3.75    2.93
  91307.628    -0.075     2.12    3.09
  91684.175     0.740     2.16    2.68
  92060.709     0.296    -1.18    3.21
  92437.230    -0.045    -0.91    3.42
  92813.739     0.687     1.94    3.61
  93190.234     1.809     2.98    3.77
  93566.717     2.325     1.37    3.20
  93943.187     1.833    -1.31    2.94
  94319.644     1.007    -2.19    3.03
  94696.087     0.077    -2.47    2.74
  95072.518     0.126     0.13    2.87
  95448.937     0.050    -0.20    2.79
  95825.342     0.612     1.49    2.81
  96201.734     0.750     0.37    2.81
  96578.114    -0.557    -3.47    3.20
  96954.480    -1.728    -3.11    2.72
  97330.834    -2.752    -2.72    2.31
  97707.175    -3.625    -2.32    1.69
  98083.503    -3.324     0.80    2.01
  98459.818    -2.780     1.44    2.43
  98836.120    -1.582     3.18    2.69
  99212.410    -0.387     3.18    2.69
  99588.686     0.500     2.36    2.40
  99964.950     0.432    -0.18    2.70
 100341.201    -0.509    -2.50    2.75
 100717.439    -0.235     0.73    2.77
 101093.664     0.340     1.53    2.65
 101469.877     0.775     1.15    2.36
 101846.076     0.124    -1.73    2.70
 102222.263    -1.850    -5.25    2.97
 102598.437    -3.568    -4.57    2.55
 102974.598    -4.655    -2.89    1.95
 103350.746    -5.118    -1.23    1.61
 103726.881    -5.435    -0.84    1.20
 104103.004    -5.623    -0.50    1.03
 104479.114    -5.771    -0.39    0.88
 104855.211    -5.588     0.49    0.89
 105231.295    -5.636    -0.13    0.87
 105607.366    -5.606     0.08    1.11
 105983.425    -5.630    -0.06    1.35
 106359.471    -5.594     0.10    1.21
 106735.503    -5.493     0.27    1.12
 107111.524    -5.606    -0.30    1.48
 107487.531    -5.240     0.97    1.74
 107863.526    -4.265     2.59    2.13
 108239.507    -3.375     2.37    2.34
 108615.477    -3.275     0.27    2.42
 108991.433    -3.722    -1.19    2.42
 109367.376    -4.655    -2.48    2.05
 109743.307    -5.374    -1.91    1.58
 110119.225    -5.636    -0.70    1.57
 110495.130    -4.612     2.72    3.20
 110871.023    -3.070     4.10    3.43
 111246.902    -1.435     4.35    3.37
 111622.769    -0.255     3.14    2.64
 111998.623     0.077     0.88    2.32
 112374.465    -1.191    -3.37    2.62
 112750.294    -1.900    -1.89    2.59
 113126.110    -2.265    -0.97    2.60
 113501.913    -1.175     2.90    3.16
 113877.703     0.126     3.46    2.88
 114253.481     0.300     0.46    2.64
 114629.246     0.955     1.74    2.61
 115004.998     1.198     0.65    2.78
 115380.738     1.509     0.83    2.35
 115756.465     0.888    -1.65    2.51
 116132.179     0.868    -0.05    2.51
 116507.880     0.840    -0.07    2.36
 116883.569     0.864     0.06    2.60
 117259.245     0.750    -0.30    2.24
 117634.908     0.708    -0.11    1.88
 118010.559     0.676    -0.08    1.96
 118386.197    -0.279    -2.54    2.71
 118761.822    -2.557    -6.07    3.03
 119137.435    -3.945    -3.69    2.94
 119513.035    -5.279    -3.55    2.20
 119888.622    -5.799    -1.38    1.85
 120264.196    -6.112    -0.83    1.33
 120639.758    -6.475    -0.97    0.90
 121015.307    -6.588    -0.30    0.91
 121390.844    -6.435     0.41    1.02
 121766.367    -6.650    -0.57    1.02
 122141.878    -6.752    -0.27    1.11
 122517.377    -6.850    -0.26    1.04
 122892.863    -6.630     0.58    0.96
 123268.336    -6.435     0.52    1.02
 123643.796    -6.112     0.86    1.17
 124019.244    -5.925     0.50    1.10
 124394.679    -6.070    -0.38    1.08
 124770.102    -5.874     0.52    1.13
 125145.512    -6.216    -0.91    1.41
 125520.909    -6.000     0.57    1.66
 125896.294    -6.183    -0.49    1.68
 126271.666    -6.362    -0.48    1.49
 126647.025    -5.874     1.30    1.57
 127022.372    -5.450     1.13    1.82
 127397.706    -5.150     0.80    1.95
 127773.028    -5.050     0.27    2.02
 128148.336    -5.289    -0.64    2.10
 128523.633    -5.557    -0.71    2.37
 128898.916    -5.780    -0.59    2.47
 129274.187    -5.802    -0.06    2.76
 129649.446    -5.953    -0.40    2.67
 130024.692    -5.532     1.12    2.63
 130399.925    -5.143     1.04    2.19
 130775.146    -5.338    -0.52    1.85
 131150.354    -5.850    -1.36    1.05
 131525.549    -6.166    -0.84    1.04
 131900.732    -6.168    -0.01    1.09
 132275.902    -6.183    -0.04    1.03
 132651.060    -6.175     0.02    0.94
 133026.205    -6.112     0.17    0.94
 133401.338    -5.850     0.70    1.47
 133776.458    -4.571     3.41    2.50
 134151.565    -3.561     2.69    2.71
 134526.660    -2.825     1.96    2.75
 134901.743    -3.143    -0.85    2.40
 135276.812    -3.094     0.13    2.23
 135651.870    -3.338    -0.65    2.12
 136026.914    -3.312     0.07    2.40
 136401.946    -3.175     0.36    2.49
 136776.966    -2.775     1.07    2.56
 137151.973    -3.112    -0.90    2.59
 137526.968    -3.625    -1.37    2.24
 137901.950    -3.728    -0.27    2.04
 138276.919    -4.411    -1.82    1.69
 138651.876    -4.375     0.10    1.84
 139026.820    -4.225     0.40    1.66
 139401.752    -4.387    -0.43    1.66
 139776.671    -4.704    -0.85    1.78
 140151.578    -4.533     0.46    1.71
 140526.473    -4.540    -0.02    1.83
 140901.354    -4.582    -0.11    1.98
 141276.224    -4.055     1.40    2.08
 141651.080    -4.374    -0.85    2.16
 142025.925    -4.143     0.62    2.27
 142400.756    -4.484    -0.91    2.03
 142775.576    -5.575    -2.91    1.95
 143150.382    -5.587    -0.03    1.73
 143525.177    -5.941    -0.94    1.31
 143899.959    -6.029    -0.24    1.45
 144274.728    -6.070    -0.11    1.71
 144649.485    -6.289    -0.59    1.34
 145024.229    -6.300    -0.03    1.52
 145398.961    -6.055     0.65    1.55
 145773.680    -6.061    -0.02    1.73
 146148.387    -6.191    -0.35    1.76
 146523.082    -6.112     0.21    1.91
 146897.764    -6.094     0.05    1.91
 147272.433    -6.207    -0.30    1.83
 147647.090    -6.081     0.34    1.63
 148021.735    -6.289    -0.56    1.64
 148396.367    -6.191     0.26    1.56
 148770.987    -5.728     1.24    1.17
 149145.594    -5.801    -0.20    1.00
 149520.189    -5.655     0.39    0.90
 149894.772    -5.775    -0.32    1.00
 150269.342    -5.799    -0.06    1.26
 150643.899    -6.200    -1.07    1.37
 151018.444    -6.207    -0.02    1.48
 151392.977    -6.362    -0.41    1.14
 151767.497    -6.167     0.52    1.13
 152142.005    -5.900     0.71    1.36
 152516.501    -5.777     0.33    1.35
 152890.984    -5.350     1.14    1.48
 153265.454    -5.533    -0.49    1.69
 153639.912    -5.325     0.56    2.05
 154014.358    -5.582    -0.69    2.09
 154388.792    -5.302     0.75    2.09
 154764.910    -5.183     0.32    1.87
 155141.815    -5.421    -0.63    1.68
 155518.707    -5.799    -1.00    1.79
 155895.587    -6.421    -1.65    1.70
 156272.453    -6.731    -0.82    1.42
 156649.308    -6.725     0.02    1.34
 157026.150    -5.734     2.63    1.62
 157402.979    -5.587     0.39    1.57
 157779.795    -5.704    -0.31    1.70
 158156.600    -6.118    -1.10    1.58
 158533.391    -6.300    -0.48    1.24
 158910.170    -6.168     0.35    1.09
 159286.937    -6.166     0.01    1.23
 159663.691    -6.160     0.02    1.44
 160040.432    -6.582    -1.12    1.41
 160417.161    -6.801    -0.58    1.14
 160793.877    -6.594     0.55    0.88
 161170.581    -6.440     0.41    0.85
 161547.273    -6.374     0.18    0.86
 161923.951    -6.411    -0.10    0.81
 162300.618    -6.411     0.00    0.81
 162677.272    -6.289     0.32    1.00
 163053.913    -6.500    -0.56    1.23
 163430.542    -6.475     0.07    1.51
 163807.158    -6.645    -0.45    1.63
 164183.762    -6.752    -0.29    1.76
 164560.353    -6.777    -0.06    1.75
 164936.932    -6.826    -0.13    1.81
 165313.498    -6.825     0.00    1.95
 165690.052    -6.825     0.00    1.87
 166066.593    -6.704     0.32    1.90
 166443.122    -7.040    -0.89    1.57
 166819.639    -7.289    -0.66    1.27
 167196.143    -7.231     0.15    1.23
 167572.634    -7.350    -0.32    1.32
 167949.113    -7.004     0.92    1.50
 168325.579    -6.440     1.50    1.76
 168702.034    -6.240     0.53    1.58
 169078.475    -5.826     1.10    1.27
 169454.904    -5.923    -0.26    1.15
 169831.321    -5.700     0.59    0.98
 170207.725    -5.771    -0.19    1.00
 170584.117    -5.617     0.41    1.15
 170960.496    -5.411     0.55    1.23
 171336.863    -5.557    -0.39    1.12
 171713.218    -5.300     0.68    1.06
 172089.560    -5.312    -0.03    1.10
 172465.890    -5.168     0.38    1.23
 172842.207    -5.158     0.03    1.30
 173218.511    -5.240    -0.22    1.32
 173594.804    -5.435    -0.52    1.22
 173971.084    -5.414     0.06    1.14
 174347.351    -5.918    -1.34    1.25
 174723.606    -5.927    -0.02    1.46
 175099.849    -6.167    -0.64    1.56
 175476.079    -5.950     0.58    1.63
 175852.297    -5.728     0.59    1.50
 176228.503    -5.338     1.04    1.40
 176604.696    -5.166     0.46    1.58
 176980.877    -5.225    -0.16    1.31
 177357.045    -5.398    -0.46    1.19
 177733.201    -5.557    -0.42    1.29
 178109.344    -5.850    -0.78    1.23
 178485.475    -6.004    -0.41    1.27
 178861.594    -6.216    -0.56    1.09
 179237.701    -6.557    -0.91    1.19
 179613.795    -6.411     0.39    1.16
 179989.876    -6.450    -0.10    1.26
 180365.946    -6.289     0.43    1.30
 180742.003    -6.000     0.77    1.14
 181118.047    -6.075    -0.20    1.21
 181494.079    -5.972     0.27    1.23
 181870.099    -5.826     0.39    1.29
 182246.107    -6.225    -1.06    1.63
 182622.102    -6.777    -1.47    1.54
 182998.085    -6.953    -0.47    1.48
 183374.055    -6.725     0.61    1.62
 183750.013    -6.542     0.49    1.51
 184125.959    -6.564    -0.06    1.29
 184501.893    -6.435     0.34    1.30
 184877.814    -6.564    -0.34    1.13
 185253.723    -6.675    -0.29    1.32
 185629.619    -6.271     1.07    1.45
 186005.503    -6.152     0.32    1.44
 186381.375    -5.972     0.48    1.33
 186757.235    -5.875     0.26    1.39
 187133.082    -5.874     0.00    1.51
 187508.917    -5.927    -0.14    1.48
 187884.739    -6.100    -0.46    1.48
 188260.550    -5.850     0.67    1.69
 188636.348    -5.850     0.00    1.72
 189012.133    -5.606     0.65    1.71
 189387.907    -5.696    -0.24    1.68
 189763.668    -5.873    -0.47    1.47
 190139.417    -6.061    -0.50    1.54
 190515.153    -6.175    -0.30    1.61
 190890.878    -6.387    -0.56    1.50
 191266.590    -5.996     1.04    1.85
 191642.289    -5.183     2.16    2.23
 192017.977    -4.508     1.80    2.08
 192393.652    -4.550    -0.11    2.13
 192769.315    -5.125    -1.53    2.22
 193144.966    -5.826    -1.86    2.07
 193520.604    -6.216    -1.04    1.76
 193896.230    -6.338    -0.32    1.52
 194271.844    -6.950    -1.63    1.43
 194647.446    -7.375    -1.13    1.45
 195023.035    -7.630    -0.68    1.42
 195398.612    -7.975    -0.92    1.26
 195774.177    -8.313    -0.90    0.98
 196149.730    -8.411    -0.26    0.95
 196525.270    -8.696    -0.76    0.54
 196900.798    -8.650     0.12    0.61
 197276.314    -8.600     0.13    0.67
 197651.818    -8.435     0.44    0.81
 198027.310    -8.265     0.45    1.14
 198402.789    -8.374    -0.29    1.04
 198778.256    -8.679    -0.81    0.67
 199153.711    -8.613     0.18    0.75
 199529.154    -8.501     0.30    0.78
 199904.584    -8.460     0.11    0.74
 200280.002    -8.387     0.19    0.81
 200655.408    -8.216     0.45    0.97
 201030.802    -8.286    -0.19    0.94
 201406.184    -8.214     0.19    0.92
 201781.553    -7.927     0.76    1.18
 202156.910    -7.900     0.07    1.26
 202532.256    -7.777     0.33    1.57
 202907.588    -7.337     1.17    1.92
 203282.909    -6.222     2.97    2.60
 203658.218    -4.666     4.15    2.25
 204033.514    -3.900     2.04    1.63
 204408.798    -3.679     0.59    1.55
 204784.070    -3.704    -0.06    1.61
 205159.330    -3.996    -0.78    1.28
 205534.578    -4.081    -0.22    1.51
 205909.813    -3.775     0.81    1.61
 206285.036    -3.775     0.00    1.54
 206660.248    -3.777    -0.00    1.63
 207035.447    -3.728     0.13    1.33
 207410.634    -3.801    -0.19    1.34
 207785.808    -3.801     0.00    1.18
 208160.971    -3.725     0.20    1.11
 208536.121    -3.850    -0.33    1.24
 208911.260    -3.484     0.98    1.51
 209286.386    -3.094     1.04    1.76
 209661.500    -3.045     0.13    1.94
 210036.602    -2.850     0.52    1.85
 210411.692    -3.118    -0.72    1.72
 210786.769    -3.158    -0.11    2.20
 211161.835    -3.374    -0.58    2.51
 211536.888    -3.362     0.03    2.64
 211911.930    -3.945    -1.55    2.83
 212286.959    -4.000    -0.15    2.42
 212661.976    -3.955     0.12    2.31
 213036.981    -3.577     1.01    1.98
 213411.974    -3.075     1.34    1.12
 213786.955    -3.216    -0.38    1.13
 214161.924    -3.704    -1.30    1.48
 214536.880    -3.850    -0.39    1.41
 214911.825    -4.555    -1.88    1.72
 215286.757    -5.158    -1.61    1.99
 215661.678    -6.000    -2.25    2.33
 216036.586    -6.996    -2.66    2.41
 216411.482    -6.850     0.39    3.32
 216786.366    -5.826     2.73    4.53
 217161.238    -3.429     6.39    5.05
 217536.098    -1.850     4.21    4.62
 217910.946    -1.250     1.60    3.40
 218285.782    -2.606    -3.62    3.70
 218660.606    -5.045    -6.51    3.33
 219035.418    -6.606    -4.16    2.76
 219410.218    -7.475    -2.32    2.34
 219785.005    -7.275     0.53    2.46
 220159.781    -6.675     1.60    2.80
 220534.544    -5.923     2.01    2.72
 220909.296    -5.450     1.26    2.81
 221284.035    -5.313     0.36    2.79
 221658.763    -5.484    -0.46    2.76
 222033.478    -6.191    -1.89    2.85
 222408.182    -7.004    -2.17    2.59
 222782.873    -7.136    -0.35    2.41
 223157.552    -7.484    -0.93    2.24
 223532.220    -7.338     0.39    2.27
 223906.875    -7.225     0.30    2.56
 224281.518    -6.561     1.77    2.96
 224656.149    -5.532     2.75    3.61
 225030.769    -4.440     2.91    3.92
 225405.376    -3.070     3.66    4.06
 225779.971    -1.850     3.26    3.33
 226154.554    -1.081     2.05    2.30
 226529.126    -1.055     0.07    1.82
 226903.685    -2.745    -4.51    3.39
 227278.232    -5.000    -6.02    3.99
 227652.767    -7.094    -5.59    3.26
 228027.291    -7.216    -0.33    2.74
 228401.802    -5.921     3.46    2.90
 228776.301    -4.671     3.34    2.28
 229150.789    -3.948     1.93    1.41
 229525.264    -4.250    -0.81    1.19
 229901.888    -4.484    -0.62    1.20
 230278.757    -5.025    -1.43    1.87
 230655.614    -6.100    -2.85    2.15
 231032.458    -7.325    -3.25    2.00
 231409.291    -7.900    -1.53    2.21
 231786.111    -6.625     3.38    4.05
 232162.920    -4.850     4.71    4.54
 232539.716    -3.700     3.05    4.37
 232916.500    -3.240     1.22    3.95
 233293.272    -4.183    -2.50    3.97
 233670.032    -6.050    -4.95    3.72
 234046.779    -7.750    -4.51    2.58
 234423.515    -7.850    -0.27    2.18
 234800.239    -6.630     3.24    2.74
 235176.950    -5.564     2.83    2.60
 235553.650    -4.509     2.80    2.01
 235930.337    -4.209     0.80    1.60
 236307.012    -5.231    -2.71    2.26
 236683.675    -6.557    -3.52    2.54
 237060.326    -7.606    -2.78    2.22
 237436.965    -8.040    -1.15    2.04
 237813.592    -7.929     0.30    2.35
 238190.207    -7.757     0.46    2.50
 238566.810    -7.750     0.02    2.42
 238943.400    -7.899    -0.40    2.20
 239319.979    -7.777     0.32    2.33
 239696.545    -7.508     0.71    2.65
 240073.100    -7.160     0.92    2.91
 240449.642    -7.075     0.22    2.90
 240826.173    -6.969     0.28    2.89
 241202.691    -7.289    -0.85    2.63
 241579.198    -7.491    -0.54    2.52
 241955.692    -7.850    -0.95    2.24
 242332.174    -8.337    -1.29    1.73
 242708.644    -8.279     0.16    1.81
 243085.102    -8.600    -0.85    1.10
 243461.549    -8.850    -0.66    0.00
 243837.983    -8.850     0.00    0.00
 244214.405    -8.850     0.00    0.00
 244590.815    -8.550     0.80    1.34
 244967.213    -7.899     1.73    2.36
 245343.599    -7.216     1.81    2.97
 245719.973    -7.225    -0.02    2.82
 246096.335    -7.414    -0.50    2.46
 246472.685    -8.000    -1.56    1.89
 246849.023    -8.255    -0.68    1.61
 247225.349    -8.400    -0.39    1.41
 247601.663    -8.265     0.36    1.47
 247977.965    -8.000     0.70    1.70
 248354.255    -8.125    -0.33    1.58
 248730.534    -8.055     0.19    1.61
 249106.800    -8.509    -1.20    1.11
 249483.054    -8.630    -0.32    0.94
 249859.296    -8.750    -0.32    0.44
 250235.526    -8.850    -0.27    0.00
 250611.744    -8.850     0.00    0.00
 250987.950    -8.850     0.00    0.00
 251364.145    -8.850     0.00    0.00
 251740.327    -8.850     0.00    0.00
 252116.497    -8.850     0.00    0.00
 252492.656    -8.850     0.00    0.00
 252868.802    -8.850     0.00    0.00
 253244.937    -8.850     0.00    0.00
 253621.059    -8.850     0.00    0.00
 253997.170    -8.850     0.00    0.00
 254373.268    -8.850     0.00    0.00
 254749.355    -8.850     0.00    0.00
 255125.430    -8.850     0.00    0.00
 255501.493    -8.850     0.00    0.00
 255877.544    -8.850     0.00    0.00
 256253.583    -8.850     0.00    0.00
 256629.610    -8.850     0.00    0.00
 257005.625    -8.850     0.00    0.00
 257381.628    -8.850     0.00    0.00
 257757.619    -8.850     0.00    0.00
 258133.599    -8.850     0.00    0.00
 258509.566    -8.850     0.00    0.00
 258885.522    -8.850     0.00    0.00
 259261.465    -8.850     0.00    0.00
 259637.397    -8.850     0.00    0.00
 260013.317    -8.850     0.00    0.00
 260389.225    -8.850     0.00    0.00
 260765.121    -8.850     0.00    0.00
 261141.005    -8.850     0.00    0.00
 261516.878    -8.850     0.00    0.00
 261892.738    -8.850     0.00    0.00
 262268.586    -8.850     0.00    0.00
 262644.423    -8.850     0.00    0.00
 263020.248    -8.850     0.00    0.00
 263396.061    -8.850     0.00    0.00
 263771.862    -8.850     0.00    0.00
 264147.651    -8.850     0.00    0.00
 264523.428    -8.850     0.00    0.00
 264899.194    -8.850     0.00    0.00
 265274.948    -8.850     0.00    0.00
 265650.689    -8.850     0.00    0.00
 266026.419    -8.850     0.00    0.00
 266402.137    -8.850     0.00    0.00
 266777.843    -8.850     0.00    0.00
 267153.538    -8.850     0.00    0.00
 267529.220    -8.850     0.00    0.00
 267904.891    -8.850     0.00    0.00
 268280.550    -8.850     0.00    0.00
 268656.197    -8.850     0.00    0.00
 269031.832    -8.850     0.00    0.00
 269407.456    -8.850     0.00    0.00
 269783.067    -8.850     0.00    0.00
 270158.667    -8.850     0.00    0.00
 270534.255    -8.850     0.00    0.00
 270909.831    -8.850     0.00    0.00
 271285.395    -8.850     0.00    0.00
 271660.948    -8.850     0.00    0.00
 272036.488    -8.850     0.00    0.00
 272412.017    -8.850     0.00    0.00
 272787.534    -8.850     0.00    0.00
 273163.040    -8.850     0.00    0.00
 273538.533    -8.850     0.00    0.00
 273914.015    -8.850     0.00    0.00
 274289.485    -8.850     0.00    0.00
 274664.943    -8.850     0.00    0.00
 275040.389    -8.850     0.00    0.00
 275415.824    -8.850     0.00    0.00
 275791.247    -8.850     0.00    0.00
 276166.658    -8.850     0.00    0.00
 276542.057    -8.850     0.00    0.00
 276917.445    -8.850     0.00    0.00
 277292.820    -8.850     0.00    0.00
 277668.184    -8.850     0.00    0.00
 278043.537    -8.850     0.00    0.00
 278418.877    -8.850     0.00    0.00
 278794.206    -8.850     0.00    0.00
 279169.523    -8.850     0.00    0.00
 279544.828    -8.850     0.00    0.00
 279920.122    -8.850     0.00    0.00
 280295.403    -8.850     0.00    0.00
 280670.673    -8.850     0.00    0.00
 281045.932    -8.850     0.00    0.00
 281421.178    -8.850     0.00    0.00
 281796.413    -8.850     0.00    0.00
 282171.636    -8.850     0.00    0.00
 282546.847    -8.850     0.00    0.00
 282922.047    -8.850     0.00    0.00
 283297.235    -8.850     0.00    0.00
 283672.411    -8.850     0.00    0.00
 284047.576    -8.850     0.00    0.00
 284422.729    -8.850     0.00    0.00
 284797.870    -8.850     0.00    0.00
 285172.999    -8.850     0.00    0.00
 285548.117    -8.850     0.00    0.00
 285923.223    -8.850     0.00    0.00
 286298.317    -8.850     0.00    0.00
 286673.400    -8.850     0.00    0.00
 287048.471    -8.850     0.00    0.00
 287423.530    -8.850     0.00    0.00
 287798.577    -8.850     0.00    0.00
 288173.613    -8.850     0.00    0.00
 288548.638    -8.850     0.00    0.00
 288923.650    -8.850     0.00    0.00
 289298.651    -8.850     0.00    0.00
 289673.640    -8.850     0.00    0.00
 290048.618    -8.850     0.00    0.00
 290423.584    -8.850     0.00    0.00
 290798.538    -8.850     0.00    0.00
 291173.480    -8.850     0.00    0.00
 291548.411    -8.850     0.00    0.00
 291923.331    -8.850     0.00    0.00
 292298.238    -8.850     0.00    0.00
 292673.134    -8.850     0.00    0.00
 293048.018    -8.850     0.00    0.00
 293422.891    -8.850     0.00    0.00
 293797.752    -8.850     0.00    0.00
 294172.602    -8.850     0.00    0.00
 294547.439    -8.850     0.00    0.00
 294922.266    -8.850     0.00    0.00
 295297.080    -8.850     0.00    0.00
 295671.883    -8.850     0.00    0.00
 296046.674    -8.850     0.00    0.00
 296421.454    -8.850     0.00    0.00
 296796.222    -8.850     0.00    0.00
 297170.979    -8.850     0.00    0.00
 297545.723    -8.850     0.00    0.00
 297920.457    -8.850     0.00    0.00
 298295.178    -8.850     0.00    0.00
 298669.888    -8.850     0.00    0.00
 299044.587    -8.850     0.00    0.00
 299419.274    -8.850     0.00    0.00
 299793.949    -8.850     0.00    0.00
 300168.613    -8.850     0.00    0.00
 300543.265    -8.850     0.00    0.00
 300917.905    -8.850     0.00    0.00
 301292.534    -8.850     0.00    0.00
 301667.152    -8.850     0.00    0.00
 302041.757    -8.850     0.00    0.00
 302416.352    -8.850     0.00    0.00
 302790.934    -8.850     0.00    0.00
 303165.505    -8.850     0.00    0.00
 303540.065    -8.850     0.00    0.00
 303914.613    -8.850     0.00    0.00
 304289.149    -8.850     0.00    0.00
 304663.941    -8.850     0.00    0.00
 305040.781    -8.850     0.00    0.00
 305417.609    -8.850     0.00    0.00
 305794.426    -8.850     0.00    0.00
 306171.231    -8.850     0.00    0.00
 306548.024    -8.850     0.00    0.00
 306924.806    -8.850     0.00    0.00
 307301.576    -8.850     0.00    0.00
 307678.334    -8.850     0.00    0.00
 308055.081    -8.850     0.00    0.00
 308431.816    -8.850     0.00    0.00
 308808.539    -8.850     0.00    0.00
 309185.251    -8.850     0.00    0.00
 309561.950    -8.850     0.00    0.00
 309938.639    -8.850     0.00    0.00
 310315.315    -8.850     0.00    0.00
 310691.980    -8.850     0.00    0.00
 311068.633    -8.850     0.00    0.00
 311445.275    -8.850     0.00    0.00
 311821.905    -8.850     0.00    0.00
 312198.523    -8.850     0.00    0.00
 312575.130    -8.850     0.00    0.00
 312951.725    -8.850     0.00    0.00
 313328.308    -8.850     0.00    0.00
 313704.880    -8.850     0.00    0.00
 314081.440    -8.850     0.00    0.00
 314457.989    -8.850     0.00    0.00
 314834.526    -8.850     0.00    0.00
 315211.051    -8.850     0.00    0.00
 315587.565    -8.850     0.00    0.00
 315964.067    -8.850     0.00    0.00
 316340.557    -8.850     0.00    0.00
 316717.036    -8.850     0.00    0.00
 317093.503    -8.850     0.00    0.00
 317469.959    -8.850     0.00    0.00
 317846.402    -8.850     0.00    0.00
 318222.835    -8.850     0.00    0.00
 318599.256    -8.850     0.00    0.00
 318975.665    -8.850     0.00    0.00
 319352.062    -8.850     0.00    0.00
 319728.448    -8.850     0.00    0.00
 320104.823    -8.850     0.00    0.00
 320481.186    -8.850     0.00    0.00
 320857.537    -8.850     0.00    0.00
 321233.876    -8.850     0.00    0.00
 321610.205    -8.850     0.00    0.00
 321986.521    -8.850     0.00    0.00
 322362.826    -8.850     0.00    0.00
 322739.119    -8.850     0.00    0.00
 323115.401    -8.850     0.00    0.00
 323491.671    -8.850     0.00    0.00
 323867.930    -8.850     0.00    0.00
 324244.177    -8.850     0.00    0.00
 324620.413    -8.850     0.00    0.00
 324996.637    -8.850     0.00    0.00
 325372.849    -8.850     0.00    0.00
 325749.050    -8.850     0.00    0.00
 326125.240    -8.850     0.00    0.00
 326501.418    -8.850     0.00    0.00
 326877.584    -8.850     0.00    0.00
 327253.739    -8.850     0.00    0.00
 327629.882    -8.850     0.00    0.00
 328006.014    -8.850     0.00    0.00
 328382.134    -8.850     0.00    0.00
 328758.243    -8.850     0.00    0.00
 329134.340    -8.850     0.00    0.00
 329510.426    -8.850     0.00    0.00
 329886.500    -8.850     0.00    0.00
 330262.563    -8.850     0.00    0.00
 330638.614    -8.850     0.00    0.00
 331014.653    -8.850     0.00    0.00
 331390.681    -8.850     0.00    0.00
 331766.698    -8.850     0.00    0.00
 332142.703    -8.850     0.00    0.00
 332518.697    -8.850     0.00    0.00
 332894.679    -8.850     0.00    0.00
 333270.650    -8.850     0.00    0.00
 333646.609    -8.850     0.00    0.00
 334022.557    -8.850     0.00    0.00
 334398.493    -8.850     0.00    0.00
 334774.418    -8.850     0.00    0.00
 335150.331    -8.850     0.00    0.00
 335526.233    -8.850     0.00    0.00
 335902.123    -8.850     0.00    0.00
 336278.002    -8.850     0.00    0.00
 336653.870    -8.850     0.00    0.00
 337029.726    -8.850     0.00    0.00
 337405.570    -8.850     0.00    0.00
 337781.403    -8.850     0.00    0.00
 338157.225    -8.850     0.00    0.00
 338533.035    -8.850     0.00    0.00
 338908.834    -8.850     0.00    0.00
 339284.621    -8.850     0.00    0.00
 339660.397    -8.850     0.00    0.00
 340036.162    -8.850     0.00    0.00
 340411.915    -8.850     0.00    0.00
 340787.656    -8.850     0.00    0.00
