# NaN NaN NaN ;Mean Elev.(m), Avg Gradient(m/km), RMS Gradient(m/km) - SRTM1     
#   33.857  -0.113   1.810 ;Mean Elev.(m), Avg Gradient(m/km), RMS Gradient(m/km) - ASTER GDEM
#   39.328  -0.170   1.624 ;Mean Elev.(m), Avg Gradient(m/km), RMS Gradient(m/km) - GMTED2010 
  7    41.917 52467.65203334 48.32  91.069339  26.231430 30.841
  7    41.827 52467.65203398 48.36  91.068489  26.234730 30.841
  7    41.832 52467.65203463 47.37  91.067649  26.238020 30.841
  7    41.886 52467.65203527 47.75  91.066799  26.241310 30.841
  7    41.902 52467.65203592 48.31  91.065959  26.244600 30.841
  8    41.658 52502.65202395 46.48  91.069819  26.232866 32.404
  8    41.642 52502.65202459 46.74  91.068978  26.236163 41.200
  8    41.567 52502.65202524 43.02  91.068128  26.239453 41.200
  8    41.557 52502.65202588 43.15  91.067288  26.242743 41.200
  8    41.554 52502.65202653 43.33  91.066438  26.246033 41.200
  9    40.073 52537.65200937 48.78  91.065777  26.234514 43.841
  9    40.122 52537.65201002 51.31  91.064927  26.237804 43.841
  9    40.061 52537.65201066 52.69  91.064077  26.241094 43.841
  9    40.747 52537.65201131 46.92  91.063237  26.244394 43.841
 10    38.421 52572.65204767 46.21  91.066894  26.232517 42.666
 10    38.420 52572.65204831 52.67  91.066054  26.235817 42.666
 10    38.421 52572.65204896 53.12  91.065204  26.239107 42.666
 10    38.430 52572.65204960 53.90  91.064364  26.242397 42.666
 11    36.447 52607.65200462 33.60  91.074399  26.230528 33.292
 11    36.662 52607.65200526 36.22  91.073559  26.233824 30.553
 11    36.935 52607.65200719 49.58  91.071019  26.243694 30.553
 11    37.050 52607.65200784 39.25  91.070179  26.246994 30.553
 12    35.943 52642.65200277 33.97  91.066992  26.232544 20.787
 12    35.949 52642.65200341 35.81  91.066142  26.235834 20.787
 12    36.174 52642.65200406 47.48  91.065302  26.239124 20.787
 12    36.412 52642.65200470 52.60  91.064452  26.242414 20.787
 13    35.675 52677.65198702 34.08  91.074727  26.231422 31.433
 13    35.958 52677.65198766 43.05  91.073877  26.234712 31.433
 13    35.881 52677.65198960 47.69  91.071347  26.244590 29.993
 14    36.189 52712.65202232 35.20  91.065744  26.234458 21.452
 14    36.142 52712.65202296 38.91  91.064894  26.237748 21.452
 14    36.084 52712.65202361 42.93  91.064054  26.241048 21.452
 14    35.963 52712.65202425 45.92  91.063204  26.244338 21.452
 16    38.960 52782.65198949 52.11  91.063188  26.238461 34.908
 16    38.809 52782.65199014 47.33  91.062338  26.241751 34.908
 16    40.526 52782.65199078 45.87  91.061488  26.245051 34.908
 17    41.055 52817.65206791 48.54  91.062931  26.237809 39.394
 17    41.047 52817.65206855 46.77  91.062081  26.241099 39.394
 17    41.201 52817.65206920 46.55  91.061241  26.244399 39.394
 18    41.397 52852.65211706 48.65  91.069184  26.233469 37.203
 18    41.335 52852.65211770 45.51  91.068334  26.236759 37.203
 18    41.328 52852.65211835 46.35  91.067494  26.240049 37.203
 18    41.339 52852.65211899 45.93  91.066644  26.243339 37.203
 20    40.829 52922.65210513 40.92  91.072275  26.230663 37.771
 20    40.787 52922.65210578 41.32  91.071425  26.233953 37.771
 20    40.769 52922.65210642 51.04  91.070585  26.237243 37.771
 20    40.811 52922.65210707 50.39  91.069735  26.240543 37.771
 20    40.814 52922.65210771 48.73  91.068895  26.243833 37.771
 21    37.986 52957.65207105 45.16  91.073552  26.232564 33.702
 21    38.057 52957.65207298 50.74  91.071012  26.242434 33.702
 21    38.113 52957.65207363 46.63  91.070172  26.245724 33.702
 22    36.644 52992.65209412 34.25  91.073076  26.231977 39.035
 22    36.580 52992.65209476 51.50  91.072226  26.235267 39.035
 22    36.610 52992.65209670 51.90  91.069696  26.245137 39.035
 23    35.258 53027.65205925 31.63  91.078589  26.230371 29.272
 23    35.863 53027.65205989 36.73  91.077739  26.233661 29.272
 24    35.494 53062.65206812 34.95  91.076031  26.231623 30.074
 24    35.790 53062.65206876 42.28  91.075181  26.234913 30.074
 25    38.698 53097.65208925 45.50  91.066247  26.234440 23.499
 25    38.764 53097.65208989 47.27  91.065407  26.237730 23.499
 25    38.675 53097.65209054 51.32  91.064557  26.241020 23.499
 25    38.643 53097.65209118 48.77  91.063717  26.244320 23.499
 26    38.209 53132.65206518 36.76  91.078015  26.229206 27.491
 26    38.323 53132.65206582 44.93  91.077175  26.232496 27.491
 28    42.645 53202.65214259 46.33  91.068521  26.232634 34.335
 28    42.579 53202.65214324 44.11  91.067671  26.235924 34.335
 28    42.539 53202.65214388 44.23  91.066831  26.239214 34.335
 28    42.622 53202.65214453 43.20  91.065981  26.242504 34.335
 28    42.606 53202.65214517 45.37  91.065141  26.245804 34.335
 29    40.762 53237.65211053 48.00  91.079113  26.230213 38.869
 29    40.769 53237.65211117 52.62  91.078263  26.233513 38.869
 30    39.804 53272.65206929 47.52  91.068785  26.233057 36.526
 30    39.829 53272.65206993 47.45  91.067935  26.236347 36.526
 30    39.858 53272.65207058 44.52  91.067095  26.239637 36.526
 30    39.878 53272.65207122 45.51  91.066245  26.242927 36.526
 32    36.772 53342.65209813 38.90  91.071230  26.231796 34.548
 32    36.909 53342.65209878 49.16  91.070380  26.235086 34.548
 32    36.882 53342.65209942 48.96  91.069540  26.238376 34.548
 32    36.864 53342.65210007 52.17  91.068690  26.241666 34.548
 32    36.975 53342.65210071 48.98  91.067850  26.244966 34.548
 34    36.133 53412.65207369 34.32  91.074604  26.231107 28.281
 34    36.111 53412.65207434 45.27  91.073754  26.234397 28.281
 34    36.175 53412.65207627 48.47  91.071224  26.244277 28.281
 34    36.190 53412.65207692 43.21  91.070374  26.247567 28.281
 35    37.866 53447.65206081 44.69  91.065537  26.235071 25.485
 35    38.013 53447.65206145 47.99  91.064697  26.238361 25.485
 35    37.797 53447.65206209 44.37  91.063847  26.241661 25.485
 35    37.873 53447.65206274 44.69  91.063007  26.244951 25.485
 37    39.392 53517.65214641 45.68  91.071874  26.230696 33.493
 37    39.284 53517.65214705 49.61  91.071024  26.233986 33.493
 37    39.312 53517.65214770 46.07  91.070184  26.237286 33.493
 37    39.294 53517.65214834 42.24  91.069334  26.240576 33.493
 37    39.342 53517.65214899 48.26  91.068494  26.243866 33.493
 39    40.765 53587.65211923 48.07  91.076036  26.231761 34.127
 39    40.768 53587.65211988 49.57  91.075196  26.235058 41.762
 41    38.938 53657.65211612 50.88  91.066434  26.233281 37.100
 41    38.979 53657.65211676 50.91  91.065584  26.236581 37.100
 41    39.016 53657.65211741 47.15  91.064734  26.239871 37.100
 41    39.061 53657.65211805 49.20  91.063894  26.243161 37.100
 42    37.016 53692.65209955 34.54  91.069559  26.234041 37.004
 42    37.096 53692.65210019 45.03  91.068719  26.237331 37.004
 42    37.185 53692.65210084 47.44  91.067869  26.240621 37.004
 42    37.275 53692.65210148 49.33  91.067019  26.243911 37.004
 44    35.120 53762.65197829 33.12  91.075434  26.231537 25.372
 44    35.686 53762.65197894 36.05  91.074594  26.234827 25.372
 45    36.235 53797.65198909 32.46  91.076784  26.230627 25.434
 45    36.533 53797.65198973 37.03  91.075934  26.233917 25.434
 47    38.289 53867.65204949 15.75  91.066033  26.235135  6.528
 47    38.225 53867.65205013 16.31  91.065183  26.238425  6.528
 47    38.706 53867.65205078 15.30  91.064333  26.241721 19.724
 47    39.382 53867.65205142 16.88  91.063493  26.245011 19.724
 48    41.531 53902.65208039 44.82  91.067918  26.234907 32.431
 48    41.558 53902.65208104 47.19  91.067078  26.238197 32.431
 48    41.745 53902.65208168 46.40  91.066228  26.241487 32.431
 48    41.638 53902.65208233 43.47  91.065388  26.244777 32.431
 50    39.652 53972.65208103 50.22  91.067843  26.234670 35.642
 50    39.671 53972.65208167 52.35  91.066993  26.237960 35.642
 50    39.692 53972.65208232 51.62  91.066153  26.241250 35.642
 50    39.712 53972.65208296 48.08  91.065303  26.244540 35.642
 51    39.674 54007.65206762 49.95  91.068713  26.233613 36.163
 51    39.685 54007.65206826 51.11  91.067869  26.236909 44.636
 51    39.697 54007.65206891 51.50  91.067019  26.240199 44.636
 51    39.703 54007.65206955 52.80  91.066169  26.243489 44.636
 52    37.361 54042.65209097 44.48  91.074019  26.230986 26.028
 52    37.317 54042.65209161 51.59  91.073179  26.234276 26.028
 52    37.462 54042.65209354 51.96  91.070639  26.244146 26.028
 52    37.466 54042.65209419 46.49  91.069787  26.247443 37.279
 53    36.370 54077.65208513 53.72  91.071885  26.233125 25.037
 53    36.444 54077.65208577 50.45  91.071045  26.236415 25.037
 53    36.431 54077.65208642 45.78  91.070195  26.239705 25.037
 53    36.393 54077.65208706 48.46  91.069355  26.242995 25.037
 53    36.377 54077.65208771 46.68  91.068505  26.246285 25.037
 54    35.764 54112.65202386 36.12  91.073958  26.230824 24.037
 54    35.788 54112.65202450 50.31  91.073108  26.234124 24.037
 54    35.688 54112.65202643 55.13  91.070578  26.243994 24.037
 54    35.588 54112.65202708 46.19  91.069738  26.247284 24.037
 55    35.724 54147.65202905 43.47  91.068344  26.233366 19.119
 55    35.507 54147.65202969 50.28  91.067494  26.236656 19.119
 55    35.731 54147.65203034 39.36  91.066654  26.239946 19.119
 55    35.430 54147.65203098 39.18  91.065804  26.243246 19.119
 56    36.328 54182.65201195 35.29  91.073971  26.230199 23.664
 56    36.331 54182.65201260 50.36  91.073121  26.233489 23.664
 56    36.217 54182.65201453 50.41  91.070591  26.243369 23.664
 56    36.162 54182.65201518 45.94  91.069741  26.246659 23.664
 57    39.240 54217.65203762 29.61  91.067266  26.233975 11.453
 57    39.135 54217.65203826 31.96  91.066416  26.237265 11.453
 57    39.445 54217.65203890 33.22  91.065566  26.240565 11.453
 57    39.544 54217.65203955 37.24  91.064726  26.243855 11.453
 58    39.267 54252.65206364 32.09  91.068454  26.234571 21.948
 58    39.697 54252.65206429 34.15  91.067604  26.237871 21.948
 58    39.897 54252.65206493 39.96  91.066764  26.241161 21.948
 58    40.012 54252.65206558 40.40  91.065914  26.244451 21.948
 59    40.952 54287.65206745 35.48  91.072746  26.231832 25.012
 59    40.870 54287.65206809 23.56  91.071906  26.235122 25.012
 59    40.449 54287.65206874 22.03  91.071056  26.238412 25.012
 59    40.761 54287.65206938 22.33  91.070216  26.241702 25.012
 59    41.410 54287.65207003 27.24  91.069366  26.244992 25.012
 60    41.199 54322.65206453 45.02  91.072240  26.231946 31.960
 60    41.207 54322.65206518 44.60  91.071400  26.235236 31.960
 60    41.020 54322.65206582 36.37  91.070550  26.238526 31.960
 60    40.676 54322.65206647 32.56  91.069710  26.241816 31.960
 60    41.292 54322.65206711 32.04  91.068860  26.245116 31.960
 61    42.260 54357.65202222 52.34  91.075432  26.229770 32.217
 61    42.255 54357.65202287 43.52  91.074582  26.233060 32.217
 62    38.866 54392.65200534 31.69  91.070630  26.233959 27.311
 62    38.784 54392.65200599 25.99  91.069790  26.237259 27.311
 62    38.780 54392.65200663 24.14  91.068940  26.240549 27.311
 62    39.689 54392.65200728 24.23  91.068100  26.243839 27.311
 63    36.990 54427.65197281 46.57  91.073070  26.232976 34.380
 63    36.913 54427.65197474 48.95  91.070530  26.242846 34.380
 63    36.933 54427.65197539 37.63  91.069690  26.246136 34.380
 64    35.684 54462.65198323 44.49  91.069945  26.233452 22.522
 64    35.716 54462.65198388 42.27  91.069095  26.236752 22.522
 64    35.480 54462.65198452 40.04  91.068255  26.240042 22.522
 64    35.532 54462.65198517 34.94  91.067405  26.243332 22.522
 65    35.869 54497.65198114 45.43  91.073353  26.232037 26.797
 65    35.809 54497.65198179 48.52  91.072503  26.235327 26.797
 65    35.687 54497.65198372 47.30  91.069973  26.245207 26.797
 66    35.937 54532.65199654 49.10  91.071517  26.233569 26.647
 66    35.964 54532.65199719 48.25  91.070677  26.236859 26.647
 66    35.845 54532.65199783 46.09  91.069827  26.240149 26.647
 66    35.863 54532.65199848 45.94  91.068987  26.243449 26.647
 66    35.523 54532.65199912 36.27  91.068137  26.246739 26.647
 67    37.349 54567.65198583 47.38  91.074403  26.231136 21.523
 67    37.352 54567.65198647 48.06  91.073563  26.234426 21.523
 67    37.346 54567.65198841 48.37  91.071023  26.244306 21.523
 67    37.454 54567.65198905 47.87  91.070183  26.247596 21.523
 68    38.334 54602.65199208 28.21  91.069455  26.232778 23.862
 68    38.226 54602.65199273 27.23  91.068615  26.236068 23.862
 68    38.186 54602.65199337 27.02  91.067765  26.239358 23.862
 68    38.367 54602.65199401 35.42  91.066915  26.242648 23.862
 68    38.412 54602.65199466 41.79  91.066075  26.245938 23.862
 69    41.018 54637.65200293 31.59  91.069716  26.232718 34.411
 69    40.530 54637.65200358 34.26  91.068866  26.236018 34.411
 69    40.670 54637.65200422 35.10  91.068026  26.239308 34.411
 69    40.883 54637.65200487 43.24  91.067176  26.242598 34.411
 69    40.921 54637.65200551 42.44  91.066336  26.245888 34.411
 70    42.043 54672.65200596 43.84  91.070214  26.231597 33.982
 70    42.042 54672.65200660 46.72  91.069374  26.234887 33.982
 70    42.058 54672.65200724 47.67  91.068524  26.238177 33.982
 70    42.022 54672.65200789 44.95  91.067684  26.241467 33.982
 70    42.042 54672.65200853 44.42  91.066834  26.244757 33.982
 71    41.897 54707.65196522 53.42  91.074524  26.231686 44.297
 71    41.905 54707.65196586 54.31  91.073684  26.234976 44.297
 71    42.032 54707.65196780 46.80  91.071144  26.244856 44.297
 72    39.501 54742.65197120 49.75  91.070152  26.231152 40.744
 72    39.423 54742.65197185 50.28  91.069302  26.234442 40.744
 72    39.343 54742.65197249 46.17  91.068462  26.237732 40.744
 72    39.381 54742.65197314 49.03  91.067612  26.241022 40.744
 72    39.401 54742.65197378 50.78  91.066772  26.244322 40.744
 73    37.344 54777.65194657 50.39  91.073511  26.232407 34.536
 73    37.381 54777.65194915 50.22  91.070131  26.245567 34.536
 74    35.704 54812.65196503 48.77  91.068570  26.233889 25.210
 74    35.700 54812.65196567 48.71  91.067720  26.237179 25.210
 74    35.704 54812.65196632 48.29  91.066880  26.240469 25.210
 74    35.640 54812.65196696 43.82  91.066030  26.243769 25.210
 75    35.369 54847.65194711 47.20  91.072403  26.232493 24.041
 75    35.014 54847.65194775 45.77  91.071553  26.235783 24.041
 75    35.023 54847.65194840 46.23  91.070713  26.239073 24.041
 75    35.027 54847.65194904 50.46  91.069863  26.242363 24.041
 75    35.027 54847.65194969 41.64  91.069023  26.245653 24.041
 76    35.222 54882.65196825 30.17  91.068434  26.233685 23.153
 76    34.749 54882.65196890 30.89  91.067584  26.236975 23.153
 76    34.638 54882.65196954 31.07  91.066744  26.240265 23.153
 76    34.885 54882.65197019 30.81  91.065894  26.243555 23.153
 77    35.640 54917.65194920 47.17  91.071929  26.230788 22.088
 77    35.507 54917.65194984 44.81  91.071089  26.234078 22.088
 77    35.677 54917.65195049 50.26  91.070239  26.237378 22.088
 77    35.595 54917.65195113 50.24  91.069399  26.240668 22.088
 77    35.521 54917.65195178 48.01  91.068549  26.243958 22.088
 78    37.787 54952.65196275 20.81  91.068261  26.233790  9.074
 78    37.604 54952.65196340 23.01  91.067414  26.237087 14.791
 78    37.643 54952.65196404 23.04  91.066574  26.240377 14.791
 78    38.829 54952.65196469 22.98  91.065724  26.243667 14.791
 79    38.765 54987.65198728 48.58  91.066736  26.234951 23.884
 79    38.666 54987.65198792 46.00  91.065886  26.238241 23.884
 79    38.710 54987.65198857 47.69  91.065046  26.241541 23.884
 79    38.895 54987.65198921 45.71  91.064196  26.244831 23.884
 80    41.154 55022.65197872 39.49  91.072769  26.232885 25.575
 80    41.212 55022.65198065 31.19  91.070229  26.242755 25.575
 80    41.377 55022.65198130 32.77  91.069389  26.246055 25.575
 81    41.389 55057.65197476 48.51  91.071765  26.232365 40.808
 81    41.384 55057.65197540 47.68  91.070925  26.235655 40.808
 81    41.389 55057.65197605 48.41  91.070075  26.238945 40.808
 81    41.399 55057.65197669 44.54  91.069235  26.242235 40.808
 81    41.422 55057.65197734 48.32  91.068385  26.245525 40.808
 82    39.258 55092.65193012 28.90  91.073254  26.230818 27.633
 82    39.327 55092.65193077 30.00  91.072404  26.234108 27.633
 82    39.036 55092.65193141 26.04  91.071564  26.237398 27.633
 82    39.518 55092.65193206 23.02  91.070714  26.240698 27.633
 82    40.045 55092.65193270 24.60  91.069874  26.243988 27.633
 82    39.553 55092.65193335 37.20  91.069024  26.247278 27.633
 83    38.287 55127.65191429 34.50  91.070784  26.231071 27.832
 83    38.236 55127.65191494 39.04  91.069934  26.234361 27.832
 83    38.196 55127.65191558 30.63  91.069094  26.237651 27.832
 83    38.198 55127.65191623 24.27  91.068244  26.240941 27.832
 83    38.652 55127.65191687 31.57  91.067404  26.244241 27.832
 84    36.690 55162.65189173 45.73  91.071641  26.233260 28.294
 84    36.582 55162.65189237 42.27  91.070801  26.236560 28.294
 84    36.607 55162.65189302 51.88  91.069951  26.239850 28.294
 84    36.617 55162.65189366 47.80  91.069111  26.243140 28.294
 84    36.537 55162.65189431 41.56  91.068261  26.246430 28.294
 85    35.812 55197.65190603 46.47  91.068678  26.232456 25.259
 85    35.818 55197.65190667 51.79  91.067838  26.235746 25.259
 85    35.808 55197.65190731 48.88  91.066988  26.239036 25.259
 85    35.822 55197.65190796 49.04  91.066148  26.242336 25.259
 85    35.650 55197.65190860 35.45  91.065298  26.245626 25.259
 86    35.284 55232.65189578 34.24  91.072075  26.233169 26.088
 86    35.592 55232.65189642 42.14  91.071225  26.236469 26.088
 86    35.533 55232.65189707 49.32  91.070385  26.239759 26.088
 86    35.482 55232.65189771 51.56  91.069535  26.243049 26.088
 86    35.457 55232.65189836 42.49  91.068695  26.246339 26.088
 87    36.343 55267.65190010 35.86  91.071016  26.230991 28.309
 87    36.233 55267.65190075 37.12  91.070166  26.234281 28.309
 87    36.505 55267.65190139 42.13  91.069326  26.237571 28.309
 87    36.492 55267.65190204 44.82  91.068476  26.240861 28.309
 87    36.510 55267.65190268 49.01  91.067636  26.244151 28.309
 89    40.614 55337.65187488 46.80  91.070947  26.231901 38.374
 89    40.608 55337.65187553 50.98  91.070097  26.235191 38.374
 89    40.594 55337.65187617 49.42  91.069257  26.238481 38.374
 89    40.577 55337.65187681 48.93  91.068407  26.241771 38.374
 89    40.727 55337.65187746 50.57  91.067567  26.245061 38.374
 90    41.750 55372.65186463 49.18  91.072515  26.231896 37.518
 90    41.752 55372.65186527 52.12  91.071675  26.235186 37.518
 90    41.756 55372.65186592 51.08  91.070825  26.238476 37.518
 90    41.767 55372.65186656 52.42  91.069985  26.241766 37.518
 90    41.771 55372.65186721 49.29  91.069135  26.245056 37.518
 91    41.812 55407.65188497 48.93  91.071716  26.231089 37.248
 91    41.786 55407.65188562 47.27  91.070866  26.234379 37.248
 91    41.776 55407.65188626 53.47  91.070026  26.237669 37.248
 91    41.780 55407.65188691 48.42  91.069176  26.240959 37.248
 91    41.803 55407.65188755 46.22  91.068336  26.244259 37.248
 92    41.865 55442.65188397 36.29  91.071768  26.233484 32.660
 92    41.875 55442.65188461 37.83  91.070928  26.236774 32.660
 92    41.520 55442.65188525 39.25  91.070078  26.240064 32.660
 92    41.503 55442.65188590 31.99  91.069238  26.243354 32.660
 92    41.820 55442.65188654 36.33  91.068388  26.246644 32.660
 93    40.948 55477.65182317 23.11  91.075842  26.230645 31.545
 93    40.512 55477.65182381 20.89  91.075002  26.233935 31.545
