# NaN NaN NaN ;Mean Elev.(m), Avg Gradient(m/km), RMS Gradient(m/km) - SRTM1     
#   71.267  -0.353   4.800 ;Mean Elev.(m), Avg Gradient(m/km), RMS Gradient(m/km) - ASTER GDEM
#   81.000  -0.585   2.205 ;Mean Elev.(m), Avg Gradient(m/km), RMS Gradient(m/km) - GMTED2010 
  8  93.794516  26.832542    79.603    79.603  2 52496.64414838 43.681
 14  93.790449  26.828924    73.681    73.681  2 52706.64413554 27.423
 16  93.797042  26.831916    78.059    78.059  2 52776.64411144 28.461
 18  93.787549  26.828756    79.080    79.080  2 52846.64424398 36.118
 19  93.788109  26.828585    79.079    79.079  2 52881.64428074 33.907
 20  93.794556  26.832234    79.211    79.211  2 52916.64423833 45.674
 22  93.796962  26.832120    75.674    75.167  3 52986.64421641 34.214
 23  93.795413  26.832612    74.271    74.271  2 53021.64420591 30.363
 26  93.791507  26.829543    78.216    78.216  2 53126.64420437 27.380
 29  93.797365  26.832127    78.721    78.614  3 53231.64424731 44.791
 30  93.793156  26.830365    79.632    79.632  2 53266.64421655 40.375
 32  93.790914  26.829734    74.628    74.628  2 53336.64423880 31.604
 33  93.795702  26.832401    74.543    74.543  2 53371.64417548 45.042
 34  93.791633  26.828741    74.376    74.376  2 53406.64421127 38.358
 35  93.793914  26.831329    76.229    76.229  2 53441.64419759 39.125
 39  93.791792  26.830413    79.888    79.888  2 53581.64426853 40.550
 43  93.796503  26.830825    74.952    74.952  2 53721.64417019 46.701
 44  93.795580  26.831486    74.765    74.765  2 53756.64410083 43.710
 46  93.792094  26.830670    75.333    75.333  2 53826.64408955 32.007
 48  93.790912  26.829896    78.542    78.542  2 53896.64419922 38.728
 52  93.792636  26.829252    75.078    75.078  2 54036.64422686 43.228
 54  93.793079  26.831404    74.331    74.331  2 54106.64417249 29.459
 56  93.792226  26.829536    74.352    74.352  2 54176.64415373 33.386
 57  93.788486  26.829202    75.731    75.731  2 54211.64416195 22.852
 60  93.793083  26.830805    79.860    79.860  2 54316.64420048 44.771
 61  93.793507  26.829821    80.461    80.461  2 54351.64416715 44.398
 65  93.793117  26.830351    74.057    74.057  2 54491.64411866 40.038
 67  93.792492  26.830319    75.803    75.803  2 54561.64412709 44.430
 69  93.789933  26.829086    78.869    78.869  2 54631.64413483 39.541
 70  93.789701  26.828388    79.026    79.026  2 54666.64414068 41.767
 71  93.794432  26.830815    79.774    79.774  2 54701.64410906 46.224
 79  93.789601  26.829522    76.916    76.916  2 54981.64411509 39.595
 81  93.792432  26.829311    78.901    78.901  2 55051.64411012 46.160
 83  93.790829  26.829857    76.048    76.048  2 55121.64404439 42.791
 85  93.788374  26.829153    73.396    73.396  2 55191.64403408 43.914
 89  93.789641  26.828566    78.944    78.944  2 55331.64401002 42.219
 92  93.793309  26.830428    79.551    79.551  2 55436.64402026 44.662
