# NaN NaN NaN ;Mean Elev.(m), Avg Gradient(m/km), RMS Gradient(m/km) - SRTM1     
#   32.454   0.163   2.467 ;Mean Elev.(m), Avg Gradient(m/km), RMS Gradient(m/km) - ASTER GDEM
#   37.596   0.064   1.430 ;Mean Elev.(m), Avg Gradient(m/km), RMS Gradient(m/km) - GMTED2010 
  7    40.856 52458.17566388 45.41  91.008447  26.224268 25.953
  7    40.739 52458.17566452 45.55  91.007607  26.220978 25.953
  7    40.861 52458.17566517 47.94  91.006757  26.217678 25.953
  7    40.730 52458.17566581 43.18  91.005917  26.214388 25.953
  7    40.732 52458.17566645 42.34  91.005067  26.211098 25.953
  8    41.052 52493.17564171 44.64  91.015340  26.225426 33.553
  8    41.040 52493.17564235 47.71  91.014490  26.222126 33.553
  8    41.053 52493.17564300 41.53  91.013650  26.218836 33.553
  8    40.876 52493.17564364 40.36  91.012800  26.215546 33.553
  8    40.850 52493.17564428 39.53  91.011960  26.212256 33.553
 10    38.448 52563.17566136 42.06  91.014299  26.226054 30.410
 10    38.622 52563.17566200 36.58  91.013459  26.222764 30.410
 10    38.322 52563.17566265 47.65  91.012609  26.219474 30.410
 10    38.252 52563.17566329 46.92  91.011769  26.216184 30.410
 10    38.448 52563.17566394 49.97  91.010919  26.212884 30.410
 12    35.564 52633.17562968 44.86  91.008859  26.224642 27.125
 12    35.572 52633.17563033 42.61  91.008009  26.221352 27.125
 12    35.690 52633.17563097 52.20  91.007169  26.218062 27.125
 12    35.566 52633.17563161 51.66  91.006319  26.214772 27.125
 12    35.706 52633.17563226 50.52  91.005479  26.211472 27.125
 13    34.968 52668.17564521 34.74  91.006761  26.226858 21.625
 13    34.883 52668.17564585 41.68  91.005911  26.223568 21.625
 13    35.042 52668.17564650 47.49  91.005071  26.220278 21.625
 13    35.022 52668.17564714 49.74  91.004221  26.216978 21.625
 13    35.060 52668.17564779 46.14  91.003381  26.213688 21.625
 13    35.117 52668.17564843 47.10  91.002531  26.210398 21.625
 14    39.413 52703.17562260 17.01  91.016471  26.224393  8.209
 14    38.107 52703.17562325 19.87  91.015621  26.221103  8.209
 14    37.147 52703.17562389 20.82  91.014781  26.217813  8.209
 14    38.837 52703.17562454 16.83  91.013931  26.214523  8.209
 14    38.645 52703.17562518 16.45  91.013091  26.211233  8.209
 16    38.105 52773.17562083 40.57  91.009075  26.224081 25.806
 16    37.970 52773.17562147 39.52  91.008225  26.220791 25.806
 16    38.156 52773.17562212 49.91  91.007385  26.217491 25.806
 16    38.107 52773.17562276 48.77  91.006535  26.214201 25.806
 16    38.192 52773.17562341 44.76  91.005695  26.210911 25.806
 17    40.591 52808.17568525 44.72  91.008035  26.224053 30.974
 17    40.546 52808.17568589 39.79  91.007185  26.220763 30.974
 17    40.462 52808.17568654 38.37  91.006345  26.217473 30.974
 17    40.417 52808.17568718 39.64  91.005495  26.214183 30.974
 17    40.507 52808.17568783 38.16  91.004655  26.210883 30.974
 18    41.218 52843.17574283 40.25  91.010211  26.224802 30.235
 18    41.129 52843.17574347 38.71  91.009361  26.221502 30.235
 18    41.029 52843.17574412 37.65  91.008511  26.218212 30.235
 18    40.947 52843.17574476 36.84  91.007671  26.214922 30.235
 18    41.321 52843.17574541 36.81  91.006821  26.211632 30.235
 19    40.474 52878.17578085 34.38  91.007864  26.226637 30.727
 19    40.386 52878.17578149 31.40  91.007014  26.223337 30.727
 19    39.994 52878.17578213 27.26  91.006174  26.220047 30.727
 19    39.894 52878.17578278 26.99  91.005324  26.216757 30.727
 19    39.963 52878.17578342 26.38  91.004474  26.213467 30.727
 19    40.359 52878.17578407 26.44  91.003634  26.210177 30.727
 20    39.945 52913.17573954 25.08  91.012054  26.223627 18.553
 20    39.982 52913.17574018 26.46  91.011214  26.220327 18.553
 20    39.968 52913.17574083 24.66  91.010364  26.217037 18.553
 20    39.711 52913.17574147 23.84  91.009524  26.213747 18.553
 21    38.164 52948.17569698 48.69  91.016995  26.225455 37.427
 21    38.083 52948.17569763 50.75  91.016145  26.222165 37.427
 21    37.987 52948.17569827 50.17  91.015301  26.218865 38.339
 21    37.909 52948.17569892 52.77  91.014461  26.215575 38.339
 21    37.834 52948.17569956 48.53  91.013611  26.212285 38.339
 23    35.003 53018.17572361 43.52  91.006928  26.225506 22.738
 23    35.293 53018.17572425 37.88  91.006078  26.222216 22.738
 23    35.233 53018.17572490 43.14  91.005238  26.218926 22.738
 23    35.240 53018.17572554 33.93  91.004388  26.215636 22.738
 23    34.880 53018.17572619 26.80  91.003548  26.212346 22.738
 23    34.788 53018.17572683 22.13  91.002698  26.209046 22.738
 24    34.820 53053.17570516 38.32  91.014560  26.226433 27.649
 24    35.277 53053.17570580 47.79  91.013720  26.223143 27.649
 24    35.079 53053.17570645 48.84  91.012870  26.219853 27.649
 24    35.201 53053.17570709 47.85  91.012030  26.216563 27.649
 24    35.074 53053.17570774 41.72  91.011180  26.213263 27.649
 25    40.771 53088.17574243 27.29  90.998608  26.227553 25.297
 25    35.376 53088.17574308 32.65  90.997758  26.224263 25.297
 26    39.222 53123.17571264 17.23  91.009722  26.223785  9.642
 26    38.425 53123.17571328 19.02  91.008872  26.220495  9.642
 26    38.096 53123.17571392 17.60  91.008032  26.217205  9.642
 26    38.688 53123.17571457 17.64  91.007182  26.213905  9.642
 26    38.526 53123.17571521 18.86  91.006342  26.210615  9.642
 27    41.334 53158.17576923 44.03  91.003915  26.229746 26.152
 27    41.532 53158.17576988 42.71  91.003075  26.226456 26.152
 27    39.049 53158.17577052 46.77  91.002225  26.223156 26.152
 27    38.817 53158.17577181 31.75  91.000535  26.216576 26.152
 27    38.427 53158.17577246 30.71  90.999695  26.213286 26.152
 27    38.547 53158.17577310 29.61  90.998845  26.209996 26.152
 28    40.950 53193.17576393 47.20  91.012147  26.224605 25.758
 28    40.800 53193.17576458 47.73  91.011307  26.221315 25.758
 28    40.755 53193.17576522 42.22  91.010457  26.218015 25.758
 28    40.681 53193.17576587 38.19  91.009617  26.214725 25.758
 28    40.578 53193.17576651 36.40  91.008767  26.211435 25.758
 30    40.297 53263.17573255 37.77  91.003748  26.229497 31.098
 30    39.986 53263.17573320 41.28  91.002908  26.226197 31.098
 30    39.908 53263.17573384 41.18  91.002058  26.222907 31.098
 30    40.186 53263.17573513 48.85  91.000368  26.216327 31.098
 30    40.085 53263.17573578 47.60  90.999528  26.213027 31.098
 30    40.024 53263.17573642 45.33  90.998678  26.209737 31.098
 56    40.796 54173.17566280 23.19  91.006467  26.227457 15.652
 56    39.370 54173.17566344 19.84  91.005627  26.224167 15.652
 56    38.015 54173.17566408 21.06  91.004777  26.220877 15.652
 56    39.129 54173.17566473 17.27  91.003937  26.217587 15.652
 56    38.110 54173.17566537 18.56  91.003087  26.214287 15.652
 56    35.054 54173.17566602 23.32  91.002247  26.210997 15.652
 57    36.587 54208.17566145 42.32  91.008805  26.225459 20.129
 57    36.306 54208.17566209 37.21  91.007965  26.222169 20.129
 57    36.522 54208.17566274 34.06  91.007115  26.218869 20.129
 57    36.819 54208.17566338 41.81  91.006265  26.215579 20.129
 57    36.854 54208.17566403 49.27  91.005425  26.212289 20.129
 58    38.517 54243.17569329 46.91  91.008639  26.224016 25.719
 58    38.562 54243.17569393 41.55  91.007799  26.220716 25.719
 58    38.527 54243.17569458 47.41  91.006949  26.217426 25.719
 58    38.482 54243.17569522 38.97  91.006109  26.214136 25.719
 58    38.243 54243.17569587 39.58  91.005259  26.210846 25.719
 59    41.007 54278.17570645 40.15  91.008929  26.225716 30.943
 59    41.048 54278.17570710 41.51  91.008079  26.222426 30.943
 59    41.090 54278.17570774 43.48  91.007239  26.219136 30.943
 59    41.151 54278.17570839 49.98  91.006389  26.215836 30.943
 59    40.981 54278.17570903 46.36  91.005549  26.212546 30.943
 60    42.016 54313.17570709 42.05  91.009284  26.224129 34.344
 60    41.976 54313.17570773 43.75  91.008434  26.220839 34.344
 60    41.876 54313.17570838 41.60  91.007594  26.217549 34.344
 60    41.785 54313.17570902 39.19  91.006744  26.214249 34.344
 60    41.706 54313.17570967 39.25  91.005904  26.210959 34.344
 61    40.742 54348.17567810 27.70  91.006641  26.225032 23.052
 61    40.371 54348.17567875 25.79  91.005801  26.221742 23.052
 61    40.034 54348.17567939 26.25  91.004951  26.218452 23.052
 61    40.453 54348.17568004 25.04  91.004111  26.215152 23.052
 61    40.271 54348.17568068 24.14  91.003261  26.211862 23.052
 61    40.376 54348.17568133 24.43  91.002421  26.208572 23.052
 62    39.672 54383.17564429 30.34  91.010871  26.226189 20.236
 62    39.165 54383.17564493 33.17  91.010031  26.222889 20.236
 62    39.223 54383.17564558 32.06  91.009181  26.219599 20.236
 62    39.089 54383.17564622 34.22  91.008341  26.216309 20.236
 62    39.191 54383.17564687 30.76  91.007491  26.213019 20.236
 63    36.542 54418.17562753 23.65  91.006835  26.226339 17.146
 63    36.565 54418.17562818 21.55  91.005985  26.223049 17.146
 63    39.414 54418.17562882 18.12  91.005145  26.219749 17.146
 63    36.799 54418.17562947 22.12  91.004295  26.216459 17.146
 63    36.670 54418.17563011 24.31  91.003455  26.213169 17.146
 63    36.755 54418.17563076 18.37  91.002605  26.209879 17.146
 64    35.093 54453.17561479 30.13  91.011006  26.224065 25.469
 64    34.904 54453.17561544 27.99  91.010156  26.220775 25.469
 64    34.827 54453.17561608 30.44  91.009316  26.217485 25.469
 64    35.553 54453.17561673 32.62  91.008466  26.214195 25.469
 64    35.405 54453.17561737 49.64  91.007626  26.210905 25.469
 66    39.049 54523.17562815 22.76  91.010582  26.223140 17.685
 66    37.722 54523.17562880 21.38  91.009742  26.219850 17.685
 66    34.595 54523.17562944 21.45  91.008892  26.216560 17.685
 66    35.753 54523.17563009 21.69  91.008052  26.213270 17.685
 67    40.685 54558.17563503 20.58  91.007242  26.227380 11.798
 67    39.506 54558.17563568 20.09  91.006402  26.224090 11.798
 67    39.839 54558.17563632 19.30  91.005552  26.220790 11.798
 67    39.640 54558.17563697 19.62  91.004712  26.217500 11.798
 67    39.242 54558.17563761 21.43  91.003862  26.214210 11.798
 67    36.820 54558.17563826 21.35  91.003022  26.210920 11.798
 68    37.687 54593.17562326 56.08  91.008676  26.226464 18.856
 68    37.615 54593.17562391 36.48  91.007826  26.223164 18.856
 68    37.629 54593.17562455 33.90  91.006986  26.219874 18.856
 68    37.932 54593.17562520 38.90  91.006136  26.216584 18.856
 68    37.919 54593.17562584 46.50  91.005296  26.213294 18.856
 68    37.969 54593.17562649 45.28  91.004446  26.210004 18.856
 69    38.869 54628.17563897 36.24  91.007502  26.224767 37.502
 69    39.205 54628.17563962 44.18  91.006662  26.221477 37.502
 69    39.215 54628.17564026 46.43  91.005812  26.218187 37.502
 69    38.919 54628.17564091 34.82  91.004972  26.214897 37.502
 69    38.737 54628.17564155 27.46  91.004122  26.211597 37.502
 70    40.765 54663.17564582 41.98  91.007008  26.226666 33.108
 70    40.825 54663.17564646 46.70  91.006158  26.223366 33.108
 70    40.773 54663.17564711 47.06  91.005318  26.220076 33.108
 70    40.703 54663.17564775 49.61  91.004468  26.216786 33.108
 70    40.624 54663.17564840 43.97  91.003618  26.213496 33.108
 70    40.633 54663.17564904 42.56  91.002778  26.210196 33.108
 71    41.396 54698.17561939 44.84  91.008448  26.226964 28.942
 71    41.390 54698.17562004 43.69  91.007598  26.223674 28.942
 71    41.374 54698.17562068 41.64  91.006758  26.220374 28.942
 71    41.372 54698.17562133 40.74  91.005908  26.217084 28.942
 71    41.334 54698.17562197 42.12  91.005068  26.213794 28.942
 71    41.359 54698.17562261 40.39  91.004218  26.210504 28.942
 72    39.422 54733.17560340 32.72  91.010049  26.224833 27.035
 72    39.311 54733.17560404 25.90  91.009199  26.221533 27.035
 72    39.353 54733.17560469 25.53  91.008359  26.218243 27.035
 72    40.128 54733.17560533 24.68  91.007509  26.214953 27.035
 72    40.013 54733.17560598 25.46  91.006669  26.211663 27.035
 73    37.405 54768.17559954 43.06  91.009046  26.226662 33.087
 73    37.402 54768.17560018 49.20  91.008196  26.223362 33.087
 73    37.477 54768.17560083 49.99  91.007356  26.220072 33.087
 73    37.493 54768.17560147 49.75  91.006506  26.216782 33.087
 73    37.308 54768.17560212 51.84  91.005666  26.213492 33.087
 73    37.397 54768.17560276 41.55  91.004816  26.210192 33.087
 74    35.385 54803.17559691 49.93  91.009474  26.226938 30.925
 74    35.760 54803.17559756 47.55  91.008624  26.223648 30.925
 74    35.593 54803.17559820 48.39  91.007784  26.220358 30.925
 74    35.701 54803.17559885 48.98  91.006934  26.217068 30.925
 74    35.569 54803.17559949 49.77  91.006094  26.213778 30.925
 74    35.642 54803.17560014 49.45  91.005246  26.210486 25.868
 75    34.742 54838.17559274 29.96  91.008685  26.225000 18.934
 75    34.908 54838.17559339 30.94  91.007835  26.221700 18.934
 75    34.688 54838.17559403 31.26  91.006995  26.218410 18.934
 75    34.597 54838.17559468 24.87  91.006145  26.215120 18.934
 75    34.877 54838.17559532 26.26  91.005305  26.211830 18.934
 76    34.303 54873.17559676 36.59  91.009381  26.225493 21.518
 76    34.407 54873.17559741 50.27  91.008541  26.222203 21.518
 76    34.329 54873.17559805 51.32  91.007691  26.218913 21.518
 76    34.383 54873.17559870 50.29  91.006851  26.215623 21.518
 76    34.456 54873.17559934 52.41  91.006005  26.212324 20.810
 77    34.745 54908.17559911 38.44  91.005572  26.230044 29.038
 77    34.804 54908.17559976 48.43  91.004732  26.226754 29.038
 77    34.874 54908.17560040 40.17  91.003882  26.223454 29.038
 77    34.877 54908.17560105 37.68  91.003042  26.220164 29.038
 77    35.020 54908.17560169 47.00  91.002192  26.216874 29.038
 77    34.921 54908.17560234 50.45  91.001352  26.213584 29.038
 77    34.855 54908.17560298 51.48  91.000502  26.210284 29.038
 78    35.838 54943.17558914 39.34  91.008635  26.224505 14.977
 78    35.796 54943.17558978 42.02  91.007785  26.221215 14.977
 78    35.850 54943.17559043 42.69  91.006945  26.217925 14.977
 78    35.799 54943.17559107 41.97  91.006095  26.214635 14.977
 78    35.737 54943.17559171 38.48  91.005255  26.211335 14.977
 79    37.071 54978.17561678 49.38  91.007131  26.224500 17.864
 79    36.994 54978.17561743 38.65  91.006291  26.221210 17.864
 79    37.119 54978.17561807 42.59  91.005441  26.217920 17.864
 79    37.073 54978.17561872 42.62  91.004591  26.214630 17.864
 79    36.931 54978.17561936 39.56  91.003751  26.211340 17.864
 80    39.385 55013.17562307 51.95  91.007684  26.225781 24.553
 80    39.258 55013.17562372 41.86  91.006834  26.222481 24.553
 80    39.353 55013.17562436 42.23  91.005994  26.219191 24.553
 80    39.298 55013.17562501 44.88  91.005144  26.215901 24.553
 80    39.202 55013.17562565 49.26  91.004304  26.212611 24.553
 80    39.145 55013.17562630 48.65  91.003454  26.209311 24.553
 81    40.574 55048.17561568 37.66  91.009134  26.224653 33.085
 81    40.572 55048.17561632 40.03  91.008284  26.221363 33.085
 81    40.687 55048.17561697 45.29  91.007434  26.218073 33.085
 81    40.734 55048.17561761 46.27  91.006594  26.214783 33.085
 81    40.706 55048.17561826 51.06  91.005744  26.211493 33.085
 82    39.288 55083.17558546 38.76  91.006642  26.227797 34.394
 82    39.480 55083.17558610 37.56  91.005792  26.224507 34.394
 82    39.366 55083.17558675 38.03  91.004952  26.221207 34.394
 82    39.287 55083.17558739 30.23  91.004102  26.217917 34.394
 82    39.045 55083.17558804 27.73  91.003262  26.214627 34.394
 82    39.137 55083.17558868 28.72  91.002412  26.211337 34.394
 82    39.366 55083.17558933 31.58  91.001572  26.208047 34.394
 83    39.674 55118.17554790 37.03  91.010981  26.224719 26.917
 83    39.374 55118.17554855 39.17  91.010131  26.221419 26.917
 83    39.632 55118.17554919 38.55  91.009291  26.218129 26.917
 83    39.454 55118.17554984 35.90  91.008441  26.214839 26.917
 83    39.585 55118.17555048 40.45  91.007601  26.211549 26.917
 84    36.195 55153.17554463 20.41  91.006718  26.225614 21.028
 84    35.932 55153.17554527 19.36  91.005868  26.222314 21.028
 84    35.895 55153.17554592 17.45  91.005028  26.219024 21.028
 84    36.105 55153.17554656 15.47  91.004178  26.215734 21.028
 84    35.985 55153.17554721 18.34  91.003338  26.212444 21.028
 84    35.964 55153.17554785 19.73  91.002488  26.209144 21.028
 85    34.971 55188.17553556 43.01  91.009537  26.225714 26.996
 85    35.309 55188.17553620 50.55  91.008687  26.222424 26.996
 85    35.422 55188.17553685 45.25  91.007847  26.219134 26.996
 85    35.212 55188.17553749 41.36  91.006997  26.215844 26.996
 85    34.737 55188.17553814 33.69  91.006157  26.212544 26.996
 86    34.459 55223.17554349 47.24  91.007677  26.227122 21.398
 86    34.819 55223.17554414 48.69  91.006827  26.223822 21.398
 86    34.726 55223.17554478 49.73  91.005987  26.220532 21.398
 86    34.792 55223.17554543 50.30  91.005137  26.217242 21.398
 86    34.554 55223.17554607 35.07  91.004297  26.213952 21.398
 86    34.628 55223.17554671 41.08  91.003447  26.210652 21.398
 87    34.955 55258.17553192 41.05  91.009680  26.224841 24.939
 87    34.857 55258.17553256 44.34  91.008840  26.221551 24.939
 87    34.895 55258.17553321 46.49  91.007990  26.218261 24.939
 87    34.609 55258.17553385 38.72  91.007150  26.214971 24.939
 87    34.353 55258.17553450 35.66  91.006306  26.211679 21.374
 88    37.502 55293.17553026 34.19  91.006687  26.227863 11.454
 88    37.732 55293.17553090 34.87  91.005837  26.224573 11.454
 88    37.742 55293.17553155 37.46  91.004997  26.221273 11.454
 88    37.965 55293.17553219 36.20  91.004147  26.217983 11.454
 88    38.028 55293.17553284 34.87  91.003307  26.214693 11.454
 88    37.931 55293.17553348 33.60  91.002457  26.211403 11.454
 88    37.908 55293.17553413 34.42  91.001617  26.208113 11.454
 89    40.856 55328.17551447 32.54  91.007019  26.226941 26.086
 89    38.887 55328.17551512 30.19  91.006179  26.223651 26.086
 89    38.705 55328.17551576 30.23  91.005329  26.220351 26.086
 89    38.719 55328.17551641 30.57  91.004489  26.217061 26.086
 89    39.022 55328.17551705 32.23  91.003639  26.213771 26.086
 89    38.802 55328.17551770 45.41  91.002799  26.210481 26.086
 90    40.048 55363.17551039 27.28  91.007372  26.225877 34.293
 90    40.133 55363.17551103 27.38  91.006522  26.222577 34.293
 90    40.251 55363.17551168 29.85  91.005682  26.219287 34.293
 90    40.321 55363.17551232 33.41  91.004832  26.215997 34.293
 90    40.333 55363.17551297 44.31  91.003992  26.212707 34.293
 90    40.295 55363.17551361 44.26  91.003142  26.209417 34.293
 91    41.287 55398.17551912 46.03  91.009540  26.224392 36.354
 91    41.342 55398.17551976 46.13  91.008690  26.221102 36.354
 91    41.267 55398.17552041 46.91  91.007850  26.217812 36.354
 91    41.327 55398.17552105 47.87  91.007000  26.214522 36.354
 91    41.296 55398.17552170 48.78  91.006160  26.211222 36.354
 92    41.101 55433.17552554 41.23  91.010529  26.226571 33.661
 92    41.123 55433.17552618 43.44  91.009689  26.223281 33.661
 92    41.059 55433.17552683 44.67  91.008839  26.219981 33.661
 92    41.067 55433.17552747 44.71  91.007999  26.216691 33.661
 92    41.005 55433.17552812 46.13  91.007149  26.213401 33.661
 92    41.009 55433.17552876 50.90  91.006309  26.210111 33.661
 93    40.272 55468.17548368 44.46  91.006467  26.225201 35.396
 93    40.301 55468.17548433 47.42  91.005627  26.221911 35.396
 93    40.367 55468.17548497 49.35  91.004777  26.218611 35.396
 93    40.524 55468.17548562 48.82  91.003937  26.215321 35.396
 93    40.497 55468.17548626 49.37  91.003087  26.212031 35.396
 93    40.381 55468.17548691 50.61  91.002247  26.208741 35.396
