-202460.036  5851.080     0.00  180.34
-202085.503  5731.245  -320.02  255.33
-201710.987  5538.167  -515.63  305.22
-201336.486  5294.881  -649.74  293.22
-200962.002  5082.869  -566.24  226.63
-200587.533  4937.858  -387.31  201.60
-200213.081  4881.543  -150.42  218.82
-199838.645  4887.942    17.09  258.66
-199464.225  4892.836    13.07  269.11
-199089.821  4869.679   -61.86  269.08
-198715.434  4724.730  -387.23  301.24
-198341.062  4569.660  -414.28  252.64
-197966.707  4480.567  -238.03  146.82
-197592.367  4495.450    39.77  117.66
-197218.044  4574.250   210.55  150.20
-196843.737  4705.404   350.45  176.85
-196469.446  4805.229   266.75  145.95
-196095.171  4831.428    70.01  115.08
-195720.912  4787.836  -116.49  144.26
-195346.670  4682.697  -280.99  154.47
-194972.443  4584.706  -261.89  105.21
-194598.233  4529.770  -146.83   93.61
-194224.038  4504.357   -67.92   95.62
-193849.860  4464.501  -106.53  109.37
-193475.698  4396.166  -182.67  121.42
-193101.551  4340.190  -149.64  117.87
-192727.421  4287.261  -141.49  122.80
-192353.307  4236.357  -136.09  156.00
-191979.209  4200.261   -96.50  170.35
-191605.127  4131.222  -184.59  213.62
-191231.061  4040.590  -242.33  221.68
-190857.011  3941.869  -263.97  196.69
-190482.977  3882.869  -157.77  174.20
-190108.960  3916.858    90.89  212.57
-189734.958  3975.357   156.44  250.43
-189360.972  4078.142   274.88  242.21
-188987.002  4167.213   238.22  171.71
-188613.049  4179.949    34.06  143.59
-188237.265  4184.009    10.80  123.36
-187860.110  4145.768  -101.41  101.09
-187482.971  4100.567  -119.87   88.39
-187105.848  4052.952  -126.28  122.89
-186728.742  3940.737  -297.61  156.36
-186351.652  3823.171  -311.82  207.43
-185974.579  3678.892  -382.69  271.01
-185597.522  3505.745  -459.28  315.21
-185220.481  3302.904  -538.07  293.84
-184843.456  3160.452  -377.89  226.40
-184466.447  3086.285  -196.75  145.33
-184089.455  3096.927    28.23  152.38
-183712.479  3157.590   160.95  174.29
-183335.520  3254.063   255.96  162.95
-182958.576  3321.846   179.85  148.52
-182581.649  3351.753    79.36  154.74
-182204.738  3371.892    53.44  173.99
-181827.844  3380.497    22.83  151.15
-181450.965  3340.799  -105.35  170.54
-181074.103  3257.683  -220.58  202.80
-180697.257  3192.428  -173.19  187.89
-180320.427  3140.904  -136.75  165.47
-179943.614  3095.823  -119.66  171.80
-179566.817  3036.518  -157.42  203.72
-179190.036  2982.683  -142.90  186.59
-178813.271  2929.427  -141.37  134.76
-178436.522  2920.594   -23.45  114.85
-178059.790  2898.450   -58.79  115.15
-177683.074  2824.472  -196.41  141.66
-177306.374  2764.213  -159.99  134.11
-176929.690  2742.518   -57.61  118.02
-176553.022  2786.706   117.33  148.63
-176176.371  2854.142   179.07  139.23
-175799.736  2900.213   122.34  144.14
-175423.117  2920.450    53.74  146.61
-175046.514  2946.288    68.62  167.71
-174669.927  3017.336   188.69  168.22
-174293.356  3093.985   203.58  167.59
-173916.802  3126.475    86.30  171.15
-173540.264  3144.904    48.95  151.20
-173163.742  3147.449     6.76  137.84
-172787.236  3112.195   -93.65  128.15
-172410.746  3029.268  -220.30  166.69
-172034.272  2888.102  -375.02  241.21
-171657.815  2715.985  -457.27  243.47
-171281.373  2617.148  -262.59  189.35
-170904.948  2673.660   150.15  210.62
-170528.539  2751.869   207.81  211.16
-170152.146  2801.086   130.78  142.25
-169775.769  2747.009  -143.70  184.79
-169399.408  2609.404  -365.67  193.58
-169023.064  2541.261  -181.09  142.48
-168646.735  2546.939    15.09  144.55
-168270.423  2658.450   296.37  185.11
-167894.126  2835.995   471.89  208.96
-167517.846  2996.195   425.81  207.38
-167141.582  3125.237   343.01  154.80
-166765.334  3202.706   205.93   98.67
-166389.102  3190.809   -31.63  102.84
-166012.886  3142.195  -129.24  118.86
-165636.686  3064.450  -206.69  130.17
-165260.502  2973.939  -240.64  158.66
-164884.335  2859.499  -304.27  149.20
-164508.183  2775.499  -223.35  119.92
-164132.047  2754.706   -55.29  109.98
-163755.928  2800.776   122.50  144.81
-163379.824  2878.245   206.01  176.94
-163003.737  2991.102   300.12  192.81
-162627.666  3069.125   207.50  177.74
-162251.610  3142.404   194.89  161.80
-161875.571  3216.939   198.24  144.00
-161499.548  3307.520   240.93  173.11
-161123.540  3460.660   407.33  212.99
-160747.549  3651.776   508.37  244.09
-160371.574  3824.856   460.41  194.53
-159995.615  3877.332   139.60  149.15
-159619.672  3795.706  -217.15  214.08
-159243.745  3624.177  -456.35  248.03
-158867.833  3420.497  -541.90  226.33
-158491.938  3283.177  -365.36  179.74
-158116.059  3178.288  -279.09  128.41
-157740.196  3161.785   -43.91  136.74
-157364.349  3226.880   173.22  161.18
-156988.518  3282.078   146.89  174.66
-156612.702  3321.567   105.09  186.58
-156236.903  3344.475    60.97  180.05
-155861.120  3368.722    64.53  171.09
-155485.353  3392.518    63.33  126.39
-155109.601  3421.547    77.27   91.16
-154733.866  3428.474    18.44   77.92
-154358.146  3393.357   -93.48   96.86
-153982.443  3349.823  -115.89  121.41
-153606.756  3297.590  -139.05  134.01
-153231.084  3220.071  -206.38  130.88
-152855.428  3135.660  -224.73  111.92
-152479.789  3075.962  -158.94   87.01
-152104.165  3037.904  -101.33   69.28
-151728.557  2999.171  -103.13   73.66
-151352.965  2977.241   -58.40   80.96
-150977.389  2951.995   -67.23   87.66
-150601.829  2938.499   -35.94  103.80
-150226.285  2912.427   -69.43  109.81
-149850.757  2862.832  -132.08  113.92
-149475.245  2821.142  -111.04  100.03
-149099.748  2770.928  -133.74   76.93
-148724.268  2740.745   -80.39   69.21
-148348.803  2718.032   -60.50   71.69
-147973.354  2696.729   -56.75   65.09
-147597.921  2682.102   -38.97   58.18
-147222.504  2674.261   -20.89   50.33
-146847.103  2669.823   -11.82   56.25
-146471.718  2649.823   -53.29   61.42
-146096.349  2623.879   -69.12   67.04
-145720.995  2587.563   -96.76   79.13
-145345.658  2575.648   -31.75   76.19
-144970.336  2576.904     3.35   81.40
-144595.030  2609.032    85.62   90.82
-144219.740  2665.761   151.18   91.20
-143844.466  2727.699   165.07  118.35
-143469.208  2798.455   188.58   93.24
-143093.965  2821.222    60.68   69.95
-142718.739  2815.285   -15.82   67.26
-142343.528  2773.567  -111.20   80.64
-141968.333  2715.753  -154.11   81.81
-141593.154  2670.379  -120.95   83.76
-141217.990  2669.199    -3.14   92.56
-140842.843  2712.276   114.84  110.65
-140467.711  2778.450   176.42  110.93
-140092.595  2792.916    38.57  109.32
-139717.495  2774.590   -48.86  119.91
-139342.411  2749.222   -67.64  104.92
-138967.342  2770.246    56.06   97.52
-138592.289  2847.904   207.08  129.62
-138217.253  2933.547   228.39  126.85
-137842.231  3008.745   200.54  136.10
-137467.226  3071.475   167.30  137.28
-137092.236  3126.609   147.04  126.09
-136717.263  3145.336    49.95  114.82
-136342.305  3091.891  -142.55  160.49
-135967.362  2948.102  -383.54  219.19
-135592.436  2744.753  -542.43  221.14
-135217.525  2553.776  -509.45  222.55
-134842.630  2355.131  -529.93  195.08
-134467.751  2216.994  -368.53  175.93
-134092.888  2124.563  -246.60  139.90
-133718.040  2081.282  -115.48  131.54
-133343.208  2137.199   149.20  167.14
-132968.392  2230.062   247.78  177.24
-132593.591  2321.929   245.13  171.52
-132218.806  2398.040   203.10  183.44
-131844.037  2435.167    99.08  157.14
-131469.284  2403.404   -84.77  163.82
-131094.546  2351.776  -137.79  161.78
-130719.824  2310.690  -109.66  175.86
-130345.118  2311.094     1.08  223.16
-129970.428  2358.481   126.48  229.38
-129595.753  2355.518    -7.91  198.50
-129221.094  2277.979  -206.98  210.51
-128846.450  2100.190  -474.61  265.76
-128471.823  1881.939  -582.64  224.21
-128097.211  1826.233  -148.72  162.38
-127722.614  1862.218    96.07  178.38
-127348.034  1978.989   311.77  209.59
-126973.469  2125.571   391.38  171.07
-126598.919  2215.737   240.76  158.79
-126224.386  2221.474    15.32  163.41
-125849.868  2259.499   101.54  194.07
-125475.365  2307.032   126.94  192.03
-125100.879  2410.928   277.46  193.17
-124726.408  2479.023   181.86  172.20
-124351.952  2496.523    46.74  139.55
-123977.513  2483.858   -33.83  141.53
-123603.089  2445.809  -101.63  147.81
-123228.680  2353.404  -246.83  176.65
-122854.287  2261.497  -245.51  202.04
-122479.910  2146.690  -306.69  175.92
-122105.549  2063.237  -222.94  142.20
-121731.203  1954.404  -290.76  156.85
-121356.873  1883.916  -188.32  125.41
-120982.558  1820.543  -169.32  112.35
-120608.259  1747.131  -196.15   99.68
-120233.975  1699.218  -128.03  100.66
-119859.707  1702.125     7.77  103.35
-119485.455  1722.594    54.70  123.20
-119111.218  1785.285   167.53  147.03
-118736.997  1838.776   142.95  143.64
-118362.792  1897.768   157.66  135.62
-117988.602  1941.975   118.15  114.66
-117614.428  1995.086   141.95  117.92
-117240.269  2081.928   232.12  138.75
-116866.126  2172.526   242.17  131.13
-116491.998  2209.356    98.45  118.01
-116117.886  2136.094  -195.85  193.30
-115743.790  2076.761  -158.62  202.05
-115369.709  2031.642  -120.62  153.77
-114995.643  2022.171   -25.32  130.86
-114621.593  2007.499   -39.23  123.67
-114247.559  1926.479  -216.63  155.37
-113873.540  1818.427  -288.92  178.86
-113499.537  1647.111  -458.10  247.99
-113123.263  1478.094  -449.23  248.10
-112746.147  1327.125  -400.36  195.51
-112369.047  1253.832  -194.38  125.46
-111991.963  1318.040   170.29  152.84
-111614.895  1371.327   141.33  133.87
-111237.843  1331.547  -105.51  195.17
-110860.806  1212.261  -316.41  222.96
-110483.786  1094.218  -313.12  187.35
-110106.781   996.118  -260.23  145.51
-109729.791   976.737   -51.41  170.19
-109352.818  1014.904   101.25  230.42
-108975.860  1077.404   165.82  232.13
-108598.918  1100.823    62.13  194.01
-108221.992  1046.856  -143.19  196.35
-107845.082   931.729  -305.48  215.16
-107468.187   859.881  -190.65  210.58
-107091.308   792.529  -178.73  199.34
-106714.445   769.190   -61.94  229.00
-106337.598   763.334   -15.54  192.85
-105960.766   729.261   -90.43  159.73
-105583.950   694.813   -91.43  158.03
-105207.150   683.173   -30.89  183.22
-104830.366   676.753   -17.04  190.32
-104453.597   643.642   -87.89  172.73
-104076.844   639.962    -9.77  194.51
-103700.107   655.009    39.94  188.54
-103323.385   668.430    35.63  207.97
-102946.679   689.836    56.83  225.94
-102569.989   676.721   -34.82  212.16
-102193.315   679.916     8.48  218.04
-101816.656   644.166   -94.92  180.26
-101440.013   600.904  -114.87  165.33
-101063.385   637.086    96.08  199.69
-100686.774   762.199   332.23  268.07
-100310.178   961.334   528.82  295.20
 -99933.597  1221.288   690.36  301.13
 -99557.033  1383.776   431.54  233.97
 -99180.484  1473.995   239.61  150.17
 -98803.950  1445.430   -75.87  162.49
 -98427.433  1299.699  -387.08  226.82
 -98050.931  1185.125  -304.34  177.87
 -97674.444  1139.660  -120.77  132.19
 -97297.974  1119.102   -54.61  116.80
 -96921.519  1074.430  -118.67  153.43
 -96545.079   933.836  -373.52  243.87
 -96168.656   731.079  -538.68  267.27
 -95792.248   569.543  -429.18  222.09
 -95415.855   476.497  -247.23  146.32
 -95039.478   508.304    84.52  181.32
 -94663.117   662.699   410.26  272.84
 -94286.771   885.660   592.48  253.70
 -93910.441  1013.520   339.78  166.57
 -93534.127  1010.586    -7.80  159.51
 -93157.828   876.497  -356.36  268.21
 -92781.545   659.245  -577.41  293.54
 -92405.278   541.693  -312.44  198.05
 -92029.026   596.722   146.27  239.79
 -91652.789   725.952   343.51  239.48
 -91276.568   809.358   221.71  232.60
 -90900.363   784.499   -66.08  268.62
 -90524.174   701.045  -221.86  273.11
 -90148.000   663.790   -99.04  264.08
 -89771.841   636.994   -71.24  247.17
 -89395.698   597.309  -105.51  250.07
 -89019.571   514.063  -221.34  246.87
 -88643.459   409.379  -278.35  183.48
 -88267.363   340.722  -182.56  122.49
 -87891.283   298.667  -111.83   81.46
 -87515.217   334.290    94.73  127.31
 -87139.168   370.567    96.47  145.24
 -86763.134   370.823     0.68  140.82
 -86387.116   346.497   -64.70  121.56
 -86011.113   298.712  -127.10   84.14
 -85635.125   275.881   -60.73   72.07
 -85259.153   284.819    23.77   78.99
 -84883.197   324.737   106.19  110.44
 -84507.256   388.111   168.59  131.84
 -84131.331   400.550    33.09  125.28
 -83755.421   391.904   -23.00  116.67
 -83379.527   400.535    22.96  124.24
 -83003.648   417.618    45.45  112.43
 -82627.785   447.660    79.93   92.60
 -82251.937   461.356    36.44   92.98
 -81876.105   450.334   -29.33  139.20
 -81500.288   444.071   -16.67  171.43
 -81124.487   462.404    48.79  208.60
 -80748.701   491.190    76.61  231.46
 -80372.931   493.009     4.84  211.52
 -79997.176   488.023   -13.27  194.58
 -79621.437   483.867   -11.06  144.24
 -79245.713   529.245   120.78  124.73
 -78870.005   587.854   156.01  141.52
 -78494.312   711.962   330.37  195.97
 -78118.634   822.148   293.32  196.28
 -77742.972   873.160   135.80  152.10
 -77367.326   847.613   -68.01  160.91
 -76991.695   781.118  -177.03  181.21
 -76616.079   615.975  -439.69  169.93
 -76240.479   485.526  -347.33  176.21
 -75864.894   399.125  -230.06  150.34
 -75489.325   359.142  -106.47  112.76
 -75113.771   395.261    96.18  134.56
 -74738.232   450.499   147.10  122.11
 -74362.709   465.237    39.25  102.22
 -73987.201   409.832  -147.56  126.46
 -73611.709   344.745  -173.35   87.94
 -73236.232   348.571    10.19   82.96
 -72860.771   398.790   133.76   99.24
 -72485.325   488.450   238.82  123.30
 -72109.894   581.904   248.94  140.30
 -71734.479   691.142   291.00  145.25
 -71359.079   803.311   298.82  137.21
 -70983.694   885.427   218.77  124.32
 -70608.325   912.427    71.93  103.88
 -70232.971   863.776  -129.62  147.99
 -69857.633   772.567  -243.02  169.49
 -69482.310   630.575  -378.34  143.81
 -69107.003   527.047  -275.86  111.29
 -68731.710   436.047  -242.49   95.03
 -68356.433   362.472  -196.07   80.30
 -67981.172   306.427  -149.36   62.06
 -67605.926   259.753  -124.39   47.14
 -67230.695   222.856   -98.34   32.74
 -66855.479   191.237   -84.27   31.67
 -66480.279   164.264   -71.89   28.74
 -66105.094   143.904   -54.27   26.14
 -65729.925   121.190   -60.55   22.40
 -65354.771   105.737   -41.19   19.31
 -64979.632    87.261   -49.25   17.90
 -64604.509    72.331   -39.80   13.98
 -64229.400    62.195   -27.02   12.31
 -63854.308    53.004   -24.50    8.50
 -63479.230    47.094   -15.76    6.09
 -63104.168    41.213   -15.68    7.34
 -62729.121    36.499   -12.57    6.41
 -62354.089    32.523   -10.60    5.45
 -61979.073    29.029    -9.32    3.36
 -61604.072    27.927    -2.94    3.37
 -61229.086    26.014    -5.10    1.91
 -60854.116    25.499    -1.37    2.01
 -60479.160    24.594    -2.41    2.12
 -60104.221    23.954    -1.71    1.89
 -59729.296    23.904    -0.13    2.41
 -59354.387    24.224     0.85    2.48
 -58979.492    24.543     0.85    2.48
 -58604.614    24.381    -0.43    2.45
 -58229.750    23.683    -1.86    1.92
 -57854.902    22.654    -2.75    2.14
 -57480.069    21.772    -2.35    1.87
 -57105.251    20.927    -2.26    1.66
 -56730.448    20.504    -1.13    1.58
 -56355.661    20.131    -0.99    1.56
 -55980.889    19.753    -1.01    1.63
 -55606.132    19.532    -0.59    1.66
 -55231.390    19.313    -0.58    1.51
 -54856.664    19.865     1.47    1.93
 -54481.953    20.563     1.86    2.74
 -54107.257    20.916     0.94    3.03
 -53732.576    21.171     0.68    3.01
 -53357.911    20.245    -2.47    3.62
 -52983.260    18.994    -3.34    3.32
 -52608.625    17.495    -4.00    2.91
 -52234.005    16.453    -2.78    2.27
 -51859.401    16.543     0.24    2.58
 -51484.811    17.233     1.84    3.15
 -51110.237    17.721     1.30    3.65
 -50735.678    16.881    -2.24    3.61
 -50361.134    16.009    -2.33    3.53
 -49986.605    15.475    -1.43    2.99
 -49612.091    15.009    -1.25    2.52
 -49237.593    14.952    -0.15    2.56
 -48863.109    15.142     0.51    2.46
 -48488.641    15.329     0.50    2.26
 -48114.188    15.171    -0.42    2.24
 -47739.751    14.904    -0.71    2.48
 -47365.328    14.306    -1.60    2.55
 -46990.920    13.309    -2.66    2.02
 -46616.528    12.642    -1.78    1.34
 -46242.151    12.547    -0.25    1.56
 -45867.789    12.799     0.67    2.05
 -45493.442    13.142     0.92    2.23
 -45119.110    14.523     3.69    3.34
 -44744.793    15.241     1.92    3.32
 -44370.492    15.241     0.00    3.39
 -43996.205    15.154    -0.23    2.83
 -43621.934    14.404    -2.00    2.72
 -43247.678    13.520    -2.36    2.30
 -42873.437    12.819    -1.87    2.00
 -42499.211    12.547    -0.73    2.13
 -42125.000    12.404    -0.38    2.44
 -41750.804    12.009    -1.06    2.64
 -41376.623    11.975    -0.09    2.90
 -41002.458    12.543     1.52    3.41
 -40628.307    12.047    -1.33    3.55
 -40254.172    11.823    -0.60    3.65
 -39880.051    10.571    -3.35    3.35
 -39505.946    10.071    -1.34    2.55
 -39131.856    10.209     0.37    2.35
 -38757.781    10.713     1.35    2.76
 -38383.721     9.952    -2.04    2.72
 -38006.966     9.229    -1.92    2.86
 -37629.899     8.799    -1.14    2.54
 -37252.848     8.179    -1.65    1.97
 -36875.812     8.166    -0.03    1.66
 -36498.792     8.047    -0.32    1.85
 -36121.786     8.166     0.32    2.27
 -35744.796     7.952    -0.57    2.37
 -35367.822     7.686    -0.70    2.21
 -34990.862     7.171    -1.37    1.85
 -34613.918     7.111    -0.16    2.08
 -34236.990     6.892    -0.58    2.23
 -33860.076     6.285    -1.61    2.11
 -33483.178     6.004    -0.75    1.55
 -33106.295     5.745    -0.69    1.24
 -32729.427     6.136     1.04    2.48
 -32352.575     7.062     2.46    3.28
 -31975.738     8.571     4.00    4.20
 -31598.916    10.279     4.53    3.72
 -31222.109    10.427     0.39    2.97
 -30845.318    10.148    -0.74    3.10
 -30468.542     9.642    -1.34    3.21
 -30091.781    10.171     1.41    3.09
 -29715.035    10.264     0.25    3.23
 -29338.305     9.631    -1.68    3.35
 -28961.590     8.353    -3.39    3.34
 -28584.890     7.427    -2.46    2.61
 -28208.205     7.332    -0.25    2.28
 -27831.535     8.404     2.84    3.04
 -27454.881     9.357     2.53    3.09
 -27078.242     9.825     1.24    3.23
 -26701.618     9.631    -0.51    3.29
 -26325.009     9.354    -0.74    3.26
 -25948.416     9.125    -0.61    3.08
 -25571.838     8.567    -1.48    2.91
 -25195.275     7.763    -2.13    2.99
 -24818.727     6.677    -2.88    2.75
 -24442.194     6.224    -1.20    2.87
 -24065.677     6.118    -0.28    2.60
 -23689.174     6.613     1.31    2.92
 -23312.687     6.928     0.84    2.63
 -22936.215     6.995     0.18    2.87
 -22559.758     7.246     0.67    3.31
 -22183.317     7.313     0.18    3.25
 -21806.890     6.428    -2.35    3.27
 -21430.479     5.613    -2.16    2.93
 -21054.083     5.102    -1.36    2.08
 -20677.702     4.814    -0.76    1.86
 -20301.336     4.904     0.24    1.80
 -19924.985     4.481    -1.12    1.68
 -19548.649     4.590     0.29    1.75
 -19172.329     4.809     0.58    2.00
 -18796.024     4.865     0.15    2.29
 -18419.733     4.677    -0.50    2.19
 -18043.458     4.746     0.18    2.06
 -17667.198     3.928    -2.17    1.70
 -17290.954     3.474    -1.21    1.82
 -16914.724     2.867    -1.61    1.94
 -16538.509     2.199    -1.78    1.62
 -16162.310     1.851    -0.93    1.25
 -15786.125     1.985     0.36    1.43
 -15409.956     2.497     1.36    1.48
 -15033.802     2.666     0.45    1.40
 -14657.663     2.666     0.00    1.52
 -14281.539     2.968     0.80    2.17
 -13905.430     2.881    -0.23    2.34
 -13529.336     3.604     1.92    2.85
 -13153.257     4.094     1.30    2.87
 -12777.193     3.475    -1.65    2.46
 -12401.145     3.209    -0.71    1.85
 -12025.111     3.427     0.58    2.04
 -11649.093     4.004     1.54    2.96
 -11273.089     4.666     1.76    3.35
 -10897.101     4.618    -0.13    3.61
 -10521.128     4.648     0.08    3.23
 -10145.169     3.427    -3.25    2.26
  -9769.226     3.770     0.91    2.15
  -9393.298     4.332     1.50    2.90
  -9017.385     5.014     1.81    3.19
  -8641.486     5.055     0.11    3.16
  -8265.603     4.475    -1.54    3.14
  -7889.735     3.832    -1.71    2.34
  -7513.882     3.306    -1.40    2.11
  -7138.044     3.453     0.39    2.34
  -6762.221     2.999    -1.21    1.91
  -6386.413     2.962    -0.10    1.74
  -6010.620     2.975     0.04    1.95
  -5634.842     3.040     0.17    1.54
  -5259.079     3.311     0.72    1.64
  -4883.331     3.832     1.39    1.61
  -4507.598     4.179     0.92    1.53
  -4131.880     4.452     0.73    1.68
  -3756.177     4.334    -0.31    1.78
  -3380.489     4.381     0.12    2.30
  -3004.816     4.523     0.38    2.45
  -2629.157     4.672     0.40    2.11
  -2253.514     4.975     0.81    2.10
  -1877.886     5.241     0.71    1.94
  -1502.273     5.190    -0.14    1.75
  -1126.675     4.404    -2.09    2.78
   -751.091     3.428    -2.60    3.66
   -375.523     1.241    -5.82    3.88
      0.031    -0.977    -5.91    3.01
    375.569    -2.133    -3.08    1.83
    751.092    -2.429    -0.79    1.23
   1126.601    -2.406     0.06    1.35
   1502.095    -2.263     0.38    1.54
   1877.573    -1.406     2.28    2.93
   2253.037    -1.191     0.57    3.13
   2628.486    -0.377     2.17    3.84
   3003.920    -0.015     0.96    3.65
   3379.339    -0.645    -1.68    3.15
   3754.743    -0.477     0.45    3.04
   4130.132     0.571     2.79    3.04
   4505.507     2.304     4.62    2.99
   4880.866     2.949     1.72    2.39
   5256.211     3.045     0.25    2.22
   5631.540     2.571    -1.26    2.49
   6006.855     1.785    -2.09    2.84
   6382.155     2.032     0.66    3.05
   6757.440     2.776     1.98    3.50
   7132.710     4.430     4.41    3.08
   7507.965     5.040     1.63    2.56
   7883.205     5.453     1.10    1.86
   8258.431     5.404    -0.13    1.68
   8633.642     5.142    -0.70    1.64
   9008.837     5.019    -0.33    1.79
   9384.018     5.108     0.24    2.24
   9759.184     5.814     1.88    2.66
  10134.335     5.880     0.18    2.58
  10509.472     5.881     0.00    2.60
  10884.593     5.979     0.26    2.38
  11259.700     5.404    -1.53    1.96
  11634.792     4.772    -1.68    2.66
  12009.869     3.608    -3.10    3.05
  12384.931     2.474    -3.03    3.07
  12759.978     2.613     0.37    3.47
  13135.011     3.613     2.67    5.42
  13510.028     5.353     4.64    6.26
  13885.031     7.108     4.68    4.39
  14260.019     7.745     1.70    3.58
  14634.992     6.904    -2.24    3.60
  15009.951     6.599    -0.81    3.32
  15384.894     6.160    -1.17    2.92
  15759.823     6.563     1.07    2.72
  16134.737     6.679     0.31    2.47
  16509.637     6.475    -0.54    2.45
  16884.521     6.636     0.43    2.52
  17259.391     6.428    -0.56    2.64
  17634.246     6.785     0.95    2.63
  18009.086     6.754    -0.08    2.77
  18383.911     7.306     1.47    2.58
  18758.722     6.666    -1.71    2.25
  19133.518     6.832     0.44    2.21
  19508.299     7.523     1.84    2.45
  19883.065     8.023     1.33    2.39
  20257.817     8.264     0.64    4.27
  20632.553     8.241    -0.06    5.92
  21007.276     5.904    -6.24    3.06
  21381.983     4.380    -4.07    1.82
  21756.675     5.118     1.97    2.10
  22131.353     6.916     4.80    3.52
  22506.016     8.985     5.52    4.57
  22880.665    16.952    21.26   24.93
  23255.299    26.148    24.55   37.86
  23629.917    23.190    -7.90   31.42
  24004.522    21.547    -4.39   26.84
  24379.111    14.428   -19.00    6.58
  24753.686    13.737    -1.84    5.01
  25128.246    13.380    -0.95    4.67
  25502.792    13.571     0.51    5.04
  25877.322    13.599     0.08    4.45
  26251.838    13.690     0.24    4.15
  26626.340    13.353    -0.90    3.91
  27000.826    13.032    -0.86    3.65
  27375.298    12.428    -1.61    2.94
  27749.755    12.311    -0.31    2.34
  28124.198    11.941    -0.99    2.11
  28498.626    13.088     3.06    2.84
  28873.039    14.154     2.85    2.95
  29247.438    15.224     2.86    2.51
  29621.821    16.136     2.43    2.41
  29996.191    16.985     2.27    2.81
  30370.545    18.179     3.19    3.17
  30744.885    19.836     4.43    3.60
  31119.211    22.904     8.20    4.42
  31493.521    26.586     9.84    7.78
  31867.817    37.761    29.86   25.67
  32242.098    73.683    95.97   69.58
  32616.365   145.928   193.03  111.26
  32990.617   211.660   175.63  116.69
  33364.855   276.608   173.54   99.49
  33739.078   317.404   109.01   70.15
  34113.286   318.547     3.05   81.85
  34487.479   283.118   -94.68  111.61
  34861.658   231.160  -138.86  124.00
  35235.823   161.540  -186.06  117.86
  35609.972   116.353  -120.77   90.43
  35984.108    97.356   -50.77   74.02
  36358.228    99.332     5.28   68.83
  36732.515   116.380    45.55   75.33
  37109.557   162.594   122.57   80.82
  37486.584   210.129   126.07   71.99
  37863.597   247.832   100.00   57.49
  38240.595   275.129    72.40   43.76
  38617.578   298.785    62.75   45.86
  38994.546   320.761    58.30   48.64
  39371.499   338.721    47.64   48.91
  39748.438   353.737    39.84   43.22
  40125.362   362.429    23.06   34.52
  40502.270   359.916    -6.67   19.28
  40879.165   358.636    -3.40   27.41
  41256.044   364.285    14.99   23.55
  41632.908   362.285    -5.31   31.81
  42009.758   364.356     5.50   40.01
  42386.593   367.309     7.83   47.07
  42763.413   365.071    -5.94   58.39
  43140.219   374.071    23.88   62.69
  43517.009   381.575    19.92   62.03
  43893.785   378.404    -8.42   66.22
  44270.546   381.770     8.93   67.45
  44647.292   358.190   -62.59   73.59
  45024.024   353.055   -13.63   67.42
  45400.741   346.142   -18.35   58.58
  45777.443   351.055    13.04   52.12
  46154.130   372.618    57.24   41.88
  46530.803   376.999    11.63   40.80
  46907.460   354.794   -58.95   55.80
  47284.103   316.613  -101.37   65.69
  47660.732   292.334   -64.46   59.82
  48037.345   276.474   -42.11   47.23
  48413.944   271.023   -14.47   42.70
  48790.528   270.428    -1.58   45.55
  49167.097   261.690   -23.21   48.59
  49543.652   248.999   -33.70   43.44
  49920.192   237.832   -29.65   35.08
  50296.717   236.190    -4.36   26.80
  50673.228   247.171    29.17   36.84
  51049.724   266.475    51.27   42.01
  51426.205   291.428    66.28   45.31
  51802.671   320.356    76.84   42.07
  52179.123   351.213    81.96   48.04
  52555.560   389.571   101.89   60.25
  52931.982   433.332   116.25   76.45
  53308.390   476.721   115.27   80.41
  53684.783   517.989   109.64   62.57
  54061.161   542.094    64.04   47.30
  54437.525   563.038    55.65   28.10
  54813.874   572.501    25.14   21.85
  55190.208   568.160   -11.54   23.58
  55566.528   561.604   -17.42   26.25
  55942.833   551.381   -27.17   24.78
  56319.123   541.229   -26.98   17.72
  56695.399   532.832   -22.31   19.88
  57071.660   525.952   -18.29   26.41
  57447.906   517.094   -23.54   37.94
  57824.138   502.356   -39.17   45.21
  58200.355   487.455   -39.61   45.19
  58576.557   482.722   -12.58   48.40
  58952.745   470.094   -33.57   52.06
  59328.918   473.660     9.48   55.52
  59705.077   459.642   -37.26   58.46
  60081.221   456.878    -7.35   59.81
  60457.350   457.677     2.12   65.56
  60833.465   462.329    12.37   76.37
  61209.565   477.753    41.01   79.43
  61585.651   496.213    49.08   76.35
  61961.721   524.635    75.57   54.12
  62337.778   540.313    41.69   35.61
  62713.819   545.917    14.90   20.76
  63089.847   546.952     2.75   24.43
  63465.859   544.495    -6.53   24.20
  63841.857   548.279    10.06   21.71
  64217.840   551.518     8.61   24.96
  64593.809   556.114    12.23   35.29
  64969.764   567.520    30.34   46.61
  65345.703   575.450    21.09   52.02
  65721.628   579.309    10.26   51.06
  66097.539   580.790     3.94   46.15
  66473.435   581.840     2.79   36.77
  66849.316   584.313     6.58   29.22
  67225.183   583.697    -1.64   33.47
  67601.035   583.475    -0.59   39.70
  67976.873   580.690    -7.41   44.89
  68352.696   570.532   -27.03   48.24
  68728.505   561.040   -25.26   44.86
  69104.299   552.954   -21.52   41.04
  69480.079   552.880    -0.20   35.60
  69855.844   554.404     4.05   32.77
  70231.595   548.062   -16.88   31.94
  70607.331   536.009   -32.08   35.32
  70983.052   518.654   -46.19   35.93
  71358.759   495.999   -60.30   38.92
  71734.452   495.309    -1.84   47.45
  72110.130   493.282    -5.39   53.13
  72485.793   494.306     2.73   60.20
  72861.442   515.952    57.62   50.26
  73237.077   536.745    55.35   40.95
  73612.697   541.190    11.83   37.96
  73988.302   533.404   -20.73   41.17
  74363.893   530.118    -8.75   46.28
  74739.470   531.520     3.73   40.15
  75115.032   545.023    35.95   33.65
  75490.580   555.880    28.91   19.13
  75866.113   552.745    -8.35   21.87
  76241.631   549.453    -8.77   24.78
  76617.136   542.785   -17.76   27.84
  76992.625   533.776   -23.99   30.43
  77368.101   530.023    -9.99   27.73
  77743.562   529.613    -1.09   23.21
  78119.008   526.721    -7.70   20.60
  78494.440   523.062    -9.74   22.90
  78869.857   495.055   -74.60   62.40
  79245.260   458.404   -97.63   87.44
  79620.649   411.285  -125.51   91.45
  79996.023   400.737   -28.10   90.20
  80371.383   434.111    88.91   99.33
  80746.728   491.904   153.96   53.35
  81122.059   477.952   -37.17   61.45
  81497.376   417.989  -159.75   91.60
  81872.678   367.618  -134.21   78.72
  82247.966   314.023  -142.80   66.24
  82623.239   275.304  -103.17   54.36
  82998.498   262.311   -34.62   56.33
  83373.742   243.686   -49.63   55.06
  83748.972   246.856     8.45   60.58
  84124.188   263.213    43.59   57.33
  84499.389   279.520    43.46   53.37
  84874.576   301.636    58.94   41.43
  85249.749   314.483    34.24   27.32
  85624.907   317.427     7.85   31.15
  86000.051   321.229    10.13   34.25
  86375.180   317.381   -10.26   37.24
  86750.295   310.237   -19.04   32.51
  87125.396   295.583   -39.06   33.68
  87500.482   274.063   -57.37   44.10
  87875.554   247.430   -71.00   49.02
  88250.612   217.571   -79.61   59.38
  88625.655   198.869   -49.86   59.59
  89000.684   183.179   -41.83   57.13
  89375.698   174.608   -22.85   57.82
  89750.698   163.141   -30.58   56.85
  90125.684   162.475    -1.77   50.49
  90500.656   157.264   -13.90   49.30
  90875.613   145.380   -31.69   45.63
  91250.556   150.952    14.86   52.56
  91625.484   166.122    40.46   71.81
  92000.399   208.264   112.40   84.30
  92375.299   256.879   129.66   70.62
  92750.184   275.623    50.00   54.12
  93125.055   241.571   -90.83   82.37
  93499.912   212.819   -76.70   84.61
  93874.755   190.023   -60.81   67.90
  94249.583   201.118    29.60   71.56
  94624.398   242.843   111.31   73.63
  94999.197   291.190   128.98   58.28
  95373.983   338.190   125.40   53.66
  95748.754   375.832   100.43   51.84
  96123.511   398.334    60.04   38.40
  96498.254   388.087   -27.34   59.55
  96872.982   337.843  -134.07   99.32
  97247.696   270.380  -180.02  104.14
  97622.396   215.195  -147.27   78.31
  97997.082   190.404   -66.16   56.72
  98371.753   178.785   -31.01   32.61
  98746.410   193.475    39.21   29.87
  99121.053   216.190    60.62   53.24
  99495.681   267.745   137.61   99.63
  99870.296   322.233   145.44  116.28
 100244.896   370.679   129.32  115.99
 100619.482   379.142    22.59  105.35
 100994.053   348.571   -81.61   99.93
 101368.610   315.706   -87.73   74.31
 101743.154   295.761   -53.25   35.06
 102117.683   312.660    45.12   52.62
 102492.197   356.086   115.94   81.37
 102866.698   399.087   114.81   77.52
 103241.184   437.867   103.55   76.70
 103615.656   473.819    96.00   79.63
 103990.114   500.609    71.54   69.92
 104364.557   517.654    45.52   63.89
 104738.987   501.045   -44.35   57.93
 105113.402   471.594   -78.65   69.57
 105487.803   437.613   -90.75   84.15
 105862.190   413.623   -64.07   90.05
 106236.562   410.768    -7.63   87.66
 106610.921   413.825     8.17   90.89
 106985.265   387.858   -69.36  113.35
 107359.595   350.843   -98.88  120.26
 107733.911   318.009   -87.71  107.74
 108108.213   288.623   -78.50   71.28
 108482.500   279.122   -25.38   63.39
 108856.774   225.381  -143.57   91.23
 109231.033   164.457  -162.77   83.13
 109605.278   110.745  -143.51   55.02
 109979.509    82.523   -75.41   27.57
 110353.726    78.648   -10.35   25.38
 110727.929    84.618    15.95   28.65
 111102.117    92.378    20.74   29.17
 111476.291    97.142    12.73   24.84
 111851.129    94.599    -6.78   27.87
 112228.129    88.799   -15.38   29.19
 112605.114    89.038     0.63   28.79
 112982.085   105.989    44.96   43.18
 113359.042   136.575    81.13   50.93
 113735.984   160.499    63.46   38.32
 114112.912   163.520     8.01   33.89
 114489.825   153.309   -27.09   34.96
 114866.725   140.832   -33.10   33.55
 115243.610   120.213   -54.70   38.40
 115620.480   105.094   -40.11   40.40
 115997.337    82.623   -59.62   37.58
 116374.178    66.142   -43.73   29.56
 116751.006    91.666    67.73   55.03
 117127.819   123.450    84.34   60.31
 117504.618   144.809    56.68   48.70
 117881.403   139.356   -14.47   49.57
 118258.173   110.118   -77.59   45.20
 118634.930    83.062   -71.81   42.19
 119011.671    60.999   -58.56   37.13
 119388.399    38.880   -58.71   35.82
 119765.112    21.785   -45.38   31.45
 120141.811     7.142   -38.87   23.06
 120518.495     2.604   -12.05   15.81
 120895.166    -2.477   -13.49   13.59
 121271.822    -5.377    -7.70   13.46
 121648.464    -9.864   -11.91   12.83
 122025.091   -16.525   -17.68    8.22
 122401.704   -19.986    -9.19    4.39
 122778.303   -21.871    -5.00    1.99
 123154.888   -23.144    -3.38    2.18
 123531.458   -23.401    -0.68    2.14
 123908.015   -23.525    -0.33    1.99
 124284.557   -23.669    -0.38    1.52
 124661.084   -23.396     0.73    1.77
 125037.598   -23.247     0.40    1.91
 125414.097   -23.084     0.43    2.09
 125790.582   -22.669     1.10    2.04
 126167.053   -23.181    -1.36    2.11
 126543.509   -23.352    -0.45    1.93
 126919.951   -23.801    -1.19    1.92
 127296.379   -23.904    -0.27    2.00
 127672.793   -23.596     0.82    2.43
 128049.193   -23.048     1.45    2.40
 128425.578   -22.763     0.76    2.24
 128801.949   -22.340     1.12    2.44
 129178.306   -22.807    -1.24    2.53
 129554.649   -23.505    -1.86    2.47
 129930.978   -23.834    -0.87    2.05
 130307.292   -24.168    -0.89    1.82
 130683.592   -24.224    -0.15    1.89
 131059.878   -24.333    -0.29    2.10
 131436.150   -24.573    -0.64    2.18
 131812.408   -24.646    -0.19    2.22
 132188.651   -24.852    -0.55    2.35
 132564.880   -24.882    -0.08    2.33
 132941.095   -25.211    -0.88    2.05
 133317.296   -25.460    -0.66    2.01
 133693.483   -25.340     0.32    2.20
 134069.656   -25.157     0.49    2.17
 134445.814   -25.035     0.32    2.49
 134821.958   -24.938     0.26    2.64
 135198.089   -25.392    -1.21    2.45
 135574.205   -25.780    -1.03    2.41
 135950.306   -26.108    -0.87    2.21
 136326.394   -26.215    -0.28    1.59
 136702.468   -26.011     0.54    1.72
 137078.527   -25.852     0.42    1.87
 137454.572   -25.801     0.13    2.08
 137830.604   -25.929    -0.34    2.10
 138206.621   -26.429    -1.33    2.24
 138582.624   -26.929    -1.33    2.14
 138958.612   -27.328    -1.06    1.70
 139334.587   -27.246     0.22    1.75
 139710.548   -26.840     1.08    1.96
 140086.494   -26.321     1.38    2.18
 140462.427   -25.929     1.04    2.74
 140838.345   -25.791     0.37    3.12
 141214.249   -25.406     1.03    2.94
 141590.139   -25.035     0.99    3.15
 141966.015   -25.215    -0.48    2.92
 142341.877   -25.328    -0.30    2.23
 142717.725   -25.953    -1.66    2.00
 143093.559   -26.739    -2.09    1.62
 143469.378   -26.782    -0.11    1.67
 143845.184   -26.715     0.18    1.89
 144220.976   -26.596     0.32    1.86
 144596.753   -26.171     1.13    1.96
 144972.516   -26.425    -0.68    1.61
 145348.266   -25.882     1.45    1.98
 145724.001   -25.499     1.02    2.02
 146099.722   -25.310     0.50    2.00
 146475.430   -25.525    -0.57    1.83
 146851.123   -25.718    -0.51    2.05
 147226.802   -25.996    -0.74    2.11
 147602.467   -25.810     0.49    2.24
 147978.118   -25.669     0.38    2.07
 148353.755   -25.816    -0.39    1.94
 148729.378   -25.620     0.52    1.59
 149104.987   -25.896    -0.73    1.52
 149480.582   -25.829     0.18    1.46
 149856.163   -25.570     0.69    1.46
 150231.730   -25.181     1.04    1.77
 150607.283   -25.287    -0.28    1.80
 150982.821   -25.496    -0.56    2.04
 151358.346   -26.028    -1.42    1.93
 151733.857   -26.263    -0.63    1.72
 152109.354   -26.414    -0.40    1.88
 152484.837   -26.025     1.04    1.98
 152860.306   -25.382     1.71    2.10
 153235.761   -25.084     0.79    2.06
 153611.202   -24.596     1.30    1.80
 153986.629   -24.892    -0.79    1.92
 154362.042   -25.071    -0.48    1.71
 154737.441   -25.084    -0.04    1.82
 155112.826   -24.763     0.86    2.12
 155488.197   -24.340     1.13    2.00
 155863.554   -24.573    -0.62    2.24
 156238.897   -24.622    -0.13    1.85
 156614.226   -25.084    -1.23    2.00
 156989.541   -25.191    -0.29    2.08
 157364.843   -25.157     0.09    2.05
 157740.130   -25.028     0.34    2.22
 158115.404   -24.391     1.70    1.94
 158490.663   -24.882    -1.31    1.99
 158865.908   -25.168    -0.76    1.98
 159241.140   -25.133     0.09    1.94
 159616.358   -24.962     0.45    2.05
 159991.561   -24.721     0.64    2.27
 160366.751   -24.938    -0.58    2.28
 160741.927   -24.620     0.85    2.10
 161117.089   -24.829    -0.55    1.96
 161492.237   -24.474     0.94    1.91
 161867.371   -24.715    -0.64    2.14
 162242.492   -25.215    -1.33    1.94
 162617.598   -25.133     0.22    2.21
 162992.690   -24.840     0.78    2.66
 163367.769   -24.352     1.30    2.24
 163742.834   -24.425    -0.20    2.31
 164117.885   -24.922    -1.32    2.39
 164492.921   -25.501    -1.54    2.08
 164867.944   -26.015    -1.37    1.74
 165242.954   -25.906     0.29    1.72
 165617.949   -25.572     0.89    1.82
 165992.930   -24.946     1.67    1.96
 166367.898   -24.548     1.06    1.77
 166742.851   -24.718    -0.45    1.50
 167117.791   -24.691     0.07    1.53
 167492.717   -24.791    -0.27    1.87
 167867.629   -25.017    -0.60    1.84
 168242.527   -24.596     1.12    2.17
 168617.412   -24.986    -1.04    2.08
 168992.282   -24.742     0.65    2.06
 169367.139   -24.429     0.83    2.16
 169741.982   -23.929     1.33    2.16
 170116.811   -23.778     0.40    1.91
 170491.626   -23.827    -0.13    1.99
 170866.427   -23.858    -0.08    1.81
 171241.215   -23.805     0.14    1.88
 171615.989   -23.742     0.17    1.99
 171990.749   -23.346     1.06    1.82
 172365.495   -22.833     1.37    1.50
 172740.227   -22.619     0.57    1.50
 173114.945   -22.864    -0.66    1.70
 173489.650   -22.906    -0.11    1.63
 173864.341   -22.572     0.89    2.07
 174239.018   -22.545     0.07    1.99
 174613.681   -22.666    -0.32    1.87
 174988.331   -22.675    -0.02    1.75
 175362.967   -23.035    -0.96    1.86
 175737.588   -23.279    -0.65    1.47
 176112.197   -23.450    -0.46    1.67
 176486.791   -23.691    -0.64    1.87
 176861.372   -23.821    -0.35    1.94
 177235.938   -23.669     0.41    1.97
 177610.491   -23.523     0.39    2.00
 177985.031   -22.953     1.52    1.66
 178359.556   -22.962    -0.02    1.80
 178734.068   -22.787     0.47    1.73
 179108.566   -22.425     0.96    1.51
 179483.050   -22.401     0.07    1.38
 179857.521   -22.929    -1.41    1.46
 180231.977   -23.131    -0.54    1.74
 180606.420   -23.596    -1.24    1.52
 180980.850   -23.834    -0.64    2.08
 181355.265   -23.864    -0.08    2.05
 181729.667   -24.572    -1.89    1.93
 182104.055   -24.371     0.54    2.19
 182478.430   -24.572    -0.54    1.92
 182852.790   -24.396     0.47    1.77
 183227.137   -24.239     0.42    1.69
 183601.470   -24.144     0.25    1.56
 183975.790   -24.596    -1.21    1.79
 184350.096   -25.168    -1.53    1.76
 184724.388   -25.438    -0.72    1.60
 185098.666   -25.414     0.06    2.05
 185472.931   -25.011     1.08    2.18
 185847.182   -24.429     1.55    2.21
 186221.419   -24.255     0.47    2.36
 186595.643   -23.878     1.01    2.20
 186971.011   -23.914    -0.10    1.91
 187347.965   -23.673     0.64    2.02
 187724.906   -23.334     0.90    1.47
 188101.833   -23.303     0.08    1.58
 188478.745   -23.471    -0.44    1.87
 188855.644   -23.755    -0.75    1.94
 189232.529   -23.701     0.14    2.04
 189609.400   -24.059    -0.95    1.86
 189986.258   -24.131    -0.19    1.78
 190363.101   -24.596    -1.23    1.75
 190739.931   -25.051    -1.21    1.62
 191116.746   -25.043     0.02    1.72
 191493.548   -24.382     1.76    2.09
 191870.336   -24.224     0.42    2.23
 192247.110   -24.035     0.50    2.20
 192623.871   -23.480     1.47    2.38
 193000.617   -22.904     1.53    2.35
 193377.350   -22.739     0.44    2.02
 193754.068   -22.882    -0.38    1.66
 194130.773   -23.120    -0.63    1.89
 194507.464   -23.477    -0.95    2.01
 194884.141   -23.196     0.75    1.97
 195260.805   -23.025     0.46    1.65
 195637.455   -23.421    -1.05    1.92
 196014.090   -23.810    -1.03    2.20
 196390.712   -24.596    -2.09    2.51
 196767.320   -24.791    -0.52    2.29
 197143.915   -25.059    -0.71    1.82
 197520.495   -24.328     1.94    1.63
 197897.062   -23.810     1.37    1.46
 198273.615   -24.144    -0.89    1.53
 198650.154   -24.525    -1.01    1.64
 199026.679   -25.255    -1.94    2.04
 199403.191   -26.317    -2.82    2.74
 199779.689   -26.620    -0.81    3.31
 200156.173   -26.796    -0.47    3.36
 200532.643   -27.157    -0.96    3.45
 200909.100   -27.364    -0.55    3.36
 201285.542   -26.787     1.53    3.81
 201661.971   -25.715     2.85    4.20
 202038.386   -24.321     3.70    3.72
 202414.788   -23.021     3.45    2.41
 202791.175   -22.787     0.62    1.64
 203167.549   -23.157    -0.98    1.70
 203543.909   -23.718    -1.49    2.03
 203920.256   -24.035    -0.84    2.16
 204296.588   -24.206    -0.45    2.35
 204672.907   -24.288    -0.22    2.49
 205049.212   -24.548    -0.69    2.66
 205425.504   -25.474    -2.46    3.07
 205801.782   -26.072    -1.59    2.45
 206178.046   -26.046     0.07    2.40
 206554.296   -25.807     0.64    2.38
 206930.532   -25.759     0.13    2.37
 207306.755   -25.986    -0.60    2.21
 207682.964   -26.352    -0.97    2.13
 208059.160   -25.669     1.82    2.04
 208435.341   -25.417     0.67    2.13
 208811.509   -25.505    -0.24    2.15
 209187.664   -25.288     0.58    2.10
 209563.804   -26.072    -2.08    2.43
 209939.931   -27.154    -2.88    2.23
 210316.044   -28.109    -2.54    2.34
 210692.144   -29.028    -2.44    1.44
 211068.229   -29.237    -0.56    1.37
 211444.302   -29.334    -0.26    1.38
 211820.360   -29.239     0.25    1.68
 212196.405   -29.021     0.58    2.09
 212572.436   -28.755     0.71    2.38
 212948.453   -28.649     0.28    2.30
 213324.457   -28.072     1.53    2.32
 213700.447   -26.929     3.04    2.29
 214076.424   -26.929     0.00    2.48
 214452.387   -26.501     1.14    2.63
 214828.336   -25.929     1.52    2.42
 215204.271   -25.834     0.25    2.18
 215580.193   -25.913    -0.21    1.94
 215956.102   -25.739     0.46    2.10
 216331.996   -25.787    -0.13    2.09
 216707.877   -25.694     0.25    2.15
 217083.744   -25.230     1.23    2.05
 217459.598   -24.696     1.42    1.65
 217835.438   -24.572     0.33    2.02
 218211.265   -24.171     1.07    2.25
 218587.078   -23.962     0.56    2.27
 218962.877   -24.450    -1.30    2.32
 219338.662   -24.666    -0.57    2.43
 219714.434   -24.450     0.58    2.52
 220090.193   -23.621     2.20    2.88
 220465.938   -23.072     1.46    2.49
 220841.669   -23.133    -0.16    2.53
 221217.387   -23.548    -1.11    2.45
 221593.091   -25.059    -4.02    2.27
 221968.781   -26.146    -2.89    2.24
 222344.458   -25.986     0.43    2.34
 222720.121   -25.953     0.09    2.63
 223095.771   -25.906     0.13    2.95
 223471.407   -24.401     4.00    3.16
 223847.030   -23.477     2.46    3.51
 224222.639   -22.821     1.75    3.25
 224598.234   -21.571     3.33    2.43
 224973.816   -21.001     1.52    2.97
 225349.384   -20.230     2.05    3.28
 225724.939   -19.230     2.66    3.14
 226100.480   -18.816     1.10    3.09
 226476.008   -19.517    -1.87    2.81
 226851.522   -18.712     2.14    2.53
 227227.023   -18.827    -0.30    1.84
 227602.510   -18.864    -0.10    1.91
 227977.983   -18.834     0.08    1.85
 228353.443   -19.196    -0.96    2.05
 228728.889   -20.028    -2.22    2.15
 229104.322   -20.288    -0.69    2.20
 229479.742   -20.782    -1.31    1.95
 229855.148   -21.035    -0.67    1.88
 230230.540   -20.913     0.32    1.84
 230605.919   -20.410     1.34    2.25
 230981.284   -19.776     1.69    2.28
 231356.636   -19.664     0.30    2.11
 231731.974   -19.801    -0.36    2.03
 232107.299   -20.453    -1.74    1.97
 232482.611   -20.767    -0.84    1.82
 232857.909   -20.776    -0.02    1.73
 233233.193   -20.945    -0.45    1.70
 233608.464   -20.807     0.37    1.83
 233983.721   -21.059    -0.67    2.01
 234358.965   -21.620    -1.49    2.20
 234734.196   -21.718    -0.26    2.14
 235109.413   -21.882    -0.44    2.30
 235484.616   -21.596     0.76    2.23
 235859.806   -21.986    -1.04    2.06
 236234.983   -22.742    -2.01    2.58
 236610.146   -23.834    -2.91    3.08
 236985.296   -24.889    -2.81    3.13
 237360.432   -25.429    -1.44    2.97
 237735.555   -25.864    -1.16    3.43
 238110.664   -25.821     0.12    3.99
 238485.760   -25.572     0.66    3.82
 238860.842   -25.759    -0.50    3.85
 239235.911   -25.596     0.43    3.75
 239610.967   -25.025     1.52    3.53
 239986.009   -23.771     3.34    3.19
 240361.038   -22.840     2.48    2.84
 240736.053   -22.694     0.39    2.37
 241111.055   -22.986    -0.78    2.72
 241486.043   -23.962    -2.60    3.23
 241861.018   -24.986    -2.73    3.02
 242235.980   -25.108    -0.33    3.00
 242610.928   -25.121    -0.03    3.42
 242985.863   -24.048     2.86    3.79
 243360.784   -22.955     2.92    3.21
 243735.693   -22.548     1.08    2.78
 244110.587   -22.953    -1.08    2.62
 244485.468   -23.429    -1.27    2.54
 244860.336   -23.882    -1.21    2.88
 245235.191   -24.359    -1.27    2.67
 245610.032   -24.096     0.70    3.43
 245984.860   -23.446     1.73    3.42
 246359.674   -23.480    -0.09    3.23
 246734.475   -22.668     2.17    2.99
 247109.263   -22.186     1.28    2.37
 247484.037   -22.937    -2.00    3.06
 247858.798   -23.622    -1.83    3.66
 248233.545   -23.971    -0.93    3.71
 248608.279   -23.864     0.28    3.74
 248983.000   -24.425    -1.50    4.19
 249357.708   -24.712    -0.77    4.19
 249732.402   -25.491    -2.08    4.06
 250107.083   -25.021     1.25    3.93
 250481.750   -23.977     2.79    3.79
 250856.404   -23.840     0.37    3.47
 251231.045   -24.450    -1.63    3.60
 251605.673   -26.401    -5.21    4.10
 251980.287   -28.321    -5.12    3.85
 252354.887   -29.071    -2.00    3.25
 252729.475   -29.496    -1.13    2.89
