# NaN NaN NaN ;Mean Elev.(m), Avg Gradient(m/km), RMS Gradient(m/km) - SRTM1     
#   32.000  -0.876  22.887 ;Mean Elev.(m), Avg Gradient(m/km), RMS Gradient(m/km) - ASTER GDEM
#   46.041  -0.435  22.250 ;Mean Elev.(m), Avg Gradient(m/km), RMS Gradient(m/km) - GMTED2010 
  6  91.704841  26.178096    48.341    48.843  3 52439.17369628 28.061
  7  91.709419  26.178236    48.783    48.787  3 52474.17369500 35.732
  8  91.715024  26.178092    43.509    43.537  3 52509.17365947 35.251
  9  91.723444  26.183051    47.768    47.721  5 52544.17365521 35.660
 10  91.711792  26.177266    46.490    45.219  3 52579.17369749 32.164
 11  91.708862  26.178323    43.917    43.939  3 52614.17366402 41.710
 12  91.718437  26.178685    43.311    43.283  3 52649.17364422 40.550
 13  91.719006  26.179533    47.973    50.358  3 52684.17362431 19.531
 14  91.712807  26.178527    58.781    58.494  4 52719.17367887 18.984
 16  91.717593  26.179903    46.160    46.160  2 52789.17364995 35.370
 17  91.718381  26.180244    49.758    49.795  3 52824.17372054 34.706
 18  91.719900  26.179074    49.768    49.134  3 52859.17376697 18.982
 19  91.710828  26.177484    48.935    48.902  3 52894.17379875 25.910
 20  91.708167  26.178513    47.800    47.834  3 52929.17374872 31.816
 21  91.722216  26.181317    45.607    44.382  4 52964.17373272 23.770
 22  91.708232  26.178372    43.239    43.240  3 52999.17377011 44.361
 23  91.708910  26.177469    46.037    47.533  3 53034.17372197 31.324
 24  91.716215  26.179095    42.650    42.709  3 53069.17373765 31.679
 25  91.707416  26.177876    51.603    49.346  3 53104.17372373 21.528
 26  91.718584  26.179594    45.098    45.098  2 53139.17374214 30.979
 28  91.711652  26.177889    50.641    50.649  4 53209.17379847 30.190
 29  91.715038  26.178917    48.670    48.606  3 53244.17376580 30.411
 30  91.716991  26.180506    47.482    47.501  3 53279.17374461 31.995
 56  91.711920  26.179059    42.563    42.556  3 54189.17365254 47.900
 57  91.714855  26.180050    49.406    49.194  3 54224.17369375 21.440
 58  91.715007  26.178853    46.866    46.899  3 54259.17371512 39.856
 59  91.716085  26.180288    48.292    48.296  3 54294.17371846 35.213
 60  91.716017  26.180427    48.883    48.878  3 54329.17371232 34.138
 61  91.711495  26.177813    48.822    48.816  3 54364.17365941 32.910
 62  91.717155  26.179925    48.468    48.738  3 54399.17365320 23.112
 63  91.713333  26.178183    43.684    43.687  4 54434.17361137 47.053
 64  91.719289  26.180661    42.639    42.645  3 54469.17363595 42.038
 66  91.716495  26.180176    42.571    42.569  3 54539.17365131 51.394
 67  91.713506  26.178857    49.710    49.366  3 54574.17362636 21.402
 68  91.715201  26.179758    45.928    45.925  3 54609.17364400 40.735
 69  91.713757  26.178332    48.592    48.641  3 54644.17365254 31.005
 70  91.713839  26.179183    49.229    49.251  3 54679.17365369 24.783
 71  91.713526  26.178689    50.029    49.970  3 54714.17360567 34.504
 72  91.715372  26.180159    46.515    46.580  3 54749.17362372 30.873
 73  91.714198  26.178339    44.172    44.173  3 54784.17359395 34.521
 74  91.716985  26.180686    42.987    43.029  3 54819.17361558 44.913
 75  91.714438  26.178663    47.306    49.402  3 54854.17359057 22.712
 76  91.712686  26.177646    45.600    45.572  4 54889.17362153 24.589
 77  91.709637  26.177450    51.277    48.921  3 54924.17359023 21.470
 78  91.714504  26.177803    47.392    48.229  3 54959.17361816 29.355
 79  91.711698  26.177548    46.295    45.514  4 54994.17364084 33.428
 80  91.714097  26.178764    48.060    48.063  3 55029.17363056 25.585
 81  91.714924  26.178987    49.236    49.236  2 55064.17362171 32.955
 82  91.709787  26.177731    48.237    47.964  4 55099.17356730 31.145
 83  91.715555  26.179602    44.281    44.281  2 55134.17356652 31.926
 84  91.714678  26.180015    43.244    43.241  3 55169.17353053 42.683
 85  91.715328  26.178981    42.455    42.434  3 55204.17355930 43.722
 86  91.711431  26.177055    41.870    41.854  3 55239.17353856 50.418
 87  91.713703  26.178551    42.532    42.533  4 55274.17355319 47.358
 88  91.712788  26.178116    49.599    49.294  4 55309.17352083 25.381
 90  91.713692  26.178341    49.232    49.205  3 55379.17351623 28.663
 91  91.716941  26.180439    48.936    48.961  3 55414.17354061 37.016
 92  91.715136  26.180431    49.978    50.001  3 55449.17352855 32.911
 93  91.712292  26.178231    50.347    50.414  3 55484.17345566 18.008
