# NaN NaN NaN ;Mean Elev.(m), Avg Gradient(m/km), RMS Gradient(m/km) - SRTM1     
#   60.006  -0.364   4.362 ;Mean Elev.(m), Avg Gradient(m/km), RMS Gradient(m/km) - ASTER GDEM
#   78.570  -0.687   2.101 ;Mean Elev.(m), Avg Gradient(m/km), RMS Gradient(m/km) - GMTED2010 
  9  93.788887  26.813741    76.843    76.843  2 52531.64413123 51.956
 11  93.790945  26.816239    74.910    74.910  2 52601.64416404 51.504
 13  93.793388  26.816758    73.968    73.968  2 52671.64413415 47.930
 14  93.793854  26.815754    74.796    74.796  2 52706.64413296 49.396
 15  93.791696  26.816167    75.477    75.477  2 52741.64416533 41.138
 18  93.790959  26.815596    78.747    78.747  2 52846.64424141 33.511
 19  93.791519  26.815425    78.758    78.758  2 52881.64427817 38.494
 21  93.795535  26.817280    75.613    75.651  3 52951.64419633 44.166
 23  93.797968  26.822742    74.313    74.313  2 53021.64420398 33.759
 25  93.789444  26.814151    77.177    77.177  2 53091.64423065 47.370
 26  93.794913  26.816373    75.827    75.827  2 53126.64420179 43.124
 28  93.795353  26.818400    81.090    81.090  2 53196.64426351 35.683
 30  93.796556  26.817200    77.438    77.438  2 53266.64421397 42.971
 32  93.794317  26.816572    74.967    74.967  2 53336.64423622 36.894
 34  93.795037  26.815574    74.238    74.238  2 53406.64420870 34.380
 36  93.788255  26.813703    76.836    76.836  2 53476.64426302 52.168
 37  93.793922  26.814571    76.916    76.916  2 53511.64427659 45.542
 38  93.790425  26.816136    78.804    78.804  2 53546.64429426 49.886
 39  93.795199  26.817245    78.569    78.569  2 53581.64426595 47.295
 40  93.794216  26.817311    78.794    78.794  2 53616.64422126 44.971
 41  93.793571  26.816967    77.192    77.192  2 53651.64423672 52.508
 42  93.790541  26.815406    75.343    75.343  2 53686.64424169 50.374
 44  93.798135  26.821616    74.402    74.402  2 53756.64409890 37.934
 46  93.795504  26.817500    75.161    75.161  2 53826.64408697 49.512
 47  93.789912  26.814552    76.439    76.439  2 53861.64417574 49.865
 48  93.794322  26.816736    78.582    78.582  2 53896.64419664 47.652
 50  93.789750  26.814125    76.989    76.989  2 53966.64422191 51.384
 51  93.792798  26.816924    77.408    77.408  2 54001.64418487 49.609
 52  93.795621  26.817732    75.486    75.544  3 54036.64422460 49.072
 53  93.795758  26.818105    74.692    74.692  2 54071.64421868 48.182
 54  93.796479  26.818244    74.253    74.253  2 54106.64416991 51.449
 55  93.792220  26.817171    74.214    74.214  2 54141.64415278 48.021
 56  93.795636  26.816366    74.564    74.564  2 54176.64415115 47.340
 57  93.791891  26.816042    75.416    75.416  2 54211.64415937 32.125
 58  93.793205  26.816794    78.539    78.539  2 54246.64418945 44.789
 60  93.796493  26.817635    79.180    79.180  2 54316.64419791 46.524
 61  93.796492  26.818299    80.253    80.313  3 54351.64416489 41.096
 62  93.795101  26.815255    77.088    77.088  2 54386.64413671 51.227
 63  93.795435  26.817330    74.872    74.865  3 54421.64411429 48.242
 64  93.792630  26.816984    74.039    74.039  2 54456.64411017 48.782
 65  93.796527  26.817191    74.029    74.029  2 54491.64411608 49.227
 66  93.794856  26.817657    74.168    74.168  2 54526.64412293 50.234
 67  93.795903  26.817152    75.838    75.838  2 54561.64412451 49.548
 69  93.793343  26.815926    78.675    78.675  2 54631.64413225 44.383
 70  93.793111  26.815228    78.711    78.711  2 54666.64413810 47.548
 71  93.796989  26.820943    79.376    79.376  2 54701.64410712 48.795
 72  93.792269  26.816882    76.937    76.937  2 54736.64409868 47.294
 73  93.796475  26.817631    76.137    76.099  3 54771.64408676 49.085
 74  93.791379  26.816015    73.762    73.760  3 54806.64409189 46.298
 75  93.794970  26.817892    73.203    73.203  2 54841.64408332 48.869
 76  93.792275  26.817225    73.137    73.137  2 54876.64409372 41.676
 77  93.794783  26.817874    74.077    74.077  2 54911.64408803 49.192
 78  93.791384  26.816085    76.049    76.053  3 54946.64408647 49.854
 79  93.793011  26.816362    77.184    77.184  2 54981.64411251 50.131
 80  93.794811  26.815317    79.017    79.017  2 55016.64411239 41.953
 81  93.795842  26.816151    78.647    78.647  2 55051.64410754 46.313
 82  93.796441  26.817162    77.293    77.311  3 55086.64407228 46.406
 83  93.794239  26.816692    76.182    76.182  2 55121.64404181 49.585
 84  93.795207  26.814929    75.694    75.694  2 55156.64403171 48.288
 85  93.791784  26.815993    73.572    73.572  2 55191.64403150 48.314
 86  93.794565  26.818172    73.099    73.099  2 55226.64403324 49.557
 87  93.795208  26.815264    74.086    74.086  2 55261.64402650 44.114
 88  93.796448  26.817043    76.741    76.750  3 55296.64401802 48.573
 89  93.793046  26.815401    78.947    78.947  2 55331.64400744 40.965
 90  93.795518  26.818328    78.733    78.733  2 55366.64400030 51.310
 91  93.792322  26.817475    79.547    79.547  2 55401.64401377 51.721
 92  93.796712  26.817264    79.480    79.480  2 55436.64401768 50.375
