# NaN NaN NaN ;Mean Elev.(m), Avg Gradient(m/km), RMS Gradient(m/km) - SRTM1     
#   45.825  -0.044   2.873 ;Mean Elev.(m), Avg Gradient(m/km), RMS Gradient(m/km) - ASTER GDEM
#   57.218  -0.022   2.155 ;Mean Elev.(m), Avg Gradient(m/km), RMS Gradient(m/km) - GMTED2010 
  7    59.564 52464.64809185 44.49  92.431088  26.532010 37.890
  7    59.510 52464.64809249 46.17  92.430240  26.535299 34.793
  7    59.473 52464.64809314 44.10  92.429390  26.538589 34.793
  7    59.468 52464.64809378 42.73  92.428550  26.541879 34.793
  7    59.485 52464.64809443 40.01  92.427700  26.545179 34.793
  7    59.395 52464.64809507 38.36  92.426850  26.548469 34.793
  7    59.320 52464.64809572 38.51  92.426000  26.551759 34.793
  7    59.631 52464.64809636 42.22  92.425150  26.555049 34.793
  7    59.720 52464.64809701 46.53  92.424300  26.558339 34.793
  8    59.198 52499.64808826 43.94  92.432120  26.533339 27.712
  8    59.173 52499.64808891 39.69  92.431270  26.536629 27.712
  8    59.181 52499.64808955 30.92  92.430430  26.539919 27.712
  8    59.277 52499.64809019 34.15  92.429580  26.543219 27.712
  8    59.223 52499.64809084 33.76  92.428730  26.546509 27.712
  8    59.051 52499.64809148 32.95  92.427880  26.549799 27.712
  8    59.282 52499.64809213 33.21  92.427030  26.553089 27.712
  8    59.413 52499.64809277 38.22  92.426183  26.556378 41.511
  8    59.598 52499.64809342 42.82  92.425333  26.559668 41.511
  9    57.795 52534.64807433 27.56  92.425424  26.525070 17.626
  9    57.900 52534.64807497 27.12  92.424574  26.528370 17.626
  9    58.012 52534.64807562 28.00  92.423724  26.531660 17.626
  9    58.255 52534.64807626 24.63  92.422874  26.534950 17.626
  9    57.333 52534.64807820 32.58  92.420324  26.544820 17.626
  9    57.401 52534.64807884 31.13  92.419474  26.548120 17.626
  9    57.289 52534.64807949 32.88  92.418634  26.551410 17.626
 10    57.402 52569.64810489 29.39  92.430291  26.529858 15.549
 10    58.191 52569.64810553 27.56  92.429441  26.533148 15.549
 10    58.051 52569.64810618 24.59  92.428591  26.536438 15.549
 10    57.173 52569.64810682 27.82  92.427741  26.539728 15.549
 10    56.879 52569.64810747 27.80  92.426891  26.543018 15.549
 10    56.717 52569.64810811 27.22  92.426051  26.546308 15.549
 10    56.601 52569.64810876 21.72  92.425201  26.549608 15.549
 10    56.438 52569.64810940 18.82  92.424351  26.552898 15.549
 10    56.569 52569.64811004 21.68  92.423506  26.556185 28.921
 11    56.099 52604.64808566 29.10  92.431207  26.529675 20.517
 11    57.796 52604.64808631 25.35  92.430357  26.532965 20.517
 11    57.057 52604.64808695 28.46  92.429517  26.536255 20.517
 11    55.458 52604.64808760 28.28  92.428667  26.539545 20.517
 11    55.490 52604.64808824 26.03  92.427817  26.542845 20.517
 11    55.362 52604.64808888 27.59  92.426967  26.546135 20.517
 11    54.836 52604.64808953 31.53  92.426117  26.549425 20.517
 11    55.069 52604.64809017 44.81  92.425270  26.552714 28.292
 11    55.066 52604.64809082 52.51  92.424420  26.556004 28.292
 12    53.501 52639.64806776 21.35  92.427382  26.526201 17.741
 12    53.848 52639.64806840 21.30  92.426532  26.529501 17.741
 12    54.203 52639.64806904 24.51  92.425682  26.532791 17.741
 12    54.523 52639.64806969 38.42  92.424832  26.536081 17.741
 12    53.415 52639.64807162 28.99  92.422282  26.545951 17.741
 12    54.292 52639.64807227 28.63  92.421442  26.549241 17.741
 12    54.289 52639.64807291 48.91  92.420592  26.552531 17.741
 13    51.413 52674.64806392 24.44  92.431454  26.532991 24.291
 13    54.018 52674.64806456 25.65  92.430604  26.536281 24.291
 13    52.815 52674.64806521 27.42  92.429759  26.539571 21.417
 13    53.371 52674.64806585 30.75  92.428909  26.542861 21.417
 13    53.570 52674.64806650 34.49  92.428059  26.546151 21.417
 13    53.945 52674.64806714 48.19  92.427219  26.549451 21.417
 13    53.925 52674.64806779 55.08  92.426369  26.552741 21.417
 13    53.998 52674.64806843 51.10  92.425519  26.556031 21.417
 14    53.519 52709.64807991 20.10  92.428883  26.527246  6.344
 14    53.627 52709.64808056 20.73  92.428033  26.530536  6.344
 14    56.063 52709.64808120 20.87  92.427183  26.533826  6.344
 14    54.150 52709.64808185 26.75  92.426333  26.537116  6.344
 14    57.137 52709.64808314 22.05  92.424643  26.543706  6.344
 14    54.282 52709.64808378 22.97  92.423793  26.546996  6.344
 14    56.591 52709.64808442 22.08  92.422943  26.550286  6.344
 14    55.664 52709.64808507 23.79  92.422093  26.553576  6.344
 16    56.101 52779.64804442 23.92  92.426966  26.526139 14.704
 16    55.989 52779.64804506 26.13  92.426116  26.529429 14.704
 16    56.087 52779.64804571 24.79  92.425266  26.532719 14.704
 16    56.186 52779.64804635 43.07  92.424416  26.536009 14.704
 16    56.341 52779.64804829 28.36  92.421866  26.545879 14.704
 16    56.401 52779.64804893 25.83  92.421016  26.549179 14.704
 16    56.290 52779.64804958 25.65  92.420176  26.552469 14.704
 17    58.560 52814.64812802 42.26  92.425522  26.526519 29.495
 17    58.540 52814.64812866 42.32  92.424672  26.529809 29.495
 17    58.559 52814.64812931 44.40  92.423822  26.533099 29.495
 17    58.597 52814.64812995 41.25  92.422972  26.536389 29.495
 17    58.701 52814.64813188 39.39  92.420422  26.546269 29.495
 17    58.746 52814.64813253 37.96  92.419582  26.549559 29.495
 17    58.702 52814.64813317 39.43  92.418732  26.552849 29.495
 18    58.298 52849.64818101 42.63  92.428554  26.529084 29.794
 18    58.464 52849.64818166 36.41  92.427704  26.532374 29.794
 18    58.603 52849.64818230 34.98  92.426854  26.535664 29.794
 18    58.255 52849.64818424 38.96  92.424304  26.545534 29.794
 18    58.176 52849.64818488 35.56  92.423454  26.548834 29.794
 18    58.131 52849.64818553 31.39  92.422604  26.552124 29.794
 18    58.220 52849.64818617 32.26  92.421764  26.555414 29.794
 19    58.345 52884.64821610 25.38  92.427838  26.527928 22.211
 19    58.433 52884.64821675 26.42  92.426998  26.531228 22.211
 19    58.645 52884.64821739 20.29  92.426148  26.534518 22.211
 19    58.217 52884.64821804 19.13  92.425298  26.537808 22.211
 19    57.798 52884.64821933 23.92  92.423598  26.544388 22.211
 19    58.054 52884.64821997 29.38  92.422748  26.547678 22.211
 19    58.510 52884.64822061 29.10  92.421908  26.550978 22.211
 19    58.537 52884.64822126 30.42  92.421058  26.554268 22.211
 20    58.541 52919.64817335 38.49  92.432146  26.534201 25.450
 20    58.576 52919.64817399 41.33  92.431296  26.537501 25.450
 20    58.598 52919.64817464 45.64  92.430456  26.540791 25.450
 20    58.620 52919.64817528 46.69  92.429606  26.544081 25.450
 20    58.623 52919.64817593 50.37  92.428756  26.547371 25.450
 20    58.589 52919.64817657 46.49  92.427906  26.550661 25.450
 20    58.601 52919.64817722 45.90  92.427056  26.553951 25.450
 20    58.645 52919.64817786 46.30  92.426216  26.557241 25.450
 21    57.679 52954.64813722 32.31  92.431615  26.536729 21.280
 21    56.470 52954.64813787 43.48  92.430765  26.540019 21.280
 21    55.799 52954.64813851 33.71  92.429915  26.543309 21.280
 21    55.929 52954.64813916 39.66  92.429065  26.546599 21.280
 21    55.854 52954.64813980 48.90  92.428225  26.549899 21.280
 21    55.799 52954.64814045 45.32  92.427375  26.553189 21.280
 21    55.882 52954.64814109 52.27  92.426525  26.556479 21.280
 21    55.990 52954.64814174 49.08  92.425675  26.559769 21.280
 22    55.753 52989.64814739 28.43  92.436783  26.537903 28.791
 22    55.929 52989.64814804 31.72  92.435933  26.541193 28.791
 22    54.670 52989.64814868 30.19  92.435093  26.544483 28.791
 22    54.747 52989.64814933 45.79  92.434243  26.547783 28.791
 22    54.792 52989.64814997 54.06  92.433393  26.551073 28.791
 22    54.838 52989.64815062 53.02  92.432543  26.554363 28.791
 23    53.991 53024.64812763 25.40  92.437728  26.538821 26.819
 23    54.404 53024.64812828 26.40  92.436878  26.542111 26.819
 23    54.141 53024.64812892 29.94  92.436028  26.545401 26.819
 23    54.153 53024.64812957 35.86  92.435182  26.548690 24.945
 23    54.163 53024.64813021 46.58  92.434332  26.551980 24.945
 23    54.299 53024.64813086 49.90  92.433482  26.555270 24.945
 24    54.679 53059.64812632 23.45  92.436604  26.538826 25.408
 24    54.505 53059.64812697 28.15  92.435764  26.542126 25.408
 24    53.817 53059.64812761 32.06  92.434914  26.545416 25.408
 24    54.247 53059.64812826 44.19  92.434064  26.548706 25.408
 24    54.301 53059.64812890 50.49  92.433214  26.551996 25.408
 24    54.017 53059.64812955 52.88  92.432364  26.555286 25.408
 25    55.532 53094.64816119 18.69  92.427329  26.526219 10.064
 25    55.669 53094.64816183 19.87  92.426479  26.529509 10.064
 25    56.727 53094.64816248 18.44  92.425639  26.532799 10.064
 25    56.963 53094.64816312 21.37  92.424788  26.536088 12.725
 25    56.748 53094.64816506 20.10  92.422238  26.545968 12.725
 25    56.774 53094.64816570 21.84  92.421398  26.549258 12.725
 25    56.498 53094.64816635 23.10  92.420548  26.552548 12.725
 26    56.464 53129.64813517 31.67  92.433107  26.536641 25.122
 26    56.244 53129.64813582 43.91  92.432257  26.539931 25.122
 26    56.223 53129.64813646 31.65  92.431407  26.543231 25.122
 26    55.870 53129.64813711 33.12  92.430557  26.546521 25.122
 26    55.950 53129.64813775 46.90  92.429707  26.549811 25.122
 26    55.889 53129.64813839 44.76  92.428857  26.553101 25.122
 26    55.867 53129.64813904 52.12  92.428007  26.556391 25.122
 28    60.176 53199.64820441 50.60  92.430486  26.529643 32.477
 28    60.150 53199.64820505 52.42  92.429636  26.532933 32.477
 28    60.164 53199.64820570 49.01  92.428786  26.536223 32.477
 28    60.211 53199.64820634 42.64  92.427936  26.539513 32.477
 28    60.217 53199.64820698 37.54  92.427086  26.542803 32.477
 28    59.964 53199.64820763 33.16  92.426236  26.546093 32.477
 28    59.799 53199.64820827 33.49  92.425386  26.549393 32.477
 28    59.749 53199.64820892 34.19  92.424546  26.552683 32.477
 28    60.089 53199.64820956 36.13  92.423696  26.555973 32.477
 29    58.659 53234.64817584 44.32  92.438118  26.539731 28.856
 29    58.831 53234.64817649 44.51  92.437278  26.543021 28.856
 29    58.801 53234.64817713 48.63  92.436428  26.546311 28.856
 29    58.795 53234.64817778 49.58  92.435578  26.549601 28.856
 29    58.879 53234.64817842 50.33  92.434728  26.552891 28.856
 29    58.898 53234.64817907 48.68  92.433878  26.556181 28.856
 31    56.732 53304.64819981 37.72  92.423232  26.523720 29.446
 31    58.151 53304.64820045 31.75  92.422382  26.527010 29.446
 31    57.923 53304.64820110 42.53  92.421532  26.530300 29.446
 31    58.158 53304.64820174 43.35  92.420682  26.533590 29.446
 31    56.619 53304.64820367 48.66  92.418132  26.543460 29.446
 31    56.570 53304.64820432 48.58  92.417292  26.546760 29.446
 31    56.563 53304.64820496 40.84  92.416442  26.550050 29.446
 32    54.161 53339.64816948 27.15  92.431185  26.530607 31.028
 32    57.671 53339.64817013 29.01  92.430335  26.533897 31.028
 32    55.095 53339.64817077 37.22  92.429485  26.537187 31.028
 32    54.928 53339.64817142 48.62  92.428635  26.540477 31.028
 32    55.108 53339.64817206 51.64  92.427795  26.543767 31.028
 32    54.714 53339.64817271 47.81  92.426945  26.547057 31.028
 32    54.889 53339.64817335 51.04  92.426095  26.550357 31.028
 32    54.917 53339.64817400 49.03  92.425245  26.553647 31.028
 32    54.939 53339.64817464 40.18  92.424395  26.556937 31.028
 33    54.023 53374.64810158 28.81  92.435583  26.535501 40.331
 33    55.297 53374.64810222 37.01  92.434733  26.538791 40.331
 33    54.616 53374.64810287 48.95  92.433883  26.542081 40.331
 33    54.394 53374.64810351 49.67  92.433033  26.545371 40.331
 33    54.349 53374.64810416 51.75  92.432193  26.548661 40.331
 33    54.351 53374.64810480 52.43  92.431343  26.551961 40.331
 33    54.403 53374.64810545 52.25  92.430493  26.555251 40.331
 34    54.218 53409.64814381 26.95  92.432429  26.532203 34.981
 34    54.089 53409.64814445 28.16  92.431579  26.535493 34.981
 34    54.292 53409.64814510 45.32  92.430729  26.538783 34.981
 34    54.320 53409.64814574 53.01  92.429879  26.542073 34.981
 34    54.322 53409.64814639 52.04  92.429039  26.545373 34.981
 34    54.228 53409.64814703 50.59  92.428189  26.548663 34.981
 34    54.252 53409.64814767 51.72  92.427339  26.551953 34.981
 34    54.132 53409.64814832 51.97  92.426489  26.555243 34.981
 34    54.244 53409.64814896 49.61  92.425634  26.558532 25.306
 35    55.604 53444.64812747 34.88  92.433492  26.535150 25.080
 35    55.880 53444.64812812 40.63  92.432642  26.538440 25.080
 35    56.135 53444.64812876 47.70  92.431792  26.541730 25.080
 35    56.068 53444.64812940 47.23  92.430952  26.545020 25.080
 35    56.150 53444.64813005 44.58  92.430102  26.548310 25.080
 35    55.992 53444.64813069 43.04  92.429252  26.551610 25.080
 35    56.118 53444.64813134 42.43  92.428402  26.554900 25.080
 35    56.169 53444.64813198 38.10  92.427552  26.558190 25.080
 36    56.305 53479.64820486 24.89  92.425004  26.522695 21.784
 36    55.958 53479.64820550 25.20  92.424154  26.525985 21.784
 36    56.369 53479.64820615 25.31  92.423304  26.529275 21.784
 36    56.434 53479.64820679 29.48  92.422454  26.532565 21.784
 36    56.288 53479.64820937 32.94  92.419064  26.545735 21.784
 36    56.302 53479.64821002 36.33  92.418219  26.549022 22.245
 36    56.373 53479.64821066 30.62  92.417369  26.552312 22.245
 37    56.985 53514.64821386 34.01  92.430269  26.531609 24.155
 37    56.990 53514.64821450 39.14  92.429419  26.534899 24.155
 37    57.154 53514.64821515 43.84  92.428569  26.538189 24.155
 37    57.270 53514.64821579 49.89  92.427729  26.541489 24.155
 37    57.113 53514.64821644 46.67  92.426879  26.544779 24.155
 37    57.128 53514.64821708 47.28  92.426029  26.548069 24.155
 37    57.147 53514.64821773 48.55  92.425179  26.551359 24.155
 37    57.184 53514.64821837 41.31  92.424327  26.554648 23.012
 37    57.169 53514.64821902 38.69  92.423487  26.557938 23.012
 38    58.621 53549.64823165 40.36  92.427492  26.525003 25.397
 38    58.659 53549.64823229 34.74  92.426642  26.528293 25.397
 38    58.845 53549.64823294 44.29  92.425792  26.531583 25.397
 38    58.680 53549.64823358 42.27  92.424942  26.534873 25.397
 38    58.722 53549.64823552 40.59  92.422402  26.544753 25.397
 38    58.724 53549.64823616 42.73  92.421552  26.548043 25.397
 38    58.833 53549.64823680 43.46  92.420703  26.551334 34.680
 38    58.898 53549.64823745 43.06  92.419853  26.554624 34.680
 39    58.766 53584.64819553 37.14  92.432007  26.536771 26.291
 39    58.481 53584.64819618 39.70  92.431157  26.540061 26.291
 39    58.508 53584.64819682 45.22  92.430307  26.543351 26.291
 39    58.578 53584.64819747 45.12  92.429467  26.546641 26.291
 39    58.399 53584.64819811 41.44  92.428617  26.549941 26.291
 39    58.201 53584.64819876 36.00  92.427767  26.553231 26.291
 39    57.826 53584.64819940 33.82  92.426917  26.556521 26.291
 40    59.203 53619.64815172 43.31  92.430999  26.532780 30.476
 40    59.005 53619.64815236 48.16  92.430149  26.536070 30.476
 40    58.942 53619.64815301 48.92  92.429299  26.539360 30.476
 40    58.900 53619.64815365 48.60  92.428459  26.542650 30.476
 40    58.918 53619.64815430 49.43  92.427609  26.545940 30.476
 40    58.914 53619.64815494 48.14  92.426759  26.549240 30.476
 40    58.912 53619.64815559 49.15  92.425909  26.552530 30.476
 40    59.177 53619.64815623 51.97  92.425059  26.555820 30.476
 41    56.790 53654.64817759 40.21  92.428741  26.529212 36.083
 41    56.902 53654.64817824 35.63  92.427891  26.532502 36.083
 41    57.095 53654.64817888 48.76  92.427041  26.535792 36.083
 41    57.041 53654.64818082 51.36  92.424501  26.545672 36.083
 41    56.871 53654.64818146 54.66  92.423651  26.548962 36.083
 41    56.891 53654.64818211 50.82  92.422806  26.552250 34.491
 41    57.098 53654.64818275 41.88  92.421956  26.555540 34.491
 42    55.212 53689.64817210 24.91  92.429064  26.528973 36.068
 42    55.336 53689.64817275 34.68  92.428214  26.532263 36.068
 42    55.125 53689.64817339 48.68  92.427364  26.535553 36.068
 42    55.667 53689.64817404 53.69  92.426514  26.538843 36.068
 42    55.425 53689.64817533 52.73  92.424814  26.545423 36.068
 42    55.237 53689.64817597 52.93  92.423964  26.548713 36.068
 42    55.542 53689.64817662 40.39  92.423124  26.552013 36.068
 42    54.830 53689.64817726 35.70  92.422274  26.555303 36.068
 43    54.590 53724.64809791 38.71  92.435153  26.537065 40.064
 43    54.493 53724.64809856 51.66  92.434303  26.540355 40.064
 43    54.678 53724.64809920 54.12  92.433453  26.543645 40.064
 43    54.545 53724.64809985 48.66  92.432613  26.546935 40.064
 43    54.331 53724.64810049 41.10  92.431763  26.550235 40.064
 43    54.337 53724.64810114 49.79  92.430913  26.553525 40.064
 43    54.415 53724.64810178 48.72  92.430063  26.556815 40.064
 44    53.966 53759.64804099 42.94  92.434123  26.537160 36.941
 44    54.111 53759.64804163 47.91  92.433273  26.540450 36.941
 44    54.121 53759.64804228 49.67  92.432423  26.543740 36.941
 44    54.142 53759.64804292 47.16  92.431583  26.547040 36.941
 44    53.850 53759.64804357 50.17  92.430733  26.550330 36.941
 44    53.811 53759.64804421 51.90  92.429884  26.553617 30.145
 44    53.841 53759.64804486 41.18  92.429034  26.556907 30.145
 45    54.975 53794.64805945 19.76  92.434705  26.536163 17.442
 45    55.186 53794.64806010 19.06  92.433855  26.539453 17.442
 45    55.891 53794.64806074 18.56  92.433005  26.542743 17.442
 45    54.853 53794.64806139 19.92  92.432165  26.546033 17.442
 45    54.774 53794.64806203 22.51  92.431315  26.549333 17.442
 45    54.724 53794.64806268 26.90  92.430465  26.552623 17.442
 45    54.784 53794.64806332 31.89  92.429615  26.555913 17.442
 46    54.749 53829.64803497 18.39  92.431384  26.530047 10.003
 46    54.221 53829.64803562 21.46  92.430534  26.533337 10.003
 46    54.616 53829.64803626 19.77  92.429684  26.536637 10.003
 46    54.730 53829.64803691 19.45  92.428844  26.539927 10.003
 46    54.802 53829.64803755 19.59  92.427994  26.543217 10.003
 46    54.325 53829.64803820 22.10  92.427145  26.546505 14.648
 46    57.634 53829.64803884 19.13  92.426295  26.549795 14.648
 46    57.923 53829.64803949 18.65  92.425445  26.553085 14.648
 46    54.736 53829.64804013 20.67  92.424595  26.556385 14.648
 47    55.743 53864.64811348 32.68  92.427256  26.526991 24.869
 47    56.160 53864.64811412 36.53  92.426406  26.530281 24.869
 47    56.407 53864.64811477 38.14  92.425566  26.533571 24.869
 47    56.579 53864.64811541 44.56  92.424716  26.536871 24.869
 47    56.648 53864.64811735 48.79  92.422166  26.546741 24.869
 47    56.518 53864.64811799 48.73  92.421316  26.550031 24.869
 47    56.440 53864.64811864 37.05  92.420466  26.553321 24.869
 48    59.432 53899.64813966 38.15  92.430219  26.529164 28.111
 48    59.498 53899.64814030 39.50  92.429369  26.532454 28.111
 48    59.569 53899.64814095 35.18  92.428519  26.535754 28.111
 48    59.482 53899.64814159 34.74  92.427679  26.539044 28.111
 48    59.424 53899.64814224 34.14  92.426829  26.542334 28.111
 48    59.366 53899.64814288 33.76  92.425979  26.545624 28.111
 48    59.187 53899.64814352 35.45  92.425127  26.548913 24.982
 48    59.430 53899.64814417 34.02  92.424287  26.552203 24.982
 48    59.545 53899.64814481 35.11  92.423437  26.555493 24.982
 49    58.491 53934.64818191 40.75  92.422979  26.521679 31.940
 49    58.663 53934.64818255 42.26  92.422129  26.524969 31.940
 49    58.811 53934.64818320 41.50  92.421279  26.528259 31.940
 49    58.651 53934.64818384 44.56  92.420429  26.531549 31.940
 49    58.764 53934.64818642 49.50  92.417039  26.544719 31.940
 49    58.632 53934.64818707 49.47  92.416189  26.548009 31.940
 49    58.701 53934.64818771 51.17  92.415339  26.551299 31.940
 50    57.203 53969.64815242 38.35  92.427876  26.527048 30.128
 50    57.185 53969.64815306 40.94  92.427026  26.530338 30.128
 50    57.068 53969.64815371 47.20  92.426176  26.533628 30.128
 50    57.095 53969.64815435 51.87  92.425326  26.536918 30.128
 50    57.145 53969.64815629 46.52  92.422786  26.546798 30.128
 50    57.111 53969.64815693 44.20  92.421936  26.550088 30.128
 50    57.046 53969.64815757 42.60  92.421086  26.553378 30.128
 51    57.302 54004.64812751 43.31  92.430107  26.529896 37.141
 51    57.178 54004.64812816 44.32  92.429257  26.533196 37.141
 51    57.319 54004.64812880 51.02  92.428417  26.536486 37.141
 51    57.372 54004.64812945 49.67  92.427567  26.539776 37.141
 51    57.288 54004.64813009 49.04  92.426717  26.543066 37.141
 51    57.179 54004.64813074 47.10  92.425867  26.546356 37.141
 51    57.122 54004.64813138 43.87  92.425017  26.549646 37.141
 51    57.119 54004.64813203 44.42  92.424167  26.552936 37.141
 51    57.128 54004.64813267 43.52  92.423317  26.556236 37.141
 52    55.569 54039.64815979 45.48  92.432275  26.532821 34.997
 52    55.630 54039.64816043 51.04  92.431425  26.536111 34.997
 52    55.659 54039.64816108 48.30  92.430575  26.539401 34.997
 52    55.639 54039.64816172 50.63  92.429735  26.542701 34.997
 52    55.612 54039.64816237 49.00  92.428885  26.545991 34.997
 52    55.268 54039.64816301 46.12  92.428035  26.549281 34.997
 52    55.236 54039.64816366 41.53  92.427185  26.552571 34.997
 52    55.481 54039.64816430 42.29  92.426335  26.555861 34.997
 52    55.359 54039.64816494 37.47  92.425485  26.559151 34.997
 53    54.608 54074.64815367 36.90  92.432610  26.531268 33.652
 53    54.629 54074.64815431 50.69  92.431760  26.534558 33.652
 53    54.682 54074.64815496 52.09  92.430910  26.537848 33.652
 53    54.690 54074.64815560 48.60  92.430060  26.541148 33.652
 53    54.692 54074.64815625 52.87  92.429220  26.544438 33.652
 53    54.564 54074.64815689 47.29  92.428370  26.547728 33.652
 53    54.588 54074.64815754 51.01  92.427520  26.551018 33.652
 53    54.580 54074.64815818 32.69  92.426670  26.554308 33.652
 53    54.566 54074.64815883 35.49  92.425820  26.557598 33.652
 54    54.124 54109.64809959 53.16  92.432139  26.536627 29.204
 54    54.163 54109.64810023 49.52  92.431289  26.539917 29.204
 54    54.231 54109.64810088 44.53  92.430439  26.543207 29.204
 54    54.192 54109.64810152 38.84  92.429599  26.546507 29.204
 54    53.892 54109.64810217 37.18  92.428749  26.549797 29.204
 54    53.918 54109.64810281 42.52  92.427899  26.553087 29.204
 54    53.928 54109.64810346 31.52  92.427049  26.556377 29.204
 55    53.918 54144.64809205 38.92  92.429307  26.529621 39.276
 55    53.858 54144.64809269 49.77  92.428457  26.532911 39.276
 55    54.017 54144.64809333 52.80  92.427617  26.536201 39.276
 55    54.092 54144.64809398 48.67  92.426767  26.539501 39.276
 55    54.109 54144.64809462 52.03  92.425917  26.542791 39.276
 55    53.890 54144.64809527 52.30  92.425067  26.546081 39.276
 55    53.923 54144.64809591 47.71  92.424217  26.549371 39.276
 55    53.968 54144.64809656 49.48  92.423367  26.552661 39.276
 55    54.051 54144.64809720 34.62  92.422517  26.555951 39.276
 56    54.194 54179.64808352 38.29  92.432697  26.531411 34.797
 56    54.440 54179.64808417 49.46  92.431857  26.534701 34.797
 56    54.532 54179.64808481 53.68  92.431007  26.538001 34.797
 56    54.634 54179.64808546 50.64  92.430157  26.541291 34.797
 56    54.619 54179.64808610 48.63  92.429307  26.544581 34.797
 56    54.368 54179.64808675 49.93  92.428457  26.547871 34.797
 56    54.477 54179.64808739 50.69  92.427613  26.551160 22.119
 56    54.252 54179.64808803 34.93  92.426763  26.554450 22.119
 56    54.277 54179.64808868 36.02  92.425913  26.557740 22.119
 57    59.316 54214.64809920 29.47  92.429373  26.527079 11.247
 57    59.254 54214.64809984 29.31  92.428523  26.530369 11.247
 57    59.054 54214.64810049 23.75  92.427673  26.533659 11.247
 57    58.766 54214.64810113 18.63  92.426823  26.536949 11.247
 57    57.115 54214.64810242 21.13  92.425123  26.543529 11.247
 57    57.731 54214.64810307 20.08  92.424283  26.546829 11.247
 57    58.063 54214.64810371 23.28  92.423433  26.550119 11.247
 57    58.695 54214.64810435 23.08  92.422583  26.553409 11.247
 58    58.074 54249.64812781 45.01  92.429343  26.530402 22.785
 58    58.115 54249.64812845 46.47  92.428493  26.533692 22.785
 58    58.120 54249.64812910 44.44  92.427643  26.536982 22.785
 58    58.060 54249.64812974 44.52  92.426793  26.540272 22.785
 58    58.005 54249.64813038 46.03  92.425943  26.543562 22.785
 58    58.009 54249.64813103 45.41  92.425093  26.546852 22.785
 58    58.032 54249.64813167 45.22  92.424253  26.550142 22.785
 58    58.077 54249.64813232 48.49  92.423403  26.553442 22.785
 58    58.115 54249.64813296 52.72  92.422553  26.556732 22.785
 59    58.122 54284.64813509 42.44  92.432280  26.530544 26.501
 59    58.210 54284.64813573 47.04  92.431440  26.533844 26.501
 59    58.228 54284.64813638 45.34  92.430590  26.537134 26.501
 59    58.283 54284.64813702 46.86  92.429740  26.540424 26.501
 59    58.313 54284.64813767 45.82  92.428890  26.543714 26.501
 59    58.329 54284.64813831 46.66  92.428040  26.547004 26.501
 59    58.343 54284.64813896 46.86  92.427190  26.550294 26.501
 59    58.331 54284.64813960 51.28  92.426350  26.553594 26.501
 59    58.369 54284.64814025 48.70  92.425500  26.556884 26.501
 60    58.949 54319.64813224 41.32  92.432820  26.530651 20.477
 60    58.831 54319.64813289 35.26  92.431970  26.533941 20.477
 60    58.736 54319.64813353 36.33  92.431130  26.537241 20.477
 60    58.901 54319.64813418 37.04  92.430280  26.540531 20.477
 60    59.001 54319.64813482 37.40  92.429430  26.543821 20.477
 60    59.051 54319.64813547 38.66  92.428580  26.547111 20.477
 60    58.769 54319.64813611 37.60  92.427730  26.550401 20.477
 60    58.970 54319.64813676 37.17  92.426880  26.553691 20.477
 60    59.135 54319.64813740 42.14  92.426030  26.556981 20.477
 61    59.884 54354.64809609 41.31  92.433223  26.535068 28.679
 61    59.879 54354.64809674 40.07  92.432373  26.538358 28.679
 61    59.971 54354.64809738 37.92  92.431523  26.541658 28.679
 61    59.942 54354.64809803 37.85  92.430683  26.544948 28.679
 61    59.981 54354.64809867 37.74  92.429833  26.548238 28.679
 61    59.991 54354.64809932 39.26  92.428983  26.551528 28.679
 61    60.150 54354.64809996 41.86  92.428133  26.554818 28.679
 61    60.260 54354.64810060 43.32  92.427283  26.558108 28.679
 62    57.016 54389.64807294 46.83  92.431185  26.532615 33.054
 62    56.985 54389.64807359 41.34  92.430335  26.535905 33.054
 62    57.006 54389.64807423 39.62  92.429495  26.539195 33.054
 62    56.708 54389.64807488 34.76  92.428645  26.542495 33.054
 62    57.030 54389.64807552 35.55  92.427795  26.545785 33.054
 62    57.044 54389.64807617 40.46  92.426945  26.549075 33.054
 62    56.897 54389.64807681 28.97  92.426093  26.552364 26.111
 62    57.048 54389.64807745 23.74  92.425253  26.555654 26.111
 62    57.309 54389.64807810 24.48  92.424403  26.558944 26.111
 63    55.459 54424.64804515 43.48  92.432292  26.531598 30.429
 63    55.588 54424.64804579 51.06  92.431442  26.534888 30.429
 63    55.387 54424.64804644 51.39  92.430592  26.538178 30.429
 63    55.426 54424.64804708 38.25  92.429742  26.541468 30.429
 63    55.391 54424.64804773 41.50  92.428892  26.544758 30.429
 63    55.433 54424.64804837 45.46  92.428052  26.548048 30.429
 63    55.472 54424.64804902 39.57  92.427202  26.551348 30.429
 63    55.473 54424.64804966 33.88  92.426352  26.554638 30.429
 63    55.466 54424.64805031 44.14  92.425502  26.557928 30.429
 64    54.210 54459.64804786 37.95  92.430602  26.528789 34.696
 64    54.376 54459.64804851 43.43  92.429752  26.532079 34.696
 64    54.408 54459.64804915 52.43  92.428902  26.535369 34.696
 64    54.232 54459.64804980 38.73  92.428052  26.538659 34.696
 64    54.114 54459.64805044 33.05  92.427212  26.541959 34.696
 64    54.509 54459.64805109 45.58  92.426362  26.545249 34.696
 64    54.473 54459.64805173 51.56  92.425516  26.548537 34.887
 64    54.349 54459.64805238 51.54  92.424666  26.551827 34.887
 64    54.315 54459.64805302 49.90  92.423816  26.555117 34.887
 65    54.370 54494.64805106 24.88  92.432135  26.536167 19.360
 65    54.322 54494.64805171 30.66  92.431285  26.539467 19.360
 65    54.360 54494.64805235 30.21  92.430435  26.542757 19.360
 65    54.375 54494.64805300 27.27  92.429585  26.546047 19.360
 65    54.282 54494.64805364 23.82  92.428735  26.549337 19.360
 65    54.241 54494.64805429 23.70  92.427888  26.552626 23.620
 65    54.276 54494.64805493 30.82  92.427038  26.555916 23.620
 65    54.229 54494.64805558 33.64  92.426188  26.559206 23.620
 66    54.188 54529.64806108 22.42  92.431758  26.531466 17.430
 66    54.057 54529.64806173 25.80  92.430908  26.534756 17.430
 66    54.195 54529.64806237 28.18  92.430058  26.538046 17.430
 66    54.137 54529.64806301 30.01  92.429208  26.541336 17.430
 66    54.156 54529.64806366 27.17  92.428358  26.544626 17.430
 66    54.195 54529.64806430 29.32  92.427518  26.547916 17.430
 66    54.004 54529.64806495 25.69  92.426668  26.551216 17.430
 66    54.188 54529.64806559 26.34  92.425818  26.554506 17.430
 66    54.086 54529.64806624 33.32  92.424968  26.557796 17.430
 67    55.628 54564.64805764 49.51  92.432536  26.534769 38.693
 67    55.742 54564.64805829 52.20  92.431696  26.538059 38.693
 67    55.791 54564.64805893 50.75  92.430846  26.541349 38.693
 67    55.644 54564.64805958 52.16  92.429996  26.544639 38.693
 67    55.669 54564.64806022 53.69  92.429146  26.547929 38.693
 67    55.746 54564.64806087 52.72  92.428296  26.551219 38.693
 67    55.830 54564.64806151 50.72  92.427446  26.554509 38.693
 67    55.775 54564.64806216 46.88  92.426606  26.557799 38.693
 68    56.662 54599.64805710 47.35  92.430220  26.531368 39.622
 68    56.719 54599.64805774 51.14  92.429370  26.534658 39.622
 68    56.696 54599.64805839 55.03  92.428520  26.537948 39.622
 68    56.656 54599.64805903 50.94  92.427670  26.541238 39.622
 68    56.644 54599.64805968 52.02  92.426820  26.544538 39.622
 68    56.716 54599.64806032 49.83  92.425980  26.547828 39.622
 68    56.718 54599.64806097 52.57  92.425130  26.551118 39.622
 68    56.749 54599.64806161 47.20  92.424280  26.554408 39.622
 68    56.832 54599.64806226 52.72  92.423430  26.557698 39.622
 69    58.685 54634.64806925 35.96  92.429501  26.530996 18.155
 69    58.584 54634.64806990 37.17  92.428651  26.534286 18.155
 69    58.645 54634.64807054 38.39  92.427801  26.537576 18.155
 69    58.762 54634.64807119 39.86  92.426951  26.540866 18.155
 69    58.766 54634.64807183 39.02  92.426101  26.544156 18.155
 69    58.640 54634.64807248 38.00  92.425251  26.547456 18.155
 69    58.520 54634.64807312 34.06  92.424401  26.550746 18.155
 69    58.706 54634.64807377 35.59  92.423561  26.554036 18.155
 69    58.884 54634.64807441 38.64  92.422711  26.557326 18.155
 70    59.279 54669.64807347 47.14  92.430786  26.529111 30.599
 70    59.339 54669.64807412 47.12  92.429946  26.532411 30.599
 70    59.434 54669.64807476 47.23  92.429096  26.535701 30.599
 70    59.478 54669.64807541 47.68  92.428246  26.538991 30.599
 70    59.370 54669.64807605 47.65  92.427396  26.542281 30.599
 70    59.236 54669.64807670 47.86  92.426546  26.545571 30.599
 70    59.186 54669.64807734 48.26  92.425696  26.548861 30.599
 70    59.155 54669.64807799 44.65  92.424856  26.552161 30.599
 70    59.177 54669.64807863 46.51  92.424006  26.555451 30.599
 71    59.438 54704.64803780 44.76  92.433272  26.534587 25.405
 71    59.440 54704.64803844 44.54  92.432422  26.537887 25.405
 71    59.429 54704.64803909 39.56  92.431582  26.541177 25.405
 71    59.303 54704.64803973 36.61  92.430732  26.544467 25.405
 71    59.141 54704.64804038 34.94  92.429882  26.547757 25.405
 71    59.190 54704.64804102 33.53  92.429032  26.551047 25.405
 71    59.162 54704.64804166 33.65  92.428182  26.554337 25.405
 71    59.167 54704.64804231 34.71  92.427332  26.557627 25.405
 72    57.568 54739.64803668 50.32  92.429790  26.530998 36.686
 72    57.611 54739.64803733 52.60  92.428940  26.534288 36.686
 72    57.603 54739.64803797 50.37  92.428090  26.537578 36.686
 72    57.531 54739.64803861 47.88  92.427240  26.540868 36.686
 72    57.416 54739.64803926 53.29  92.426400  26.544158 36.686
 72    57.447 54739.64803990 51.08  92.425550  26.547458 36.686
 72    57.477 54739.64804055 50.34  92.424700  26.550748 36.686
 72    57.472 54739.64804119 49.96  92.423850  26.554038 36.686
 72    57.484 54739.64804184 50.78  92.423000  26.557328 36.686
 73    56.144 54774.64801834 43.88  92.432966  26.533946 29.721
 73    56.053 54774.64801898 29.96  92.432126  26.537246 29.721
 73    55.789 54774.64801963 27.97  92.431276  26.540536 29.721
 73    55.909 54774.64802027 31.15  92.430426  26.543826 29.721
 73    56.044 54774.64802092 42.12  92.429576  26.547116 29.721
 73    56.157 54774.64802156 49.84  92.428726  26.550406 29.721
 73    56.098 54774.64802221 52.23  92.427876  26.553696 29.721
 73    56.163 54774.64802285 48.78  92.427036  26.556986 29.721
 74    54.569 54809.64802938 41.61  92.429089  26.528158 30.046
 74    54.682 54809.64803002 29.12  92.428239  26.531448 30.046
 74    54.641 54809.64803067 23.35  92.427389  26.534738 30.046
 74    54.658 54809.64803131 27.51  92.426539  26.538028 30.046
 74    54.657 54809.64803260 39.53  92.424839  26.544608 30.046
 74    54.634 54809.64803325 42.74  92.423989  26.547908 30.046
 74    54.712 54809.64803389 38.15  92.423149  26.551198 30.046
 74    54.674 54809.64803454 47.52  92.422299  26.554488 30.046
 75    54.106 54844.64801701 37.38  92.431968  26.532378 35.258
 75    54.083 54844.64801766 52.42  92.431128  26.535668 35.258
 75    54.090 54844.64801830 56.11  92.430278  26.538958 35.258
 75    54.106 54844.64801895 37.55  92.429428  26.542248 35.258
 75    54.024 54844.64801959 45.37  92.428578  26.545538 35.258
 75    54.059 54844.64802023 39.56  92.427728  26.548828 35.258
 75    54.011 54844.64802088 52.00  92.426878  26.552118 35.258
 75    54.043 54844.64802152 50.61  92.426038  26.555418 35.258
 75    54.074 54844.64802217 47.20  92.425188  26.558708 35.258
 76    53.719 54879.64803294 30.10  92.429181  26.529694 31.627
 76    53.792 54879.64803359 44.47  92.428331  26.532984 31.627
 76    53.793 54879.64803423 50.89  92.427481  26.536274 31.627
 76    53.681 54879.64803488 49.03  92.426631  26.539564 31.627
 76    53.737 54879.64803552 32.77  92.425791  26.542854 31.627
 76    53.797 54879.64803617 47.59  92.424941  26.546154 31.627
 76    53.845 54879.64803681 48.12  92.424091  26.549444 31.627
 76    53.839 54879.64803746 52.07  92.423241  26.552734 31.627
 76    53.865 54879.64803810 49.68  92.422391  26.556024 31.627
 77    55.603 54914.64802058 22.37  92.431086  26.532764 13.352
 77    56.016 54914.64802122 19.62  92.430236  26.536064 13.352
 77    55.845 54914.64802187 19.77  92.429396  26.539354 13.352
 77    54.299 54914.64802251 22.91  92.428546  26.542644 13.352
 77    55.596 54914.64802316 19.75  92.427696  26.545934 13.352
 77    54.405 54914.64802380 22.03  92.426846  26.549224 13.352
 77    54.519 54914.64802445 20.07  92.425996  26.552514 13.352
 77    54.159 54914.64802509 21.31  92.425146  26.555814 13.352
 79    56.552 54984.64805087 54.73  92.428825  26.529619 36.493
 79    56.578 54984.64805152 52.88  92.427975  26.532909 36.493
 79    56.713 54984.64805216 49.93  92.427125  26.536199 36.493
 79    56.848 54984.64805281 50.58  92.426275  26.539489 36.493
 79    56.690 54984.64805409 52.10  92.424585  26.546079 36.493
 79    56.724 54984.64805474 48.37  92.423735  26.549369 36.493
 79    56.766 54984.64805538 49.89  92.422885  26.552659 36.493
 79    56.837 54984.64805603 49.59  92.422035  26.555949 36.493
 80    59.055 55019.64804651 42.18  92.431799  26.532878 17.678
 80    59.060 55019.64804716 43.11  92.430949  26.536178 17.678
 80    59.084 55019.64804780 44.36  92.430099  26.539468 17.678
 80    59.087 55019.64804845 47.77  92.429249  26.542758 17.678
 80    59.034 55019.64804909 42.83  92.428399  26.546048 17.678
 80    58.952 55019.64804974 41.01  92.427549  26.549338 17.678
 80    59.049 55019.64805038 41.41  92.426699  26.552628 17.678
 80    59.088 55019.64805103 43.72  92.425859  26.555918 17.678
 80    59.112 55019.64805167 42.19  92.425009  26.559218 17.678
 81    58.596 55054.64804323 46.70  92.432027  26.533590 29.316
 81    58.541 55054.64804387 49.63  92.431177  26.536880 29.316
 81    58.548 55054.64804452 51.44  92.430327  26.540170 29.316
 81    58.584 55054.64804516 48.04  92.429477  26.543460 29.316
 81    58.607 55054.64804581 46.21  92.428627  26.546750 29.316
 81    58.591 55054.64804645 46.53  92.427777  26.550050 29.316
 81    58.607 55054.64804710 50.02  92.426937  26.553340 29.316
 81    58.652 55054.64804774 48.35  92.426087  26.556630 29.316
 82    57.386 55089.64800277 48.71  92.432584  26.530931 36.785
 82    57.352 55089.64800341 49.15  92.431734  26.534221 36.785
 82    57.477 55089.64800406 47.65  92.430884  26.537521 36.785
 82    57.546 55089.64800470 52.21  92.430044  26.540811 36.785
 82    57.459 55089.64800535 44.57  92.429194  26.544101 36.785
 82    57.433 55089.64800599 48.17  92.428344  26.547391 36.785
 82    57.402 55089.64800664 51.56  92.427494  26.550681 36.785
 82    57.347 55089.64800728 52.19  92.426644  26.553971 36.785
 82    57.366 55089.64800793 51.32  92.425794  26.557261 36.785
 83    56.446 55124.64798005 49.84  92.430903  26.531872 38.767
 83    56.270 55124.64798069 48.48  92.430053  26.535162 38.767
 83    56.265 55124.64798134 47.87  92.429203  26.538452 38.767
 83    56.362 55124.64798198 48.64  92.428353  26.541742 38.767
 83    56.321 55124.64798263 37.78  92.427503  26.545032 38.767
 83    56.352 55124.64798327 50.10  92.426663  26.548332 38.767
 83    56.327 55124.64798392 48.93  92.425813  26.551622 38.767
 83    56.295 55124.64798456 50.30  92.424963  26.554912 38.767
 83    56.203 55124.64798521 46.27  92.424113  26.558202 38.767
 84    55.559 55159.64796360 47.03  92.431375  26.531770 31.740
 84    55.746 55159.64796425 48.83  92.430525  26.535070 31.740
 84    55.488 55159.64796489 48.55  92.429675  26.538360 31.740
 84    55.620 55159.64796554 41.41  92.428835  26.541650 31.740
 84    55.235 55159.64796618 36.55  92.427985  26.544940 31.740
 84    55.299 55159.64796682 50.96  92.427135  26.548230 31.740
 84    55.404 55159.64796747 50.93  92.426285  26.551520 31.740
 84    55.455 55159.64796811 52.03  92.425435  26.554810 31.740
 84    55.343 55159.64796876 46.68  92.424585  26.558110 31.740
 85    54.140 55194.64796969 31.62  92.429532  26.527305 32.181
 85    54.538 55194.64797033 38.44  92.428682  26.530595 32.181
 85    54.581 55194.64797098 47.56  92.427832  26.533885 32.181
 85    54.219 55194.64797162 47.25  92.426982  26.537175 32.181
 85    54.140 55194.64797291 39.01  92.425282  26.543755 32.181
 85    54.181 55194.64797356 46.02  92.424442  26.547045 32.181
 85    54.232 55194.64797420 49.13  92.423592  26.550345 32.181
 85    54.185 55194.64797485 52.43  92.422742  26.553635 32.181
 86    53.834 55229.64796578 43.89  92.432269  26.530457 33.033
 86    53.946 55229.64796643 53.23  92.431419  26.533757 33.033
 86    54.098 55229.64796707 41.32  92.430579  26.537047 33.033
 86    53.906 55229.64796772 44.03  92.429729  26.540337 33.033
 86    53.542 55229.64796836 31.83  92.428879  26.543627 33.033
 86    53.479 55229.64796901 39.84  92.428029  26.546917 33.033
 86    53.567 55229.64796965 50.82  92.427179  26.550207 33.033
 86    53.699 55229.64797030 51.17  92.426329  26.553497 33.033
 86    53.777 55229.64797094 52.32  92.425489  26.556787 33.033
 87    54.691 55264.64796531 48.45  92.431055  26.531822 32.555
 87    54.624 55264.64796596 51.05  92.430205  26.535112 32.555
 87    54.590 55264.64796660 44.43  92.429355  26.538402 32.555
 87    54.570 55264.64796725 35.55  92.428505  26.541692 32.555
 87    54.358 55264.64796789 34.17  92.427655  26.544992 32.555
 87    54.548 55264.64796854 45.65  92.426815  26.548282 32.555
 87    54.470 55264.64796918 43.28  92.425965  26.551572 32.555
 87    54.435 55264.64796983 51.74  92.425115  26.554862 32.555
 87    54.461 55264.64797047 47.85  92.424265  26.558152 32.555
 88    56.443 55299.64794944 40.52  92.432882  26.534518 24.341
 88    56.486 55299.64795009 32.31  92.432032  26.537818 24.341
 88    56.553 55299.64795073 40.96  92.431192  26.541108 24.341
 88    56.406 55299.64795138 35.93  92.430342  26.544398 24.341
 88    56.446 55299.64795202 42.00  92.429492  26.547688 24.341
 88    56.523 55299.64795267 50.35  92.428642  26.550978 24.341
 88    56.590 55299.64795331 43.78  92.427792  26.554268 24.341
 88    56.623 55299.64795396 44.26  92.426942  26.557558 24.341
 89    58.847 55334.64794260 43.78  92.431061  26.528958 22.743
 89    58.841 55334.64794325 46.49  92.430221  26.532258 22.743
 89    58.857 55334.64794389 46.99  92.429371  26.535548 22.743
 89    58.743 55334.64794454 44.78  92.428521  26.538838 22.743
 89    58.817 55334.64794518 43.66  92.427671  26.542128 22.743
 89    58.892 55334.64794582 44.54  92.426821  26.545418 22.743
 89    58.778 55334.64794647 41.51  92.425971  26.548708 22.743
 89    58.712 55334.64794711 42.05  92.425131  26.551998 22.743
 89    58.808 55334.64794776 43.33  92.424281  26.555298 22.743
 90    59.057 55369.64793378 49.27  92.431972  26.532279 26.884
 90    59.102 55369.64793443 48.63  92.431132  26.535569 26.884
 90    59.143 55369.64793507 46.20  92.430282  26.538859 26.884
 90    59.194 55369.64793571 47.61  92.429432  26.542149 26.884
 90    59.215 55369.64793636 47.15  92.428582  26.545439 26.884
 90    59.212 55369.64793700 47.31  92.427732  26.548729 26.884
 90    59.190 55369.64793765 47.46  92.426882  26.552029 26.884
 90    59.188 55369.64793829 45.99  92.426042  26.555319 26.884
 90    59.195 55369.64793894 47.08  92.425192  26.558609 26.884
 91    59.280 55404.64795085 48.19  92.430634  26.530496 27.960
 91    59.312 55404.64795149 48.64  92.429784  26.533786 27.960
 91    59.360 55404.64795214 47.26  92.428934  26.537076 27.960
 91    59.416 55404.64795278 46.50  92.428084  26.540366 27.960
 91    59.473 55404.64795343 45.42  92.427234  26.543656 27.960
 91    59.504 55404.64795407 45.47  92.426384  26.546946 27.960
 91    59.469 55404.64795471 41.90  92.425544  26.550246 27.960
 91    59.483 55404.64795536 44.23  92.424694  26.553536 27.960
 91    59.385 55404.64795600 40.76  92.423844  26.556826 27.960
 92    59.355 55439.64795292 45.02  92.432250  26.534653 25.635
 92    59.412 55439.64795357 47.34  92.431400  26.537943 25.635
 92    59.460 55439.64795421 47.13  92.430550  26.541233 25.635
 92    59.477 55439.64795485 44.56  92.429700  26.544523 25.635
 92    59.480 55439.64795550 44.33  92.428850  26.547813 25.635
 92    59.467 55439.64795614 43.26  92.428000  26.551103 25.635
 92    59.391 55439.64795679 41.56  92.427160  26.554403 25.635
 92    59.349 55439.64795743 42.53  92.426310  26.557693 25.635
 93    58.213 55474.64789858 52.25  92.433382  26.536033 37.078
 93    58.211 55474.64789922 50.33  92.432532  26.539323 37.078
 93    58.198 55474.64789986 51.50  92.431682  26.542613 37.078
 93    58.086 55474.64790051 54.05  92.430842  26.545913 37.078
 93    58.087 55474.64790115 51.90  92.429992  26.549203 37.078
 93    58.089 55474.64790180 48.53  92.429142  26.552493 37.078
 93    58.009 55474.64790244 49.94  92.428292  26.555783 37.078
