# NaN NaN NaN ;Mean Elev.(m), Avg Gradient(m/km), RMS Gradient(m/km) - SRTM1     
#    9.915  -0.109   0.757 ;Mean Elev.(m), Avg Gradient(m/km), RMS Gradient(m/km) - ASTER GDEM
#   10.584  -0.176   1.724 ;Mean Elev.(m), Avg Gradient(m/km), RMS Gradient(m/km) - GMTED2010 
  6  89.770478  24.219834    10.234    10.378  9 52442.17807616 37.340
  7  89.772958  24.210472    11.220    11.156  9 52477.17807358 36.624
  8  89.781222  24.198032    11.402    11.402  4 52512.17802107 48.504
  9  89.777509  24.200147    10.354    10.315  6 52547.17805474 31.236
 10  89.777806  24.202355     8.224     8.471  6 52582.17806565 32.965
 11  89.772255  24.211489     6.990     7.117 10 52617.17803618 39.933
 12  89.782291  24.191614     6.400     6.209  6 52652.17801478 31.535
 13  89.776901  24.203229     4.910     4.928  7 52687.17800842 42.149
 14  89.776423  24.204162     4.841     4.891  6 52722.17805631 39.932
 15  89.769709  24.231771     7.238     7.207 13 52757.17807354 26.274
 17  89.781020  24.196754    11.851    11.833  5 52827.17809921 36.451
 18  89.781840  24.195209    10.901    10.911  5 52862.17814483 44.340
 19  89.774284  24.205955    11.362    11.365  8 52897.17817291 30.186
 20  89.772369  24.210800    10.364    10.361  9 52932.17811894 48.510
 21  89.779425  24.199317     7.312     7.088  6 52967.17812366 39.724
 22  89.772150  24.215525     7.518     7.577  9 53002.17814734 29.091
 23  89.772361  24.210846     6.186     5.984 10 53037.17809726 30.750
 24  89.775196  24.204135     5.381     5.320  7 53072.17812301 25.741
 25  89.771824  24.212297     7.882     7.630  9 53107.17809771 25.906
 26  89.777291  24.201658     8.058     8.059  6 53142.17813145 42.306
 28  89.774769  24.206135    12.687    12.655  8 53212.17817601 32.538
 29  89.775812  24.203276    10.983    10.996  7 53247.17814506 27.024
 30  89.776271  24.205181    10.431    10.405  7 53282.17813310 33.960
 48  89.773012  24.211237    10.002     9.992  9 53912.17812665 34.478
 56  89.774822  24.207320     5.640     5.647  8 54192.17802433 20.948
 57  89.776898  24.203250     7.799     7.801  7 54227.17807423 19.349
 58  89.777456  24.201916    10.137    10.152  7 54262.17809386 33.705
 59  89.776951  24.202113    10.495    10.527  6 54297.17809895 37.073
 60  89.777119  24.202643    11.418    11.452  6 54332.17808923 32.464
 61  89.775076  24.206316    11.119    11.127  8 54367.17803017 34.908
 62  89.776975  24.201473    10.024     9.984  6 54402.17803238 20.755
 63  89.774861  24.205284     7.037     7.062  7 54437.17798887 41.616
 64  89.779788  24.200438     5.948     5.863  5 54472.17801747 36.193
 66  89.777479  24.200323     5.554     5.576  6 54542.17803203 29.017
 67  89.775144  24.205911     6.728     6.715  7 54577.17800217 25.229
 68  89.777626  24.203280     8.283     8.282  6 54612.17802257 31.304
 69  89.776596  24.204105    11.063    11.055  6 54647.17802970 42.176
 70  89.776269  24.204120    11.481    11.501  7 54682.17803019 42.585
 71  89.775665  24.205058    12.452    12.450  7 54717.17797845 43.423
 72  89.777183  24.202311     9.861     9.748  7 54752.17800302 40.817
 73  89.775446  24.205195     8.034     7.745  8 54787.17796882 21.876
 74  89.778272  24.201010     6.452     6.381  5 54822.17799693 31.064
 75  89.776219  24.203849     5.752     5.758  7 54857.17796504 47.317
 76  89.775246  24.205250     5.481     5.430  8 54892.17799964 29.017
 77  89.773708  24.208050     5.686     5.728  8 54927.17796212 27.243
 78  89.776599  24.202951     6.930     6.934  6 54962.17799836 26.273
 79  89.774873  24.205824     8.716     8.736  8 54997.17801932 16.186
 80  89.775833  24.203451    10.140    10.174  7 55032.17800922 34.193
 81  89.776678  24.203855    11.495    11.561  6 55067.17799786 44.171
 82  89.773735  24.209258    10.397    10.406  8 55102.17793728 27.757
 83  89.777649  24.203438     8.146     8.147  6 55137.17794473 30.466
 84  89.775387  24.204335     6.813     6.811  7 55172.17790605 39.290
 85  89.777684  24.202513     6.353     6.406  6 55207.17793878 29.477
 86  89.774210  24.206778     5.502     5.521  8 55242.17791101 35.848
 87  89.775830  24.204319     5.698     5.681  7 55277.17793217 27.404
 88  89.775303  24.205077     8.766     8.698  8 55312.17789570 13.487
 89  89.777123  24.202851     9.528     9.446  6 55347.17790240 20.208
 90  89.775636  24.203333    10.905    10.895  7 55382.17789380 30.418
 91  89.777907  24.200450    10.544    10.536  6 55417.17792172 26.029
 92  89.776260  24.203551    12.025    12.024  6 55452.17790368 43.005
 93  89.775209  24.204505     9.867     9.851  7 55487.17782636 31.246
