# NaN NaN NaN ;Mean Elev.(m), Avg Gradient(m/km), RMS Gradient(m/km) - SRTM1     
#   10.822   0.052   0.602 ;Mean Elev.(m), Avg Gradient(m/km), RMS Gradient(m/km) - ASTER GDEM
#    6.671  -0.111   1.828 ;Mean Elev.(m), Avg Gradient(m/km), RMS Gradient(m/km) - GMTED2010 
  6     8.645 52442.17809872 43.89  89.741600  24.104527 27.277
  6     8.662 52442.17809937 31.49  89.740780  24.101227 27.277
  7    10.715 52477.17809421 41.90  89.746561  24.105042 21.649
  7    10.686 52477.17809485 45.74  89.745731  24.101752 21.649
  7    10.462 52477.17809679 31.79  89.743261  24.091872 21.649
  7    10.598 52477.17809743 33.41  89.742441  24.088572 21.649
  8    10.904 52512.17803815 42.77  89.759370  24.110720 27.303
  8    10.813 52512.17803880 38.15  89.758550  24.107430 27.303
  9     9.683 52547.17807312 23.82  89.753989  24.106251 18.382
  9     9.625 52547.17807376 23.87  89.753169  24.102961 18.382
  9     9.509 52547.17807441 25.89  89.752339  24.099671 18.382
  9     9.572 52547.17807505 25.99  89.751519  24.096371 18.382
  9     9.635 52547.17807570 25.52  89.750689  24.093081 18.382
  9     9.930 52547.17807634 24.40  89.749869  24.089781 18.382
 10     7.450 52582.17808403 28.96  89.754295  24.108455 24.594
 10     6.961 52582.17808467 32.42  89.753465  24.105165 24.594
 10     6.961 52582.17808531 32.07  89.752645  24.101875 24.594
 10     6.742 52582.17808596 35.17  89.751825  24.098575 24.594
 10     6.880 52582.17808660 34.47  89.750996  24.095283 25.829
 10     6.782 52582.17808725 26.91  89.750176  24.091983 25.829
 11     5.316 52617.17805713 30.72  89.745456  24.104414 28.828
 11     6.762 52617.17805777 24.46  89.744635  24.101122 24.594
 11     5.294 52617.17805971 40.56  89.742165  24.091242 24.594
 11     5.379 52617.17806035 35.69  89.741335  24.087942 24.594
 13     4.157 52687.17802712 37.42  89.752981  24.107693 19.803
 13     4.257 52687.17802776 34.99  89.752161  24.104393 19.803
 13     3.822 52687.17802841 34.79  89.751338  24.101100 25.276
 13     3.887 52687.17802905 43.73  89.750508  24.097810 25.276
 13     3.998 52687.17802970 50.97  89.749688  24.094510 25.276
 13     4.082 52687.17803034 40.19  89.748868  24.091220 25.276
 14     3.894 52722.17807533 38.22  89.752085  24.106979 17.340
 14     4.047 52722.17807597 34.69  89.751265  24.103679 17.340
 14     4.121 52722.17807662 44.93  89.750435  24.100389 17.340
 14     4.129 52722.17807726 53.02  89.749615  24.097089 17.340
 14     4.108 52722.17807791 52.53  89.748785  24.093799 17.340
 14     4.051 52722.17807855 32.52  89.747965  24.090509 17.340
 17    11.522 52827.17811597 43.10  89.759563  24.111105 15.104
 17    11.422 52827.17811662 34.74  89.758733  24.107805 15.104
 19    10.824 52897.17819257 27.42  89.749129  24.105473 15.605
 19    10.872 52897.17819322 31.19  89.748299  24.102173 15.605
 19    10.845 52897.17819386 31.49  89.747479  24.098883 15.605
 19    10.902 52897.17819451 37.74  89.746659  24.095593 15.605
 19    10.955 52897.17819515 36.41  89.745829  24.092293 15.605
 19    10.623 52897.17819579 27.22  89.745009  24.089003 15.605
 20    10.029 52932.17813957 35.61  89.745987  24.105374 35.403
 20     9.382 52932.17814021 44.26  89.745167  24.102081 33.589
 20     9.325 52932.17814215 49.32  89.742687  24.092191 33.589
 20     9.350 52932.17814279 39.70  89.741867  24.088901 33.589
 21     7.959 52967.17814139 36.24  89.756734  24.108723 26.842
 21     6.554 52967.17814204 46.21  89.755904  24.105423 26.842
 21     6.500 52967.17814268 51.89  89.755084  24.102133 26.842
 21     6.320 52967.17814333 44.20  89.754254  24.098833 26.842
 21     6.235 52967.17814397 36.23  89.753431  24.095544 25.175
 21     6.513 52967.17814461 38.60  89.752611  24.092244 25.175
 22     8.283 53002.17816862 24.84  89.744931  24.106806 17.484
 22     9.191 53002.17816926 20.25  89.744111  24.103506 17.484
 22     5.686 53002.17817184 42.87  89.740811  24.090336 17.484
 22     5.778 53002.17817248 36.47  89.739991  24.087036 17.484
 23     5.827 53037.17811757 22.55  89.746390  24.107070 19.617
 23     4.833 53037.17811821 22.79  89.745560  24.103770 19.617
 23     6.314 53037.17811886 20.36  89.744740  24.100480 19.617
 23     5.348 53037.17812079 35.41  89.742270  24.090600 19.617
 23     5.326 53037.17812144 29.78  89.741440  24.087300 19.617
 24     4.509 53072.17814235 32.66  89.750450  24.105308 22.870
 24     4.443 53072.17814300 31.20  89.749620  24.102008 22.870
 24     4.393 53072.17814364 28.95  89.748800  24.098718 22.870
 24     4.228 53072.17814429 23.49  89.747980  24.095418 22.870
 24     4.399 53072.17814493 23.25  89.747150  24.092128 22.870
 24     4.262 53072.17814558 23.49  89.746330  24.088828 22.870
 25     9.127 53107.17811834 15.09  89.745444  24.106869 13.348
 25     6.624 53107.17811898 15.31  89.744614  24.103579 13.348
 25     6.242 53107.17811962 16.85  89.743794  24.100279 13.348
 25     5.818 53107.17812156 21.34  89.741324  24.090399 13.348
 25     5.924 53107.17812220 21.25  89.740494  24.087099 13.348
 26     7.203 53142.17814982 49.20  89.753771  24.107765 27.323
 26     7.190 53142.17815046 52.11  89.752951  24.104475 27.323
 26     7.023 53142.17815111 45.13  89.752121  24.101175 27.323
 26     6.965 53142.17815175 36.73  89.751301  24.097885 27.323
 26     6.916 53142.17815240 38.07  89.750481  24.094585 27.323
 26     6.936 53142.17815304 41.90  89.749651  24.091295 27.323
 28    12.211 53212.17819568 34.52  89.749610  24.105655 14.833
 28    12.084 53212.17819632 34.62  89.748790  24.102355 14.833
 28    12.161 53212.17819697 35.51  89.747960  24.099065 14.833
 28    12.239 53212.17819761 38.94  89.747140  24.095765 14.833
 28    12.221 53212.17819825 43.14  89.746310  24.092475 14.833
 28    12.267 53212.17819890 42.15  89.745490  24.089175 14.833
 29    10.379 53247.17816376 26.46  89.751895  24.107737 10.954
 29    10.701 53247.17816440 24.94  89.751075  24.104447 10.954
 29    10.800 53247.17816505 26.96  89.750245  24.101147 10.954
 29    10.832 53247.17816569 30.41  89.749425  24.097857 10.954
 29    10.460 53247.17816633 32.28  89.748595  24.094557 10.954
 29    10.228 53247.17816698 32.25  89.747775  24.091267 10.954
 30     9.724 53282.17815244 32.19  89.751513  24.106353 15.268
 30     9.724 53282.17815309 31.11  89.750693  24.103053 15.268
 30    10.770 53282.17815373 29.92  89.749863  24.099763 15.268
 30    10.516 53282.17815437 32.19  89.749043  24.096463 15.268
 30    10.311 53282.17815502 31.97  89.748213  24.093173 15.268
 30    10.073 53282.17815566 31.14  89.747393  24.089873 15.268
 48     9.733 53912.17814728 26.30  89.746614  24.105806 24.442
 48     9.649 53912.17814792 31.50  89.745784  24.102516 24.442
 48     9.356 53912.17814986 40.66  89.743314  24.092636 24.442
 48     9.115 53912.17815050 42.29  89.742484  24.089336 24.442
 56     5.178 54192.17804399 32.89  89.749673  24.106829 19.707
 56     5.279 54192.17804464 38.54  89.748853  24.103539 19.707
 56     5.295 54192.17804528 34.26  89.748023  24.100249 19.707
 56     5.215 54192.17804593 24.19  89.747203  24.096949 19.707
 56     5.215 54192.17804657 20.78  89.746383  24.093659 19.707
 56     5.207 54192.17804722 22.96  89.745553  24.090359 19.707
 57     7.159 54227.17809293 30.33  89.752969  24.107708 33.550
 57     7.166 54227.17809357 29.64  89.752149  24.104408 33.550
 57     7.146 54227.17809422 31.64  89.751319  24.101118 33.550
 57     7.105 54227.17809486 27.82  89.750499  24.097818 33.550
 57     7.130 54227.17809551 33.93  89.749679  24.094528 33.550
 57     6.924 54227.17809615 22.61  89.748851  24.091235  9.321
 58     9.021 54262.17811256 45.04  89.753539  24.106377 37.701
 58     8.998 54262.17811320 49.51  89.752709  24.103087 37.701
 58     8.942 54262.17811385 47.89  89.751889  24.099787 37.701
 58     8.929 54262.17811449 34.51  89.751059  24.096497 37.701
 58     8.787 54262.17811514 28.42  89.750239  24.093197 37.701
 58     8.730 54262.17811578 25.82  89.749412  24.089905  9.518
 59    10.084 54297.17811732 47.10  89.753444  24.108226 35.491
 59    10.039 54297.17811797 39.19  89.752624  24.104926 35.491
 59     9.950 54297.17811861 36.40  89.751794  24.101636 35.491
 59     9.968 54297.17811926 40.85  89.750974  24.098336 35.491
 59     9.889 54297.17811990 32.13  89.750148  24.095045  9.699
 59     9.508 54297.17812055 24.88  89.749318  24.091745  9.699
 60    11.109 54332.17810760 47.68  89.753615  24.108754 39.650
 60    11.105 54332.17810825 40.46  89.752795  24.105454 39.650
 60    11.082 54332.17810889 37.07  89.751965  24.102164 39.650
 60    11.005 54332.17810954 36.85  89.751145  24.098864 39.650
 60    10.896 54332.17811018 28.41  89.750315  24.095574 39.650
 60    10.627 54332.17811083 25.20  89.749495  24.092274 39.650
 61    10.668 54367.17804983 28.38  89.749927  24.105825 28.522
 61    10.635 54367.17805047 30.77  89.749107  24.102535 28.522
 61    10.636 54367.17805112 28.45  89.748277  24.099235 28.522
 61    10.536 54367.17805176 30.76  89.747457  24.095945 28.522
 61    10.493 54367.17805241 30.94  89.746637  24.092655 28.522
 61    10.341 54367.17805305 28.47  89.745807  24.089355 28.522
 62     8.812 54402.17805075 39.45  89.753470  24.107575 25.107
 62     8.642 54402.17805140 39.45  89.752640  24.104285 25.107
 62     8.675 54402.17805204 35.40  89.751820  24.100995 25.107
 62     8.953 54402.17805269 30.97  89.750990  24.097695 25.107
 62     8.723 54402.17805333 32.62  89.750170  24.094405 25.107
 62     8.528 54402.17805398 39.16  89.749350  24.091105 25.107
 63     6.438 54437.17800821 41.23  89.750117  24.106450 20.931
 63     6.362 54437.17800886 46.31  89.749297  24.103150 20.931
 63     6.235 54437.17800950 44.42  89.748477  24.099860 20.931
 63     6.151 54437.17801015 44.48  89.747647  24.096560 20.931
 63     6.240 54437.17801079 45.44  89.746827  24.093270 20.931
 63     6.124 54437.17801144 44.15  89.745997  24.089980 20.931
 64     6.454 54472.17803552 23.38  89.756688  24.108188 22.775
 64     5.664 54472.17803616 39.57  89.755858  24.104898 22.775
 64     6.440 54472.17803681 43.12  89.755038  24.101598 22.775
 64     5.444 54472.17803745 29.65  89.754208  24.098308 22.775
 64     5.043 54472.17803810 32.31  89.753388  24.095018 22.775
 64     5.136 54472.17803874 35.45  89.752558  24.091718 22.775
 66     5.319 54542.17805041 29.71  89.753970  24.106432 20.976
 66     5.850 54542.17805105 26.55  89.753150  24.103132 20.976
 66     4.833 54542.17805170 33.91  89.752320  24.099842 20.976
 66     4.929 54542.17805234 33.51  89.751500  24.096542 20.976
 66     4.576 54542.17805299 33.87  89.750674  24.093250 31.830
 66     4.537 54542.17805363 33.91  89.749854  24.089950 31.830
 67     8.945 54577.17802151 22.35  89.750403  24.107080 10.825
 67     6.138 54577.17802215 21.10  89.749583  24.103780 10.825
 67     6.155 54577.17802280 21.15  89.748763  24.100490 10.825
 67     6.131 54577.17802344 21.47  89.747933  24.097190 10.825
 67     6.019 54577.17802409 25.43  89.747113  24.093900 10.825
 67     5.940 54577.17802473 25.18  89.746283  24.090600 10.825
 68     7.474 54612.17804159 42.52  89.753290  24.106093 26.966
 68     7.514 54612.17804223 44.46  89.752470  24.102803 26.966
 68     7.243 54612.17804287 37.94  89.751640  24.099503 26.966
 68     7.198 54612.17804352 38.48  89.750820  24.096213 26.966
 68     7.238 54612.17804416 47.89  89.750000  24.092913 26.966
 68     7.233 54612.17804481 44.16  89.749170  24.089623 26.966
 69    10.387 54647.17804872 50.55  89.752259  24.106919 19.448
 69    10.336 54647.17804937 41.92  89.751439  24.103629 19.448
 69    10.228 54647.17805001 39.50  89.750609  24.100329 19.448
 69    10.150 54647.17805066 40.56  89.749789  24.097039 19.448
 69    10.125 54647.17805130 31.02  89.748969  24.093739 19.448
 69     9.918 54647.17805195 26.83  89.748139  24.090449 19.448
 70    11.203 54682.17804889 47.66  89.752356  24.108572 18.399
 70    11.172 54682.17804953 41.88  89.751526  24.105282 18.399
 70    10.833 54682.17805018 28.77  89.750706  24.101982 18.399
 70    10.920 54682.17805082 32.95  89.749876  24.098692 18.399
 70    11.011 54682.17805147 31.24  89.749056  24.095402 18.399
 70    10.609 54682.17805211 24.90  89.748226  24.092102 18.399
 70    10.512 54682.17805275 23.17  89.747406  24.088812 18.399
 71    11.913 54717.17799779 42.42  89.750936  24.106219 17.801
 71    11.743 54717.17799843 41.07  89.750106  24.102929 17.801
 71    11.715 54717.17799908 42.37  89.749286  24.099629 17.801
 71    11.698 54717.17799972 45.45  89.748456  24.096339 17.801
 71    11.651 54717.17800037 39.20  89.747636  24.093039 17.801
 71    11.533 54717.17800101 37.72  89.746816  24.089749 17.801
 72     9.203 54752.17802172 48.89  89.753260  24.106770 23.460
 72     9.139 54752.17802236 48.00  89.752430  24.103480 23.460
 72     9.043 54752.17802301 43.74  89.751610  24.100190 23.460
 72     8.907 54752.17802365 39.97  89.750780  24.096890 23.460
 72     9.057 54752.17802430 43.33  89.749960  24.093600 23.460
 72     9.002 54752.17802494 45.58  89.749140  24.090300 23.460
 73     7.078 54787.17798784 32.06  89.751125  24.108011 29.845
 73     7.042 54787.17798848 31.52  89.750295  24.104711 29.845
 73     6.924 54787.17798913 33.77  89.749475  24.101421 29.845
 73     7.021 54787.17798977 37.59  89.748645  24.098121 29.845
 73     7.032 54787.17799042 43.33  89.747825  24.094831 29.845
 73     7.012 54787.17799106 41.65  89.746995  24.091531 29.845
 73     6.870 54787.17799171 40.13  89.746175  24.088241 29.845
 74     6.312 54822.17801498 37.48  89.755166  24.108765 30.158
 74     6.220 54822.17801562 47.02  89.754346  24.105465 30.158
 74     6.259 54822.17801627 35.23  89.753516  24.102175 30.158
 74     6.116 54822.17801691 37.74  89.752696  24.098875 30.158
 74     5.703 54822.17801756 36.69  89.751876  24.095585 30.158
 74     5.771 54822.17801820 45.48  89.751046  24.092295 30.158
 75     5.740 54857.17798374 34.78  89.752312  24.108304 40.124
 75     5.099 54857.17798438 38.48  89.751482  24.105014 40.124
 75     5.133 54857.17798502 42.18  89.750662  24.101724 40.124
 75     5.043 54857.17798567 48.25  89.749832  24.098424 40.124
 75     5.020 54857.17798631 48.73  89.749012  24.095134 40.124
 75     4.980 54857.17798696 44.23  89.748182  24.091834 40.124
 76     8.729 54892.17801866 25.35  89.750915  24.108058 29.725
 76     4.744 54892.17801931 35.41  89.750085  24.104768 29.725
 76     4.845 54892.17801995 37.75  89.749265  24.101478 29.725
 76     4.787 54892.17802060 42.60  89.748445  24.098178 29.725
 76     4.702 54892.17802124 42.07  89.747615  24.094888 29.725
 76     4.574 54892.17802189 35.78  89.746795  24.091588 29.725
 76     4.697 54892.17802253 28.98  89.745965  24.088298 29.725
 77     9.587 54927.17798243 16.28  89.747738  24.104267 17.871
 77    10.000 54927.17798307 17.00  89.746908  24.100977 17.871
 77    10.231 54927.17798372 20.01  89.746088  24.097677 17.871
 77     9.702 54927.17798436 25.69  89.745268  24.094387 17.871
 77     5.100 54927.17798501 32.71  89.744438  24.091087 17.871
 77     5.260 54927.17798565 37.63  89.743618  24.087797 17.871
 78     6.389 54962.17801738 35.20  89.752258  24.105764 34.607
 78     6.412 54962.17801802 40.01  89.751438  24.102474 34.607
 78     6.261 54962.17801867 35.54  89.750608  24.099174 34.607
 78     6.204 54962.17801931 28.10  89.749788  24.095884 34.607
 78     6.146 54962.17801996 36.06  89.748958  24.092584 34.607
 78     6.132 54962.17802060 41.03  89.748138  24.089294 34.607
 79     7.626 54997.17803898 24.52  89.749716  24.105338 13.830
 79     7.719 54997.17803962 23.42  89.748886  24.102048 13.830
 79     7.505 54997.17804027 23.58  89.748066  24.098758 13.830
 79     7.309 54997.17804091 24.29  89.747246  24.095458 13.830
 79     7.148 54997.17804156 25.94  89.746416  24.092168 13.830
 79     7.158 54997.17804220 20.53  89.745596  24.088868 13.830
 80     9.524 55032.17802791 42.07  89.751909  24.107909 16.686
 80     9.489 55032.17802856 27.01  89.751089  24.104609 16.686
 80     9.266 55032.17802920 23.56  89.750259  24.101319 16.686
 80     9.433 55032.17802985 25.58  89.749439  24.098029 16.686
 80     9.369 55032.17803049 29.31  89.748609  24.094729 16.686
 80     9.331 55032.17803114 26.61  89.747789  24.091439 16.686
 81    11.169 55067.17801687 49.98  89.752344  24.106672 15.249
 81    11.143 55067.17801752 32.52  89.751524  24.103372 15.249
 81    11.024 55067.17801816 32.79  89.750704  24.100082 15.249
 81    11.045 55067.17801881 41.83  89.749874  24.096782 15.249
 81    10.917 55067.17801945 33.32  89.749054  24.093492 15.249
 81    10.811 55067.17802010 30.81  89.748224  24.090192 15.249
 82     9.512 55102.17795759 36.89  89.747763  24.105476 17.067
 82     9.315 55102.17795823 34.53  89.746943  24.102186 17.067
 82     9.160 55102.17795888 33.77  89.746113  24.098896 17.067
 82     9.522 55102.17795952 31.32  89.745293  24.095596 17.067
 82     9.521 55102.17796017 35.12  89.744473  24.092306 17.067
 82     9.441 55102.17796081 33.99  89.743643  24.089006 17.067
 83     7.832 55137.17796375 33.88  89.753312  24.106247 25.854
 83     7.833 55137.17796439 35.24  89.752482  24.102957 25.854
 83     7.507 55137.17796504 42.60  89.751662  24.099657 25.854
 83     7.433 55137.17796568 42.01  89.750842  24.096367 25.854
 83     7.525 55137.17796632 38.24  89.750012  24.093077 25.854
 83     7.277 55137.17796697 34.75  89.749192  24.089777 25.854
 84     5.966 55172.17792539 30.99  89.750653  24.105495 20.131
 84     6.371 55172.17792603 35.93  89.749833  24.102205 20.131
 84     6.057 55172.17792668 39.74  89.749003  24.098905 20.131
 84     6.041 55172.17792732 31.81  89.748183  24.095615 20.131
 84     5.755 55172.17792796 33.43  89.747353  24.092315 20.131
 84     5.812 55172.17792861 32.54  89.746533  24.089025 20.131
 85     5.041 55207.17795716 28.33  89.754168  24.108622 33.138
 85     4.888 55207.17795780 26.34  89.753348  24.105332 33.138
 85     5.240 55207.17795844 29.81  89.752518  24.102032 33.138
 85     5.272 55207.17795909 40.25  89.751698  24.098742 33.138
 85     5.303 55207.17795973 40.53  89.750878  24.095442 33.138
 85     5.232 55207.17796038 45.06  89.750048  24.092152 33.138
 86     4.818 55242.17793067 22.89  89.749063  24.106296 23.620
 86     4.768 55242.17793132 23.30  89.748243  24.103006 23.620
 86     9.914 55242.17793196 23.01  89.747413  24.099706 23.620
 86     9.843 55242.17793261 27.08  89.746593  24.096416 23.620
 86     9.677 55242.17793325 30.37  89.745763  24.093116 23.620
 86     4.358 55242.17793389 33.82  89.744943  24.089826 23.620
 87     4.853 55277.17795151 19.16  89.751088  24.105485 14.325
 87     5.127 55277.17795216 19.50  89.750258  24.102185 14.325
 87     5.105 55277.17795280 22.32  89.749438  24.098895 14.325
 87     9.564 55277.17795345 17.00  89.748608  24.095595 14.325
 87     9.414 55277.17795409 20.10  89.747788  24.092305 14.325
 87     5.121 55277.17795474 22.57  89.746968  24.089005 14.325
 88     7.647 55312.17791472 29.49  89.750982  24.107886 14.350
 88     7.649 55312.17791536 33.42  89.750152  24.104596 14.350
 88     7.636 55312.17791601 32.54  89.749332  24.101296 14.350
 88     7.587 55312.17791665 21.00  89.748502  24.098006 14.350
 88     7.125 55312.17791729 22.39  89.747682  24.094706 14.350
 88     7.403 55312.17791794 21.99  89.746862  24.091416 14.350
 89     9.147 55347.17792077 40.61  89.753614  24.108959 20.577
 89     8.840 55347.17792142 43.91  89.752794  24.105659 20.577
 89     8.826 55347.17792206 47.48  89.751964  24.102369 20.577
 89     8.815 55347.17792271 45.09  89.751144  24.099079 20.577
 89     8.692 55347.17792335 34.19  89.750314  24.095779 20.577
 89     8.469 55347.17792399 28.88  89.749494  24.092489 20.577
 89     7.866 55347.17792464 26.68  89.748674  24.089189 20.577
 90    10.761 55382.17791250 48.20  89.751716  24.107794 14.913
 90    10.660 55382.17791314 48.99  89.750896  24.104504 14.913
 90    10.434 55382.17791379 42.84  89.750066  24.101204 14.913
 90    10.400 55382.17791443 43.88  89.749246  24.097904 14.913
 90    10.391 55382.17791507 41.08  89.748416  24.094614 14.913
 90    10.298 55382.17791572 38.99  89.747596  24.091324 14.913
 91    10.174 55417.17794009 42.62  89.754388  24.106556 22.803
 91    10.183 55417.17794073 45.04  89.753568  24.103266 22.803
 91    10.172 55417.17794138 38.80  89.752748  24.099966 22.803
 91    10.090 55417.17794202 37.88  89.751918  24.096676 22.803
 91    10.053 55417.17794267 40.10  89.751098  24.093376 22.803
 91     9.976 55417.17794331 38.24  89.750268  24.090086 22.803
 92    11.554 55452.17792270 47.20  89.751930  24.106358 18.825
 92    11.391 55452.17792334 42.04  89.751110  24.103068 18.825
 92    11.207 55452.17792399 41.81  89.750290  24.099778 18.825
 92    11.191 55452.17792463 42.46  89.749460  24.096478 18.825
 92    11.170 55452.17792528 43.32  89.748640  24.093188 18.825
 92    11.190 55452.17792592 41.57  89.747810  24.089888 18.825
 93     9.380 55487.17784571 47.28  89.750473  24.105665 30.777
 93     9.362 55487.17784635 47.39  89.749653  24.102375 30.777
 93     9.340 55487.17784699 47.58  89.748823  24.099075 30.777
 93     9.279 55487.17784764 44.77  89.748003  24.095785 30.777
 93     9.169 55487.17784828 42.65  89.747183  24.092495 30.777
 93     9.231 55487.17784893 43.32  89.746353  24.089195 30.777
