# NaN NaN NaN ;Mean Elev.(m), Avg Gradient(m/km), RMS Gradient(m/km) - SRTM1     
#   32.000 -14.370  45.669 ;Mean Elev.(m), Avg Gradient(m/km), RMS Gradient(m/km) - ASTER GDEM
#   44.229 -13.197  43.540 ;Mean Elev.(m), Avg Gradient(m/km), RMS Gradient(m/km) - GMTED2010 
  7    32.994 52448.65004844 44.07  91.785528  26.204398 15.636
  7    32.912 52448.65004909 46.08  91.784678  26.207688 15.636
  7    32.934 52448.65004973 45.07  91.783838  26.210988 15.636
  7    33.107 52448.65005038 44.26  91.782988  26.214278 15.636
  8    73.003 52483.65003659 18.57  91.793289  26.208098 11.566
  8    74.205 52483.65003723 17.81  91.792439  26.211388 11.566
  8    53.233 52483.65003852 36.40  91.790749  26.217978 11.566
 10    51.297 52553.65004603 21.51  91.787016  26.207315  8.071
 10    71.820 52553.65004668 25.12  91.786166  26.210615  8.071
 10    67.559 52553.65004732 34.63  91.785326  26.213905  8.071
 13    43.002 52658.64999861 42.89  91.795624  26.211987 23.742
 13    43.319 52658.64999926 34.49  91.794784  26.215287 23.742
 13    43.698 52658.64999990 48.16  91.793934  26.218577 23.742
 13    43.683 52658.65000055 49.26  91.793094  26.221867 23.742
 16    46.961 52763.65002899 29.52  91.789707  26.206993 11.918
 16    47.065 52763.65002963 26.79  91.788866  26.210290 22.079
 16    45.928 52763.65003092 26.04  91.787176  26.216870 22.079
 17    48.295 52798.65000547 42.86  91.796096  26.212689 14.834
 17    48.758 52798.65000612 45.97  91.795246  26.215979 14.834
 17    48.389 52798.65000676 46.16  91.794406  26.219279 14.834
 17    48.424 52798.65000741 47.89  91.793556  26.222569 14.834
 19    53.862 52868.65011776 43.80  91.799264  26.213315 16.520
 19    53.162 52868.65011840 42.71  91.798424  26.216605 16.520
 19    53.621 52868.65011905 41.48  91.797574  26.219895 16.520
 19    53.169 52868.65011969 42.71  91.796734  26.223185 16.520
 20    70.989 52903.65013095 32.36  91.793398  26.217422 26.454
 20    66.742 52903.65013159 40.59  91.792558  26.220712 26.454
 22    45.598 52973.65010221 46.76  91.792094  26.207692 19.558
 22    44.192 52973.65010285 46.43  91.791254  26.210982 19.558
 23    43.974 53008.65010988 44.48  91.790696  26.207493 26.969
 23    41.379 53008.65011053 45.69  91.789856  26.210783 26.969
 23    43.626 53008.65011117 26.75  91.789006  26.214073 26.969
 24    43.717 53043.65006811 44.66  91.790260  26.206902 25.142
 24    41.913 53043.65006876 34.55  91.789420  26.210192 25.142
 24    43.818 53043.65006940 24.12  91.788570  26.213482 25.142
 25   141.088 53078.65010243 33.02  91.789974  26.212722 25.993
 25    48.234 53078.65010308 30.19  91.789134  26.216012 25.993
 25    52.029 53078.65010372 39.87  91.788284  26.219302 25.993
 26    73.793 53113.65007212 11.68  91.786815  26.207654  7.215
 26    82.116 53113.65007276  9.75  91.785965  26.210944  7.215
 27    50.079 53148.65011779 43.61  91.789964  26.209357 12.937
 27    49.924 53148.65011844 42.00  91.789114  26.212647 12.937
 27    50.083 53148.65011908 40.46  91.788274  26.215947 12.937
 29    50.079 53218.65013949 32.66  91.794552  26.210560 27.078
 29    50.209 53218.65014014 31.63  91.793712  26.213850 27.078
 29    50.052 53218.65014078 33.21  91.792862  26.217150 27.078
 29    50.156 53218.65014143 32.68  91.792022  26.220440 27.078
 30    51.502 53253.65011667 43.74  91.793668  26.208854 40.459
 30    52.010 53253.65011732 45.36  91.792828  26.212144 40.459
 30    50.226 53253.65011796 46.39  91.791978  26.215434 40.459
 30    50.302 53253.65011860 48.05  91.791138  26.218734 40.459
 31    57.025 53288.65011953 41.89  91.785736  26.206507 10.322
 31    52.524 53288.65012017 40.36  91.784886  26.209797 10.322
 31    51.395 53288.65012082 40.74  91.784046  26.213087 10.322
 33    45.150 53358.65006000 44.98  91.800276  26.216837 17.049
 33    45.094 53358.65006065 45.33  91.799436  26.220127 17.049
 33    45.059 53358.65006129 46.04  91.798586  26.223417 17.049
 33    43.384 53358.65006194 44.68  91.797746  26.226707 17.049
 34    45.346 53393.65007525 25.19  91.791287  26.208910  7.939
 34    45.479 53393.65007589 22.96  91.790447  26.212210  7.939
 34    47.444 53393.65007654 21.01  91.789597  26.215500  7.939
 34    47.306 53393.65007718 19.14  91.788757  26.218790  7.939
 35    45.370 53428.65007021 46.18  91.798865  26.214961 16.916
 35    45.163 53428.65007085 43.42  91.798015  26.218251 16.916
 35    45.296 53428.65007150 46.80  91.797175  26.221541 16.916
 35    45.455 53428.65007214 46.05  91.796325  26.224831 16.916
 41    45.784 53638.65010366 48.77  91.789299  26.208867 10.217
 41    49.134 53638.65010431 45.51  91.788459  26.212157 10.217
 43    45.372 53708.65005634 44.34  91.800591  26.218113 17.376
 43    46.239 53708.65005698 33.76  91.799751  26.221403 17.376
 43    43.551 53708.65005763 41.65  91.798901  26.224693 17.376
 46    43.554 53813.64996860 35.93  91.799973  26.216205 22.929
 46    42.239 53813.64996925 42.38  91.799123  26.219495 22.929
 46    42.069 53813.64996989 47.97  91.798283  26.222785 22.929
 46    41.839 53813.64997053 39.61  91.797433  26.226075 22.929
 50    49.349 53953.65010836 34.48  91.787055  26.206147 10.049
 50    49.609 53953.65010900 40.66  91.786215  26.209447 10.049
 50    49.715 53953.65010965 43.96  91.785365  26.212737 10.049
 50    49.611 53953.65011029 44.62  91.784525  26.216027 10.049
 52    46.966 54023.65008971 46.50  91.793115  26.210721 17.264
 52    46.488 54023.65009035 48.39  91.792275  26.214011 17.264
 52    46.309 54023.65009100 37.48  91.791425  26.217301 17.264
 55    42.302 54128.65000005 45.52  91.793521  26.207911 19.468
 55    42.142 54128.65000069 52.69  91.792681  26.211201 19.468
 55    41.696 54128.65000134 46.37  91.791831  26.214491 19.468
 55    46.626 54128.65000198 25.80  91.790991  26.217781 19.468
 56    43.478 54163.65003129 50.12  91.794467  26.210236 19.627
 56    41.024 54163.65003194 54.05  91.793617  26.213536 19.627
 56    41.916 54163.65003258 31.37  91.792777  26.216826 19.627
 57    45.444 54198.65000293 27.28  91.792773  26.211085 12.514
 57    44.939 54198.65000358 23.78  91.791923  26.214375 12.514
 57    44.641 54198.65000422 22.07  91.791083  26.217675 12.514
 57    46.280 54198.65000487 22.70  91.790233  26.220965 12.514
 58    45.663 54233.65004566 20.49  91.794269  26.212226 11.320
 58    46.321 54233.65004630 19.45  91.793419  26.215516 11.320
 58    46.527 54233.65004695 19.49  91.792579  26.218806 11.320
 58    46.639 54233.65004759 20.38  91.791729  26.222096 11.320
 63    44.979 54408.64999867 48.08  91.794312  26.212369 14.198
 63    44.859 54408.64999931 50.79  91.793462  26.215659 14.198
 63    44.700 54408.64999996 33.91  91.792622  26.218949 14.198
 63    46.840 54408.65000060 23.40  91.791772  26.222239 14.198
 64    43.271 54443.64996213 44.03  91.793394  26.207716  6.910
 64    44.845 54443.64996278 42.29  91.792554  26.211006  6.910
 64    44.077 54443.64996342 46.97  91.791705  26.214301 16.630
 64    42.882 54443.64996407 34.75  91.790865  26.217591 16.630
 65    46.018 54478.64998838 35.51  91.795659  26.212597 15.173
 65    45.316 54478.64998903 40.21  91.794819  26.215887 15.173
 65    44.618 54478.64998967 29.84  91.793969  26.219177 15.173
 65    44.361 54478.64999032 28.41  91.793129  26.222467 15.173
 66    45.598 54513.64997736 36.35  91.793669  26.209722 10.175
 66    45.113 54513.64997800 43.75  91.792829  26.213022 10.175
 66    42.123 54513.64997865 42.12  91.791979  26.216312 10.175
 66    45.071 54513.64997929 23.30  91.791139  26.219602 10.175
 68    46.333 54583.64997400 22.00  91.794942  26.212740  7.237
 68    49.487 54583.64997465 19.76  91.794092  26.216030  7.237
 68    49.767 54583.64997529 19.18  91.793252  26.219320  7.237
 68    49.681 54583.64997593 19.54  91.792402  26.222620  7.237
 69    47.193 54618.64999355 42.77  91.795348  26.209656 19.330
 69    47.088 54618.64999420 44.89  91.794498  26.212946 19.330
 69    47.397 54618.64999484 50.62  91.793658  26.216246 19.330
 69    47.083 54618.64999549 41.26  91.792808  26.219536 19.330
 70    53.634 54653.65000542 38.04  91.793263  26.211870 20.379
 70    52.824 54653.65000606 38.75  91.792413  26.215160 20.379
 70    53.057 54653.65000671 43.01  91.791573  26.218460 20.379
 71    51.124 54688.64999402 37.32  91.795466  26.211729 26.908
 71    51.093 54688.64999467 41.83  91.794626  26.215019 26.908
 71    51.657 54688.64999531 42.06  91.793776  26.218309 26.908
 71    51.448 54688.64999596 42.61  91.792936  26.221599 26.908
 73    46.998 54758.64996958 47.65  91.794548  26.211215 14.359
 73    47.499 54758.64997023 44.70  91.793708  26.214505 14.359
 73    46.794 54758.64997087 40.61  91.792858  26.217805 14.359
 73    45.569 54758.64997152 28.77  91.792018  26.221095 14.359
 74    45.182 54793.64994622 42.57  91.791351  26.209103 11.494
 74    45.203 54793.64994687 46.44  91.790511  26.212403 11.494
 74    42.784 54793.64994751 46.86  91.789661  26.215693 11.494
 74    44.464 54793.64994816 23.16  91.788821  26.218983 11.494
 76    43.634 54863.64994112 46.11  91.793475  26.210716 17.357
 76    44.267 54863.64994177 45.20  91.792625  26.214006 17.357
 76    43.277 54863.64994241 27.28  91.791785  26.217296 17.357
 76    43.794 54863.64994306 21.83  91.790935  26.220586 17.357
 79    44.899 54968.64996961 46.26  91.794763  26.210791 22.694
 79    44.930 54968.64997025 49.09  91.793923  26.214081 22.694
 79    44.651 54968.64997090 49.16  91.793073  26.217371 22.694
 79    44.389 54968.64997154 37.88  91.792233  26.220671 22.694
 80    46.013 55003.64998858 44.27  91.792709  26.207743 21.159
 80    46.182 55003.64998923 47.18  91.791859  26.211033 21.159
 80    46.199 55003.64998987 50.08  91.791019  26.214323 21.159
 80    45.703 55003.64999051 45.50  91.790169  26.217623 21.159
 81    50.083 55038.64997651 41.83  91.795482  26.213559 24.893
 81    49.414 55038.64997715 38.93  91.794632  26.216849 24.893
 81    49.363 55038.64997780 37.63  91.793792  26.220149 24.893
 83    46.116 55108.64990790 30.80  91.793316  26.208017 13.569
 83    46.971 55108.64990855 26.24  91.792476  26.211307 13.569
 85    42.800 55178.64988134 49.27  91.793113  26.209067 11.432
 85    44.646 55178.64988199 34.42  91.792263  26.212357 11.432
 88    45.110 55283.64990064 33.48  91.795128  26.209846 16.612
 88    45.257 55283.64990128 37.56  91.794278  26.213136 16.612
 88    45.503 55283.64990193 39.24  91.793438  26.216426 16.612
 88    44.732 55283.64990257 36.86  91.792588  26.219716 16.612
 92    50.528 55423.64989182 45.71  91.795412  26.212527 15.113
 92    50.438 55423.64989246 39.85  91.794572  26.215817 15.113
 92    50.202 55423.64989311 35.19  91.793722  26.219107 15.113
 92    50.151 55423.64989375 33.64  91.792882  26.222397 15.113
 93    53.261 55458.64986352 41.82  91.796412  26.214278 27.217
 93    53.348 55458.64986417 42.77  91.795572  26.217568 27.217
 93    53.278 55458.64986481 44.60  91.794722  26.220858 27.217
