# NaN NaN NaN ;Mean Elev.(m), Avg Gradient(m/km), RMS Gradient(m/km) - SRTM1     
#   32.000  -0.876  22.887 ;Mean Elev.(m), Avg Gradient(m/km), RMS Gradient(m/km) - ASTER GDEM
#   46.041  -0.435  22.250 ;Mean Elev.(m), Avg Gradient(m/km), RMS Gradient(m/km) - GMTED2010 
  6    49.632 52439.17369564 29.61  91.705691  26.181386 11.383
  6    48.843 52439.17369628 26.73  91.704841  26.178096 11.383
  6    46.548 52439.17369693 27.28  91.703991  26.174806 11.383
  7    48.937 52474.17369435 36.36  91.710266  26.181526 17.160
  7    48.625 52474.17369500 35.87  91.709416  26.178236 17.160
  7    48.787 52474.17369564 34.83  91.708576  26.174946 17.160
  8    43.454 52509.17365883 35.26  91.715864  26.181389 10.710
  8    43.537 52509.17365947 35.01  91.715024  26.178089 10.710
  8    43.537 52509.17366012 35.47  91.714184  26.174799 10.710
  9    47.839 52544.17365392 36.54  91.725131  26.189635 18.004
  9    47.659 52544.17365457 35.20  91.724291  26.186345 18.004
  9    47.658 52544.17365521 34.31  91.723441  26.183055 18.004
  9    47.783 52544.17365585 35.21  91.722601  26.179755 18.004
  9    47.902 52544.17365650 36.60  91.721751  26.176465 18.004
 10    49.207 52579.17369684 19.19  91.712642  26.180563  8.030
 10    45.044 52579.17369749 27.91  91.711792  26.177263  8.030
 10    45.219 52579.17369813 36.27  91.710942  26.173973  8.030
 11    44.014 52614.17366337 40.18  91.709709  26.181613 15.006
 11    43.798 52614.17366402 43.68  91.708859  26.178323 15.006
 11    43.939 52614.17366466 40.30  91.708019  26.175033 15.006
 12    43.373 52649.17364357 39.60  91.719283  26.181974 19.992
 12    43.277 52649.17364422 41.19  91.718434  26.178691 12.010
 12    43.283 52649.17364486 40.71  91.717594  26.175391 12.010
 13    50.559 52684.17362366 18.31  91.719849  26.182823  6.992
 13    50.358 52684.17362431 18.58  91.719009  26.179533  6.992
 13    43.001 52684.17362495 21.12  91.718159  26.176243  6.992
 14    56.467 52719.17367791 21.44  91.714075  26.183462  5.826
 14    55.875 52719.17367855 17.93  91.713225  26.180172  5.826
 14    60.521 52719.17367919 17.75  91.712385  26.176882  5.826
 14    62.262 52719.17367984 17.45  91.711545  26.173592  5.826
 16    46.026 52789.17364963 33.40  91.718013  26.181548  9.457
 16    46.294 52789.17365028 36.72  91.717173  26.178258  9.457
 17    49.795 52824.17371989 35.86  91.719228  26.183541  7.221
 17    49.645 52824.17372054 35.34  91.718378  26.180241  7.221
 17    49.834 52824.17372118 32.02  91.717538  26.176951  7.221
 18    49.134 52859.17376632 20.51  91.720747  26.182364  5.449
 18    49.039 52859.17376697 18.50  91.719897  26.179074  5.449
 18    51.132 52859.17376761 17.33  91.719057  26.175784  5.449
 19    49.035 52894.17379810 24.92  91.711671  26.180781  6.836
 19    48.902 52894.17379875 26.44  91.710831  26.177481  6.836
 19    48.867 52894.17379939 26.22  91.709981  26.174191  6.836
 20    47.853 52929.17374808 34.40  91.709011  26.181803 23.919
 20    47.834 52929.17374872 29.53  91.708165  26.178518  8.116
 20    47.714 52929.17374937 29.57  91.707325  26.175218  8.116
 21    49.373 52964.17373176 23.78  91.723481  26.186257  9.361
 21    44.372 52964.17373240 22.77  91.722641  26.182967  9.361
 21    44.392 52964.17373305 24.63  91.721791  26.179667  9.361
 21    44.292 52964.17373369 23.70  91.720951  26.176377  9.361
 22    43.206 52999.17376946 48.68  91.709072  26.181669 16.056
 22    43.240 52999.17377011 35.28  91.708232  26.178369 16.056
 22    43.270 52999.17377075 36.74  91.707392  26.175079 16.056
 23    42.768 53034.17372133 35.69  91.709757  26.180759  9.122
 23    47.810 53034.17372197 23.62  91.708907  26.177469  9.122
 23    47.533 53034.17372262 21.23  91.708067  26.174179  9.122
 24    42.709 53069.17373700 33.37  91.717058  26.182388  9.264
 24    42.758 53069.17373765 31.61  91.716218  26.179098  9.264
 24    42.483 53069.17373829 29.00  91.715368  26.175798  9.264
 25    49.314 53104.17372308 25.01  91.708263  26.181166  8.433
 25    49.346 53104.17372373 18.48  91.707413  26.177876  8.433
 25    56.149 53104.17372437 15.92  91.706573  26.174586  8.433
 26    45.018 53139.17374181 31.16  91.719004  26.181239  7.236
 26    45.179 53139.17374246 30.79  91.718164  26.177949  7.236
 28    50.797 53209.17379751 33.32  91.712922  26.182824  7.501
 28    50.640 53209.17379815 29.50  91.712072  26.179534  7.501
 28    50.658 53209.17379879 27.84  91.711232  26.176244  7.501
 28    50.470 53209.17379944 27.26  91.710382  26.172954  7.501
 29    48.801 53244.17376516 30.55  91.715885  26.182207  5.387
 29    48.604 53244.17376580 31.21  91.715035  26.178917  5.387
 29    48.606 53244.17376645 29.25  91.714195  26.175627  5.387
 30    47.501 53279.17374396 32.48  91.717834  26.183796  7.084
 30    47.440 53279.17374461 31.29  91.716994  26.180506  7.084
 30    47.504 53279.17374525 32.13  91.716144  26.177216  7.084
 56    42.610 54189.17365189 45.51  91.712760  26.182352 18.078
 56    42.556 54189.17365254 48.56  91.711920  26.179062 18.078
 56    42.523 54189.17365318 48.90  91.711080  26.175762 18.078
 57    50.553 54224.17369310 22.35  91.715698  26.183340  7.885
 57    49.194 54224.17369375 21.13  91.714858  26.180050  7.885
 57    48.470 54224.17369439 20.66  91.714008  26.176760  7.885
 58    46.913 54259.17371447 43.53  91.715850  26.182143 12.906
 58    46.899 54259.17371512 36.09  91.715010  26.178853 12.906
 58    46.784 54259.17371576 33.83  91.714160  26.175563 12.906
 59    48.466 54294.17371782 37.27  91.716928  26.183578 10.240
 59    48.296 54294.17371846 33.94  91.716088  26.180288 10.240
 59    48.114 54294.17371910 33.33  91.715238  26.176998 10.240
 60    49.052 54329.17371168 35.50  91.716864  26.183720  9.720
 60    48.878 54329.17371232 34.70  91.716014  26.180430  9.720
 60    48.719 54329.17371297 31.07  91.715174  26.177130  9.720
 61    48.935 54364.17365876 35.02  91.712335  26.181106 10.939
 61    48.816 54364.17365941 32.59  91.711495  26.177816 10.939
 61    48.716 54364.17366005 29.40  91.710655  26.174516 10.939
 62    50.296 54399.17365256 23.77  91.717995  26.183215  4.718
 62    48.738 54399.17365320 22.41  91.717155  26.179925  4.718
 62    46.369 54399.17365385 23.05  91.716315  26.176635  4.718
 63    43.563 54434.17361040 33.73  91.714598  26.183118 13.886
 63    43.799 54434.17361105 44.50  91.713758  26.179828 13.886
 63    43.690 54434.17361169 51.14  91.712908  26.176538 13.886
 63    43.685 54434.17361234 46.27  91.712068  26.173248 13.886
 64    42.645 54469.17363531 35.47  91.720136  26.183951 11.551
 64    42.599 54469.17363595 45.17  91.719286  26.180661 11.551
 64    42.673 54469.17363659 40.63  91.718446  26.177371 11.551
 66    42.557 54539.17365066 48.48  91.717338  26.183469 15.249
 66    42.589 54539.17365131 53.38  91.716498  26.180179 15.249
 66    42.569 54539.17365195 50.98  91.715648  26.176879 15.249
 67    49.366 54574.17362571 24.23  91.714353  26.182147  6.116
 67    48.657 54574.17362636 19.89  91.713503  26.178857  6.116
 67    51.108 54574.17362700 17.16  91.712663  26.175567  6.116
 68    45.871 54609.17364336 42.98  91.716048  26.183048 11.087
 68    45.925 54609.17364400 40.41  91.715198  26.179758 11.087
 68    45.988 54609.17364465 36.70  91.714358  26.176468 11.087
 69    48.700 54644.17365190 32.14  91.714604  26.181625  8.401
 69    48.641 54644.17365254 30.54  91.713754  26.178335  8.401
 69    48.433 54644.17365319 30.05  91.712914  26.175035  8.401
 70    49.439 54679.17365305 25.86  91.714679  26.182473  8.571
 70    48.997 54679.17365369 24.46  91.713839  26.179183  8.571
 70    49.251 54679.17365434 23.76  91.712999  26.175893  8.571
 71    50.201 54714.17360503 36.08  91.714373  26.181986  8.001
 71    49.917 54714.17360567 34.20  91.713523  26.178686  8.001
 71    49.970 54714.17360631 32.50  91.712683  26.175396  8.001
 72    46.580 54749.17362307 33.13  91.716215  26.183452  5.532
 72    46.580 54749.17362372 28.90  91.715375  26.180162  5.532
 72    46.386 54749.17362436 29.22  91.714525  26.176862  5.532
 73    44.086 54784.17359330 32.93  91.715041  26.181629 10.165
 73    44.258 54784.17359395 36.08  91.714201  26.178339 10.165
 73    44.173 54784.17359459 33.94  91.713351  26.175049 10.165
 74    43.029 54819.17361494 42.62  91.717832  26.183976 13.558
 74    43.042 54819.17361558 45.99  91.716982  26.180686 13.558
 74    42.889 54819.17361623 45.44  91.716142  26.177396 13.558
 75    49.625 54854.17358992 21.88  91.715281  26.181953 10.670
 75    49.402 54854.17359057 17.90  91.714441  26.178663 10.670
 75    42.892 54854.17359121 25.37  91.713591  26.175373 10.670
 76    48.948 54889.17362057 28.06  91.713951  26.182586  9.743
 76    48.625 54889.17362121 19.15  91.713111  26.179296  9.743
 76    42.308 54889.17362186 22.38  91.712261  26.175996  9.743
 76    42.518 54889.17362250 24.08  91.711421  26.172706  9.743
 77    48.875 54924.17358958 24.83  91.710480  26.180740  8.351
 77    48.921 54924.17359023 17.43  91.709640  26.177450  8.351
 77    56.035 54924.17359087 17.88  91.708790  26.174160  8.351
 78    49.568 54959.17361751 19.13  91.715347  26.181096  9.660
 78    48.229 54959.17361816 21.05  91.714507  26.177806  9.660
 78    44.377 54959.17361880 33.76  91.713657  26.174506  9.660
 79    48.705 54994.17363987 33.99  91.712966  26.182488  9.977
 79    45.448 54994.17364051 33.60  91.712116  26.179198  9.977
 79    45.489 54994.17364116 35.59  91.711276  26.175898  9.977
 79    45.539 54994.17364180 25.89  91.710436  26.172608  9.977
 80    48.336 55029.17362991 26.44  91.714940  26.182057  8.108
 80    47.780 55029.17363056 25.06  91.714100  26.178767  8.108
 80    48.063 55029.17363120 25.11  91.713250  26.175467  8.108
 81    49.280 55064.17362139 32.07  91.715344  26.180632  6.796
 81    49.191 55064.17362203 33.69  91.714504  26.177342  6.796
 82    49.139 55099.17356633 31.96  91.711049  26.182666  6.361
 82    48.007 55099.17356698 31.54  91.710209  26.179376  6.361
 82    47.921 55099.17356762 30.77  91.709369  26.176086  6.361
 82    47.881 55099.17356827 30.07  91.708519  26.172796  6.361
 83    44.456 55134.17356620 31.07  91.715980  26.181252  8.277
 83    44.106 55134.17356684 32.64  91.715130  26.177952  8.277
 84    43.241 55169.17352989 42.65  91.715521  26.183305 13.255
 84    43.185 55169.17353053 44.46  91.714681  26.180015 13.255
 84    43.307 55169.17353118 39.69  91.713831  26.176725 13.255
 85    42.413 55204.17355865 38.09  91.716171  26.182274 10.744
 85    42.518 55204.17355930 44.65  91.715331  26.178984 10.744
 85    42.434 55204.17355994 45.45  91.714481  26.175684 10.744
 86    41.954 55239.17353792 50.54  91.712278  26.180348 15.708
 86    41.854 55239.17353856 50.97  91.711428  26.177058 15.708
 86    41.802 55239.17353921 49.64  91.710588  26.173758 15.708
 87    42.587 55274.17355223 32.43  91.714971  26.183488 16.839
 87    42.553 55274.17355287 44.89  91.714121  26.180198 16.839
 87    42.513 55274.17355351 50.60  91.713281  26.176908 16.839
 87    42.476 55274.17355416 48.47  91.712441  26.173608 16.839
 88    49.792 55309.17351986 28.48  91.714055  26.183059  5.609
 88    48.795 55309.17352051 26.63  91.713205  26.179759  5.609
 88    48.673 55309.17352115 21.52  91.712365  26.176469  5.609
 88    51.134 55309.17352180 18.69  91.711525  26.173179  5.609
 90    49.008 55379.17351558 29.03  91.714535  26.181634  9.380
 90    49.205 55379.17351623 28.96  91.713695  26.178344  9.380
 90    49.483 55379.17351687 27.91  91.712845  26.175044  9.380
 91    49.003 55414.17353997 40.03  91.717788  26.183729 12.201
 91    48.844 55414.17354061 34.24  91.716938  26.180439 12.201
 91    48.961 55414.17354126 33.74  91.716098  26.177149 12.201
 92    50.065 55449.17352791 33.98  91.715983  26.183721  6.648
 92    50.001 55449.17352855 32.89  91.715133  26.180431  6.648
 92    49.869 55449.17352919 31.52  91.714293  26.177141  6.648
 93    50.414 55484.17345502 17.85  91.713139  26.181521  5.012
 93    49.544 55484.17345566 18.05  91.712289  26.178231  5.012
 93    51.084 55484.17345631 18.12  91.711449  26.174941  5.012
