# NaN NaN NaN ;Mean Elev.(m), Avg Gradient(m/km), RMS Gradient(m/km) - SRTM1     
#   10.230  -0.085   0.649 ;Mean Elev.(m), Avg Gradient(m/km), RMS Gradient(m/km) - ASTER GDEM
#    8.850  -0.126   1.854 ;Mean Elev.(m), Avg Gradient(m/km), RMS Gradient(m/km) - GMTED2010 
  6     7.819 52442.17811806 37.48  89.716882  24.005681 23.413
  6     7.537 52442.17811871 30.98  89.716062  24.002391 23.413
  7    10.004 52477.17811484 39.33  89.720195  23.999616 36.387
  7    10.004 52477.17811548 39.43  89.719365  23.996326 36.387
  8    10.220 52512.17806265 46.80  89.728072  23.985522 28.009
  8    10.185 52512.17806329 53.26  89.727242  23.982232 28.009
  8    10.126 52512.17806394 49.99  89.726422  23.978932 28.009
  8    10.167 52512.17806458 50.81  89.725602  23.975642 28.009
  9     9.178 52547.17809504 27.86  89.725964  23.994240 11.700
  9     9.212 52547.17809568 32.01  89.725144  23.990950 11.700
  9     9.285 52547.17809633 35.86  89.724314  23.987650 11.700
 10     6.411 52582.17810659 32.17  89.725450  23.993151 21.649
 10     7.761 52582.17810723 36.02  89.724630  23.989851 21.649
 10     7.756 52582.17810788 33.15  89.723810  23.986561 21.649
 11     7.461 52617.17807711 19.89  89.719925  24.002279 12.517
 11     7.700 52617.17807776 19.29  89.719105  23.998989 12.517
 11     7.631 52617.17807840 19.54  89.718275  23.995689 12.517
 13     8.160 52687.17804904 19.01  89.724978  23.995667 17.602
 13     8.816 52687.17804968 17.98  89.724158  23.992377 17.602
 13     6.612 52687.17805033 19.74  89.723338  23.989077 17.602
 14     2.769 52722.17809725 26.40  89.724068  23.994958 13.280
 14     3.521 52722.17809789 25.71  89.723248  23.991668 13.280
 14     3.514 52722.17809854 23.89  89.722428  23.988368 13.280
 17    10.344 52827.17814047 22.45  89.728244  23.985902  5.732
 17    10.094 52827.17814111 23.08  89.727414  23.982612  5.732
 17    10.379 52827.17814176 24.44  89.726594  23.979322  5.732
 17    10.598 52827.17814240 26.58  89.725774  23.976022  5.732
 18     9.727 52862.17818802 30.75  89.726600  23.974475  9.815
 18     9.791 52862.17818867 31.56  89.725771  23.971182 28.929
 19    10.211 52897.17821320 30.62  89.722764  24.000039 19.410
 19    10.192 52897.17821385 30.50  89.721944  23.996749 19.410
 19    10.245 52897.17821449 29.88  89.721124  23.993449 19.410
 20     9.020 52932.17815955 37.48  89.720458  24.003237 27.656
 20     9.340 52932.17816020 35.37  89.719638  23.999947 27.656
 20     9.436 52932.17816084 37.67  89.718808  23.996647 27.656
 21     5.967 52967.17816396 50.07  89.727880  23.993412 30.856
 21     5.812 52967.17816460 40.55  89.727060  23.990112 30.856
 21     7.420 52967.17816524 38.29  89.726240  23.986822 30.856
 21     5.694 52967.17816589 37.26  89.725410  23.983522 30.856
 21     5.462 52967.17816653 37.90  89.724590  23.980232 30.856
 22     5.684 53002.17818860 23.45  89.719385  24.004673 13.967
 22     7.209 53002.17818925 21.51  89.718565  24.001373 13.967
 22     7.341 53002.17818989 20.68  89.717745  23.998083 13.967
 23     4.051 53037.17813820 21.11  89.720030  24.001637 15.863
 23     3.642 53037.17813884 19.16  89.719210  23.998347 15.863
 23     8.017 53037.17813949 22.27  89.718390  23.995047 15.863
 24     8.004 53072.17816363 28.58  89.723262  23.996587 12.579
 24     8.707 53072.17816427 28.80  89.722432  23.993287 12.579
 24     4.297 53072.17816492 27.41  89.721612  23.989987 12.579
 25     9.139 53107.17813896 15.46  89.719086  24.001434  9.589
 25     9.426 53107.17813961 18.05  89.718266  23.998144  9.589
 26     5.936 53142.17817174 26.74  89.725758  23.995743 18.880
 26     5.811 53142.17817238 27.01  89.724928  23.992453 18.880
 26     5.366 53142.17817303 28.31  89.724108  23.989153 18.880
 26     5.169 53142.17817367 28.17  89.723288  23.985863 18.880
 28    11.686 53212.17821695 44.60  89.722424  23.996932 26.464
 28    11.674 53212.17821760 45.32  89.721604  23.993632 26.464
 28    11.660 53212.17821824 45.86  89.720774  23.990342 26.464
 29     9.834 53247.17818568 29.05  89.723882  23.995713 14.718
 29     9.731 53247.17818632 30.64  89.723062  23.992423 14.718
 29     9.683 53247.17818696 33.90  89.722242  23.989123 14.718
 30     8.983 53282.17817371 33.57  89.724317  23.997622 18.603
 30     8.793 53282.17817436 35.22  89.723487  23.994332 18.603
 30     8.713 53282.17817500 32.88  89.722667  23.991042 18.603
 48     8.163 53912.17816791 30.47  89.720244  24.000383 32.734
 48     8.156 53912.17816855 30.78  89.719414  23.997083 32.734
 56    10.354 54192.17806527 13.93  89.722502  23.998111 13.269
 56     9.099 54192.17806591 16.19  89.721682  23.994811 13.269
 56     9.449 54192.17806656 16.66  89.720852  23.991521 13.269
 57     5.749 54227.17811485 25.06  89.724955  23.995690 20.018
 57     5.983 54227.17811549 19.72  89.724135  23.992390 20.018
 57     5.836 54227.17811614 27.43  89.723305  23.989100 20.018
 58     8.139 54262.17813448 37.10  89.725517  23.994363 24.222
 58     7.978 54262.17813512 32.07  89.724697  23.991063 24.222
 58     9.055 54262.17813577 33.84  89.723877  23.987773 24.222
 59     9.414 54297.17813924 30.72  89.725434  23.996204 22.837
 59     9.322 54297.17813989 37.20  89.724614  23.992914 22.837
 59     9.275 54297.17814053 37.19  89.723784  23.989614 22.837
 59     9.279 54297.17814118 36.37  89.722964  23.986324 22.837
 60    10.494 54332.17813017 39.67  89.724783  23.993438 28.396
 60    10.431 54332.17813081 42.78  89.723963  23.990138 28.396
 60    10.392 54332.17813146 51.14  89.723133  23.986848 28.396
 61    10.094 54367.17807110 33.95  89.722755  23.997107 30.177
 61    10.033 54367.17807175 32.23  89.721935  23.993807 30.177
 61    10.072 54367.17807239 37.76  89.721105  23.990517 30.177
 62     7.997 54402.17807267 30.88  89.725455  23.995560 21.983
 62     7.906 54402.17807332 30.56  89.724635  23.992270 21.983
 62     9.043 54402.17807396 34.36  89.723815  23.988970 21.983
 63     6.432 54437.17802949 33.73  89.722941  23.997723 23.456
 63     6.364 54437.17803013 42.43  89.722121  23.994433 23.456
 63     6.300 54437.17803078 42.55  89.721291  23.991133 23.456
 64     5.179 54472.17805808 27.57  89.727843  23.992885 12.452
 64     5.186 54472.17805873 25.47  89.727023  23.989585 12.452
 64     4.286 54472.17805937 29.25  89.726193  23.986295 12.452
 64     4.086 54472.17806002 26.70  89.725373  23.982995 12.452
 64     5.301 54472.17806066 22.54  89.724553  23.979705 12.452
 66     3.315 54542.17807233 30.16  89.725960  23.994406 23.838
 66     3.457 54542.17807297 26.87  89.725130  23.991116 23.838
 66     3.797 54542.17807362 25.28  89.724310  23.987816 23.838
 67     5.016 54577.17804278 19.75  89.723234  23.998345  7.460
 67     7.985 54577.17804343 19.99  89.722404  23.995055  7.460
 67     4.704 54577.17804407 18.46  89.721584  23.991755  7.460
 68     6.324 54612.17806350 35.33  89.725283  23.994081 27.724
 68     6.067 54612.17806415 32.19  89.724453  23.990781 27.724
 68     5.946 54612.17806479 30.67  89.723633  23.987491 27.724
 69     9.494 54647.17807064 31.55  89.724251  23.994907 15.279
 69     9.355 54647.17807129 31.77  89.723421  23.991607 15.279
 69     9.312 54647.17807193 28.38  89.722601  23.988317 15.279
 70    10.442 54682.17807081 33.55  89.724341  23.996558 16.771
 70    10.484 54682.17807145 42.96  89.723521  23.993258 16.771
 70    10.444 54682.17807209 49.00  89.722691  23.989968 16.771
 71    11.216 54717.17801906 46.46  89.723758  23.997495 28.702
 71    11.269 54717.17801971 49.53  89.722938  23.994195 28.702
 71    11.223 54717.17802035 50.31  89.722108  23.990905 28.702
 72     8.413 54752.17804364 33.48  89.725239  23.994760 12.878
 72     8.371 54752.17804428 32.58  89.724419  23.991470 12.878
 72     9.357 54752.17804493 32.61  89.723599  23.988170 12.878
 73     6.635 54787.17800976 30.27  89.723113  23.995988 16.771
 73     6.539 54787.17801040 32.94  89.722293  23.992688 16.771
 73     6.747 54787.17801105 29.44  89.721473  23.989398 16.771
 74     4.249 54822.17803754 28.26  89.726324  23.993452 11.459
 74     5.369 54822.17803819 28.42  89.725504  23.990152 11.459
 74     5.726 54822.17803883 27.20  89.724684  23.986862 11.459
 75     3.505 54857.17800565 30.88  89.724300  23.996292 29.212
 75     3.009 54857.17800630 26.36  89.723480  23.992992 29.212
 75     5.291 54857.17800694 23.42  89.722660  23.989702 29.212
 76    10.266 54892.17804058 28.49  89.722908  23.996047 16.163
 76     9.100 54892.17804123 30.56  89.722078  23.992747 16.163
 76     9.186 54892.17804187 30.89  89.721258  23.989457 16.163
 77    10.073 54927.17800306 19.51  89.721389  23.998830  7.191
 77    10.657 54927.17800370 17.80  89.720559  23.995540  7.191
 77    10.047 54927.17800435 16.59  89.719739  23.992240  7.191
 78     4.921 54962.17803865 16.95  89.725068  23.997041 10.840
 78     4.913 54962.17803930 16.34  89.724248  23.993741 10.840
 78     4.861 54962.17803994 18.42  89.723418  23.990451 10.840
 78     8.768 54962.17804059 21.22  89.722598  23.987161 10.840
 79     5.773 54997.17806025 19.45  89.722529  23.996617  8.245
 79     5.744 54997.17806090 19.29  89.721699  23.993327  8.245
 79     5.890 54997.17806154 22.54  89.720879  23.990037  8.245
 80     8.654 55032.17804983 22.26  89.723901  23.995886 11.709
 80     8.461 55032.17805048 26.85  89.723081  23.992596 11.709
 80     8.434 55032.17805112 25.53  89.722251  23.989296 11.709
 81    10.408 55067.17803879 37.71  89.724341  23.994648 14.483
 81    10.469 55067.17803944 49.88  89.723521  23.991358 14.483
 81    10.413 55067.17804008 53.57  89.722701  23.988058 14.483
 82     9.134 55102.17797822 29.58  89.721416  24.000053 15.836
 82     9.073 55102.17797886 30.34  89.720596  23.996753 15.836
 82     8.746 55102.17797951 37.36  89.719766  23.993463 15.836
 83     6.877 55137.17798567 34.82  89.725292  23.994235 13.333
 83     7.398 55137.17798631 27.62  89.724472  23.990945 13.333
 83     7.749 55137.17798695 24.96  89.723652  23.987645 13.333
 84     4.910 55172.17794666 32.93  89.723471  23.996771 14.243
 84     5.949 55172.17794730 31.23  89.722651  23.993471 14.243
 84     6.165 55172.17794795 31.49  89.721831  23.990181 14.243
 85     4.146 55207.17797972 30.70  89.725327  23.993312 19.544
 85     4.128 55207.17798036 32.39  89.724507  23.990022 19.544
 85     4.029 55207.17798101 30.43  89.723687  23.986722 19.544
 86    10.352 55242.17795195 27.69  89.721883  23.997573 12.207
 86    10.433 55242.17795259 28.60  89.721063  23.994273 12.207
 86     9.604 55242.17795323 27.80  89.720243  23.990983 12.207
 87     8.260 55277.17797279 24.73  89.723902  23.996750 19.587
 87     8.944 55277.17797343 23.59  89.723072  23.993460 19.587
 87     9.264 55277.17797408 23.92  89.722252  23.990160 19.587
 88     9.969 55312.17793663 14.58  89.722981  23.995861 11.498
 88     9.180 55312.17793728 15.12  89.722151  23.992571 11.498
 88     9.366 55312.17793792 13.61  89.721331  23.989271 11.498
 89     8.260 55347.17794334 32.84  89.724777  23.993648 13.131
 89     9.684 55347.17794398 33.82  89.723957  23.990358 13.131
 89     9.329 55347.17794462 35.72  89.723137  23.987058 13.131
 90     9.758 55382.17793442 44.84  89.723711  23.995770 14.005
 90     9.747 55382.17793506 40.37  89.722891  23.992480 14.005
 90     9.728 55382.17793570 38.45  89.722061  23.989180 14.005
 91     9.350 55417.17796201 24.75  89.726377  23.994533 12.017
 91     9.393 55417.17796265 26.63  89.725547  23.991243 12.017
 91     9.329 55417.17796330 44.02  89.724727  23.987943 12.017
 92    10.775 55452.17794462 39.75  89.723928  23.994345 16.940
 92    10.814 55452.17794526 50.08  89.723108  23.991045 16.940
 92    10.884 55452.17794591 51.86  89.722288  23.987755 16.940
 93     8.550 55487.17786698 33.17  89.723305  23.996942 16.344
 93     8.566 55487.17786762 37.24  89.722475  23.993652 16.344
 93     8.519 55487.17786827 38.40  89.721655  23.990352 16.344
