-322185.257   413.030     0.00   53.37
-321808.389   446.488    88.76   62.61
-321431.506   479.400    87.31   57.65
-321054.611   492.780    35.49   54.64
-320677.702   489.073    -9.83   67.55
-320302.614   456.119   -87.84   71.04
-319928.367   426.643   -78.74   67.71
-319554.105   428.595     5.22   69.06
-319179.831   417.214   -30.40   72.37
-318805.543   428.405    29.89   78.44
-318431.242   436.829    22.50   72.20
-318056.928   439.610     7.43   75.17
-317682.600   462.250    60.47   69.87
-317308.260   480.825    49.61   72.06
-316933.905   502.732    58.50   76.92
-316559.538   519.585    45.01   70.48
-316185.157   523.244     9.77   74.02
-315810.763   530.667    19.82   75.40
-315436.355   545.923    40.74   73.30
-315061.934   563.744    47.58   66.80
-314687.500   594.585    82.35   68.97
-314313.052   602.833    22.02   69.43
-313938.591   615.220    33.07   69.08
-313564.117   607.368   -20.96   87.38
-313189.629   579.205   -75.19  121.20
-312815.128   553.462   -68.72  139.56
-312440.614   523.214   -80.74  151.71
-312066.086   466.488  -151.43  145.42
-311691.545   398.325  -181.95  125.02
-311316.990   332.318  -176.19  111.01
-310942.422   290.605  -111.34   86.93
-310567.841   286.690   -10.45   91.71
-310193.247   297.372    28.51   97.51
-309818.639   294.805    -6.85   72.68
-309444.017   287.233   -20.21   65.37
-309069.382   273.744   -36.00   48.06
-308694.734   270.762    -7.96   46.44
-308320.073   261.881   -23.70   45.54
-307945.398   244.190   -47.20   41.55
-307570.709   217.146   -72.16   46.33
-307196.007   192.707   -65.21   41.09
-306821.292   179.537   -35.14   29.87
-306446.564   178.902    -1.69   27.76
-306071.822   193.190    38.12   34.48
-305697.066   218.286    66.95   44.19
-305322.297   247.762    78.63   50.87
-304947.515   283.930    96.48   50.14
-304572.719   303.786    52.96   44.53
-304197.910   324.171    54.38   39.82
-303823.087   345.425    56.69   43.06
-303448.251   379.700    91.42   57.82
-303073.402   431.929   139.30   74.47
-302698.539   475.659   116.63   77.02
-302323.662   511.585    95.81   76.61
-301948.773   538.048    70.57   86.40
-301573.869   559.951    58.41   82.11
-301198.952   576.949    45.33   77.83
-300824.022   613.333    97.02   68.92
-300449.079   636.659    62.20   58.25
-300074.121   651.415    39.35   50.82
-299699.151   637.350   -37.50   62.11
-299324.167   595.289  -112.14   83.14
-298949.169   543.864  -137.10   86.70
-298574.158   505.410  -102.52   79.05
-298199.133   480.810   -65.58   88.26
-297824.095   457.093   -63.22   97.66
-297449.044   442.525   -38.83  113.58
-297073.979   391.364  -136.38  135.89
-296698.900   341.553  -132.77  132.14
-296323.808   305.698   -95.57  117.02
-295948.703   272.429   -88.67   85.80
-295573.584   250.714   -57.87   63.62
-295198.451   222.364   -75.56   54.26
-294823.305   196.821   -68.07   45.97
-294448.145   186.357   -27.88   37.11
-294072.972   170.550   -42.12   24.94
-293697.786   159.262   -30.08   25.40
-293322.585   144.643   -38.95   35.96
-292947.372   122.075   -60.13   29.80
-292572.144   108.238   -36.87   18.35
-292196.904   106.975    -3.37   16.47
-291821.649   109.585     6.95   20.95
-291446.381   104.976   -12.28   23.39
-291071.100    94.000   -29.24   21.05
-290695.805    83.244   -28.65   12.66
-290320.497    82.071    -3.12    9.59
-289945.174    83.000     2.47    9.74
-289569.839    83.725     1.93    9.20
-289194.490    83.976     0.67    7.93
-288819.127    85.595     4.31    6.72
-288443.750    87.767     5.79    5.34
-288068.361    88.463     1.85    5.12
-287692.957    88.850     1.03    5.07
-287317.540    89.195     0.92    5.39
-286942.109    88.860    -0.89    5.88
-286566.665    89.595     1.96    6.90
-286191.207    91.952     6.28    5.93
-285815.736    93.119     3.11    5.73
-285440.251    95.075     5.21    4.80
-285064.752    95.150     0.20    4.76
-284689.240    96.024     2.33    3.92
-284313.714    96.098     0.20    2.76
-283938.174    95.976    -0.32    2.79
-283562.621    95.512    -1.23    3.98
-283187.055    93.872    -4.37    4.69
-282811.474    92.047    -4.86    4.67
-282435.880    90.513    -4.08    3.78
-282060.273    88.951    -4.16    2.01
-281684.652    90.286     3.55    3.86
-281309.017    92.756     6.58    5.78
-280933.368    96.977    11.23    6.57
-280557.706   101.158    11.13    4.68
-280182.030   102.955     4.78    4.49
-279806.341   103.707     2.00    4.18
-279430.638   104.214     1.35    3.64
-279054.921   104.651     1.16    2.89
-278679.191   105.079     1.14    2.54
-278303.447   105.409     0.88    2.68
-277927.689   105.550     0.37    2.67
-277551.918   105.571     0.06    2.66
-277176.133   105.690     0.32    2.23
-276800.334   106.256     1.51    2.38
-276424.522   107.068     2.16    3.25
-276048.695   108.658     4.23    4.70
-275672.856   110.825     5.76    4.98
-275297.002   113.585     7.34    4.42
-274921.135   115.585     5.32    4.67
-274545.254   120.860    14.03   10.44
-274169.360   131.105    27.25   24.41
-273793.452   140.850    25.92   33.49
-273417.530   163.095    59.16   48.39
-273041.594   176.073    34.51   47.08
-272665.645   185.786    25.83   42.34
-272289.681   188.146     6.28   41.46
-271913.705   175.575   -33.43   45.10
-271537.714   166.512   -24.10   47.13
-271161.710   151.429   -40.11   40.00
-270785.692   143.293   -21.63   18.18
-270409.660   153.857    28.09   31.13
-270033.615   181.293    72.94   56.69
-269657.556   220.700   104.77   74.52
-269281.483   264.902   117.51   89.06
-268905.396   282.119    45.77   88.26
-268529.296   274.651   -19.85   78.44
-268153.182   246.000   -76.16   76.41
-267777.054   218.905   -72.02   58.81
-267400.912   212.122   -18.03   52.03
-267024.757   221.643    25.31   65.28
-266648.587   259.732   101.23   82.90
-266272.404   294.333    91.96   82.55
-265896.208   301.610    19.34   84.73
-265519.997   296.220   -14.32   64.16
-265143.773   282.175   -37.32   52.18
-264767.535   278.929    -8.63   47.09
-264391.283   283.925    13.28   59.38
-264015.017   294.857    29.05   69.43
-263638.738   355.429   160.94   81.96
-263262.445   425.000   184.85   92.12
-262886.138   479.119   143.79   87.22
-262509.817   513.051    90.15   69.58
-262133.482   498.310   -39.16   84.46
-261757.134   469.098   -77.60   92.85
-261380.771   435.488   -89.28   93.58
-261004.395   391.071  -117.99   87.81
-260628.005   365.868   -66.95   80.19
-260251.602   357.614   -21.93   72.26
-259875.184   360.073     6.53   74.36
-259498.753   392.674    86.59   84.41
-259122.308   432.610   106.06  104.83
-258745.848   484.974   139.07  115.08
-258369.376   560.227   199.85  113.66
-257992.889   630.897   187.67   94.59
-257616.388   660.244    77.93   79.66
-257239.874   673.571    35.39   75.60
-256863.346   669.974    -9.55   85.85
-256486.803   675.273    14.07   81.99
-256110.248   693.051    47.20   86.75
-255733.678   736.976   116.62   90.90
-255357.094   815.293   207.93  110.03
-254980.496   892.075   203.84  114.30
-254603.885   934.818   113.47   80.19
-254227.260   953.237    48.89   69.75
-253850.620   892.683  -160.74  121.01
-253473.967   788.071  -277.68  119.19
-253097.300   698.098  -238.82  101.30
-252720.619   657.909  -106.67   76.23
-252343.925   690.897    87.56  102.18
-251967.216   713.810    60.81  102.54
-251590.493   699.279   -38.56  123.88
-251213.757   651.537  -126.70  129.50
-250837.007   609.810  -110.73  101.97
-250460.242   619.564    25.89  100.72
-250083.464   647.071    72.99   85.56
-249706.672   620.415   -70.73  103.71
-249329.866   539.476  -214.76  141.67
-248953.046   485.537  -143.12  105.80
-248576.212   491.275    15.23   98.05
-248199.364   537.659   123.06  104.88
-247822.502   603.805   175.48   93.09
-247445.627   670.762   177.63  121.75
-247068.737   786.171   306.15  133.92
-246691.834   858.357   191.49  125.72
-246314.916   892.049    89.37  102.53
-245937.985   847.429  -118.35  145.05
-245561.039   715.976  -348.67  195.92
-245186.398   565.619  -401.26  163.42
-244812.195   490.643  -200.32  118.96
-244437.979   459.093   -84.29  101.72
-244063.749   473.262    37.85  121.48
-243689.505   482.326    24.21  129.26
-243315.247   487.500    13.82  131.25
-242940.976   461.150   -70.39  110.96
-242566.691   464.000     7.61  103.27
-242192.392   463.310    -1.84  100.93
-241818.079   453.756   -25.52   88.66
-241443.752   467.619    37.03   89.13
-241069.412   444.150   -62.68   72.51
-240695.058   437.000   -19.10   66.34
-240320.690   466.795    79.57   98.08
-239946.309   543.780   205.59  132.22
-239571.913   609.366   175.14  125.00
-239197.504   676.119   178.26  124.36
-238823.081   733.692   153.74  131.33
-238448.644   773.091   105.20  141.07
-238074.194   773.615     1.40  136.81
-237699.729   763.744   -26.36  138.83
-237325.251   723.810  -106.62  149.53
-236950.759   681.976  -111.69  147.59
-236576.253   642.068  -106.54  143.69
-236201.733   607.333   -92.73   98.76
-235827.200   624.705    46.37  117.09
-235452.653   665.692   109.41  142.01
-235078.091   715.119   131.93  147.63
-234703.516   784.561   185.35  147.84
-234328.927   849.175   172.46  145.02
-233954.325   952.163   274.88  157.70
-233579.708  1040.684   236.26  165.95
-233205.078  1101.225   161.57  147.83
-232830.434  1174.190   194.72  146.49
-232455.776  1220.049   122.38  121.67
-232081.104  1225.095    13.47  111.28
-231706.418  1180.390  -119.29  143.06
-231331.718  1100.000  -214.51  168.47
-230957.005   994.951  -280.29  176.39
-230582.277   950.905  -117.52  142.63
-230207.536   951.143     0.64  159.03
-229832.781   984.952    90.20  144.76
-229458.012   981.732    -8.59  125.89
-229083.229   923.171  -156.23  137.32
-228708.432   840.561  -220.37  123.62
-228333.621   784.048  -150.75   95.23
-227958.797   771.268   -34.09  100.74
-227583.958   808.714    99.88   92.90
-227209.106   847.976   104.72  100.44
-226834.239   895.857   127.71  120.91
-226459.359   946.537   135.16  111.17
-226084.465   959.524    34.64  122.55
-225709.557   960.000     1.27  127.75
-225334.635   962.262     6.03  125.38
-224959.699   970.683    22.46  105.26
-224584.749   988.953    48.72  100.99
-224209.786   983.286   -15.11  114.50
-223834.808   955.053   -75.28  110.68
-223459.816   893.500  -164.12   99.79
-223084.811   839.341  -144.40  100.82
-222709.791   805.122   -91.23   91.16
-222334.758   798.732   -17.04   73.91
-221959.710   814.718    42.62   92.87
-221584.649   841.159    70.49  100.22
-221209.574   829.564   -30.91   84.52
-220834.484   804.048   -68.02   77.39
-220459.381   781.535   -60.01   81.52
-220084.264   758.575   -61.20   82.65
-219709.133   738.068   -54.66   76.04
-219333.988   725.342   -33.92   55.56
-218958.829   743.767    49.10   61.37
-218583.655   780.857    98.84   77.46
-218208.468   835.690   146.12   86.14
-217833.267   900.256   172.05  104.01
-217458.052   964.179   170.34  111.47
-217082.823  1008.070   116.95   99.18
-216707.580  1023.659    41.54   89.60
-216332.323  1010.595   -34.81   83.00
-215957.052  1006.829   -10.03   79.72
-215581.767  1006.659    -0.45   75.31
-215206.468  1001.233   -14.46   86.58
-214831.155   978.975   -59.29   86.56
-214455.828   958.171   -55.42   70.81
-214080.487   976.476    48.76   73.63
-213705.131  1016.463   106.51   82.56
-213329.762  1070.619   144.25   83.38
-212954.379  1118.860   128.49   93.67
-212578.982  1176.425   153.32   84.83
-212203.571  1236.756   160.68  104.80
-211828.145  1300.833   170.65  109.05
-211452.706  1357.286   150.34  107.19
-211077.252  1398.619   110.07  101.81
-210701.785  1420.000    56.94   91.04
-210326.303  1419.049    -2.53   81.26
-209950.808  1393.262   -68.66   69.29
-209575.298  1350.116  -114.88   74.57
-209199.775  1310.171  -106.36   76.45
-208824.237  1253.286  -151.45   85.34
-208448.685  1194.714  -155.94   95.82
-208073.119  1119.571  -200.05  110.43
-207697.539  1042.488  -205.21  111.97
-207321.945   996.561  -122.26   83.14
-206946.337   995.675    -2.36   78.83
-206570.714  1031.881    96.37  103.05
-206195.078  1106.548   198.74  109.38
-205819.428  1166.714   160.14  107.47
-205443.763  1195.143    75.66  102.12
-205068.084  1201.744    17.57  112.31
-204692.392  1235.884    90.86  131.12
-204316.685  1284.415   129.15  124.00
-203940.964  1332.419   127.74  137.15
-203565.229  1399.714   179.08  133.40
-203189.479  1441.658   111.61  120.89
-202813.716  1467.045    67.55   97.54
-202437.939  1453.634   -35.68   95.25
-202062.147  1420.902   -87.09  111.87
-201686.341  1377.390  -115.77  105.50
-201310.521  1342.154   -93.74   79.25
-200934.687  1329.818   -32.82   74.06
-200558.839  1340.026    27.15   87.59
-200182.977  1375.571    94.56  103.87
-199807.100  1422.907   125.91   99.31
-199431.210  1463.825   108.84   85.81
-199055.305  1516.705   140.65   77.76
-198679.386  1568.500   137.76   74.68
-198303.453  1607.326   103.26   78.76
-197927.506  1629.500    58.97   74.97
-197551.544  1617.643   -31.53  102.50
-197175.569  1543.068  -198.32  150.98
-196799.579  1455.051  -234.06  149.05
-196423.575  1382.659  -192.50  136.49
-196047.557  1342.829  -105.91  148.02
-195671.524  1364.095    56.54  171.77
-195295.478  1401.000    98.12  179.86
-194919.417  1374.205   -71.24  154.63
-194543.342  1354.163   -53.29  144.67
-194167.253  1342.375   -31.34  148.56
-193791.150  1358.317    42.38  150.87
-193415.032  1392.634    91.23  151.05
-193038.900  1406.927    37.99  148.58
-192662.754  1396.048   -28.92  143.97
-192286.594  1378.561   -46.48  134.08
-191910.420  1352.875   -68.27  114.15
-191534.231  1292.929  -159.33  100.30
-191158.028  1243.439  -131.53   92.14
-190781.811  1184.619  -156.32   87.93
-190405.580  1140.024  -118.51   83.76
-190029.334  1089.100  -135.33   70.78
-189653.074  1056.512   -86.60   57.54
-189276.800  1040.048   -43.75   48.48
-188900.512  1028.833   -29.80   35.31
-188524.209  1013.952   -39.54   40.65
-188147.892   980.976   -87.62   70.71
-187771.561   942.073  -103.36   88.00
-187395.216   912.119   -79.58   87.91
-187018.856   873.595  -102.34   82.08
-186642.482   855.279   -48.66   62.69
-186266.094   846.738   -22.69   44.92
-185889.691   849.238     6.64   43.51
-185513.274   862.976    36.49   50.12
-185136.843   881.310    48.70   58.68
-184760.398   904.595    61.85   65.85
-184383.938   918.929    38.07   58.85
-184007.464   944.634    68.27   60.10
-183630.976   981.186    97.07   59.65
-183254.474  1005.833    65.45   56.15
-182877.957  1012.244    17.02   51.08
-182501.426  1029.659    46.24   51.70
-182124.880  1050.634    55.70   66.97
-181748.320  1089.667   103.64   78.64
-181371.746  1141.238   136.93   85.64
-180995.158  1210.333   183.45  116.66
-180618.555  1316.487   281.83  140.54
-180241.938  1420.837   277.03  143.10
-179865.306  1519.000   260.60  138.28
-179488.661  1606.595   232.53  162.70
-179112.000  1660.095   142.02  172.31
-178735.326  1704.237   117.17  166.57
-178358.637  1750.614   123.10  149.32
-177981.934  1762.341    31.13  106.12
-177605.216  1746.293   -42.60   92.80
-177228.485  1681.810  -171.14  119.51
-176851.738  1587.289  -250.85  135.84
-176474.978  1485.159  -271.04  153.86
-176098.203  1412.667  -192.38  109.00
-175721.413  1423.049    27.55  116.77
-175344.609  1521.977   262.51  151.11
-174967.791  1661.325   369.75  146.51
-174590.959  1805.659   382.97  169.95
-174214.112  1948.487   378.96  148.39
-173837.251  2031.698   220.77  103.98
-173460.375  2067.093    93.90   70.97
-173083.485  2040.881   -69.54  108.80
-172706.580  1958.773  -217.82  153.54
-172329.661  1878.158  -213.85  168.05
-171952.728  1803.364  -198.40  171.00
-171575.780  1710.220  -247.07  135.12
-171198.818  1652.667  -152.65  128.14
-170821.842  1611.349  -109.59  102.81
-170444.851  1572.553  -102.90   77.32
-170070.682  1544.841   -74.05   80.96
-169696.533  1526.000   -50.35   86.15
-169322.370  1486.674  -105.09   99.24
-168948.193  1459.415   -72.84   93.22
-168574.002  1439.282   -53.80   85.02
-168199.796  1392.318  -125.49   89.52
-167825.576  1338.500  -143.80   95.48
-167451.342  1262.244  -203.74  110.45
-167077.094  1194.214  -181.75   70.98
-166702.832  1191.171    -8.13   73.68
-166328.555  1194.721     9.48   91.88
-165954.264  1197.872     8.42   78.98
-165579.959  1228.762    82.52   74.16
-165205.640  1235.415    17.77   71.39
-164831.306  1227.095   -22.22   62.73
-164456.959  1207.122   -53.35   61.82
-164082.597  1164.667  -113.39   63.66
-163708.220  1124.659  -106.85   45.54
-163333.830  1099.952   -65.98   40.71
-162959.425  1074.024   -69.24   29.06
-162585.006  1063.268   -28.72   24.93
-162210.572  1066.381     8.31   26.52
-161836.125  1084.302    47.85   44.77
-161461.663  1113.619    78.28   47.71
-161087.187  1142.643    77.50   44.86
-160712.696  1172.415    79.49   49.44
-160338.191  1194.268    58.35   42.85
-159963.672  1211.070    44.86   37.24
-159589.139  1234.167    61.66   40.25
-159214.591  1262.293    75.08   46.59
-158840.029  1283.976    57.88   43.19
-158465.453  1283.049    -2.48   42.01
-158090.863  1280.200    -7.60   44.26
-157716.258  1290.512    27.52   43.11
-157341.639  1308.175    47.14   50.77
-156967.005  1333.405    67.34   58.82
-156592.357  1369.643    96.71   63.29
-156217.695  1407.186   100.19   73.70
-155843.019  1429.952    60.76   73.09
-155468.328  1451.237    56.80   64.88
-155093.623  1482.023    82.15   64.70
-154718.904  1519.659   100.42   74.39
-154344.170  1551.953    86.17   65.44
-153969.422  1545.095   -18.30   63.58
-153594.659  1512.744   -86.32   81.67
-153219.882  1456.250  -150.72   81.73
-152845.091  1424.795   -83.92   62.71
-152470.286  1442.571    47.42   90.59
-152095.466  1509.205   177.75  132.04
-151720.632  1594.900   228.59  144.26
-151345.783  1685.523   241.73  146.03
-150970.920  1740.553   146.78  111.69
-150596.043  1746.395    15.58   88.22
-150221.151  1734.209   -32.50   84.11
-149846.245  1732.310    -5.07   83.29
-149471.324  1756.905    65.59  109.01
-149096.389  1804.026   125.66  131.29
-148721.440  1845.814   111.44  166.21
-148346.476  1886.900   109.56  189.20
-147971.498  1892.073    13.79  170.40
-147596.506  1848.429  -116.37  169.40
-147221.499  1781.707  -177.90  184.84
-146846.477  1732.119  -132.21  155.54
-146471.442  1771.195   104.18  182.43
-146096.392  1896.902   335.14  218.64
-145721.327  2021.286   331.59  159.67
-145346.248  2056.690    94.38  143.72
-144971.155  2011.585  -120.24  172.16
-144596.047  1905.905  -281.70  183.75
-144220.924  1801.756  -277.61  148.38
-143845.788  1771.738   -80.01  126.86
-143470.637  1825.744   143.94  160.61
-143095.471  1871.452   121.82  147.54
-142720.291  1894.465    61.33  143.81
-142345.096  1906.093    30.99  154.89
-141969.887  1900.429   -15.10  137.91
-141594.664  1915.878    41.17  120.33
-141219.426  1880.122   -95.28  150.46
-140844.174  1775.571  -278.58  160.64
-140468.907  1695.214  -214.11   99.79
-140093.626  1683.049   -32.41   99.49
-139718.330  1753.023   186.43  153.77
-139343.020  1831.976   210.34  149.32
-138967.695  1848.786    44.78  118.47
-138592.356  1807.275  -110.58  137.28
-138217.002  1738.976  -181.94  145.00
-137841.634  1620.244  -316.27  138.23
-137466.251  1549.857  -187.49  111.10
-137090.854  1535.854   -37.30  117.17
-136715.442  1581.725   122.18  162.91
-136340.016  1653.364   190.80  161.69
-135964.575  1713.122   159.15  124.08
-135589.120  1717.857    12.61  111.79
-135213.650  1668.619  -131.12  119.25
-134838.166  1596.561  -191.89   99.61
-134462.667  1532.205  -171.37   90.51
-134087.154  1476.923  -147.20   86.81
-133711.626  1425.140  -137.88   80.96
-133336.084  1357.762  -179.39   75.61
-132960.527  1305.581  -138.93   70.12
-132584.955  1243.349  -165.68   78.58
-132209.369  1193.474  -132.78   69.25
-131833.769  1152.909  -107.99   64.12
-131458.153  1113.900  -103.84   61.13
-131082.524  1093.477   -54.36   59.58
-130706.879  1075.929   -46.71   70.69
-130331.221  1079.897    10.56   84.10
-129955.547  1103.000    61.49   86.38
-129579.859  1120.103    45.52   69.66
-129204.157  1130.071    26.53   76.61
-128828.440  1141.744    31.06   84.69
-128452.708  1150.000    21.97   76.12
-128076.962  1185.000    93.14   77.43
-127701.201  1195.289    27.38   66.18
-127325.425  1184.619   -28.39   77.64
-126949.635  1161.070   -62.66  100.90
-126573.830  1137.524   -62.65  113.79
-126198.011  1105.977   -83.93  127.54
-125822.177  1069.179   -97.90  119.77
-125446.329  1018.744  -134.18  117.33
-125070.466   968.000  -134.99  107.87
-124694.588   954.738   -35.28   88.20
-124318.696   981.881    72.20   80.72
-123942.789   993.951    32.11   74.73
-123566.867   991.907    -5.44   81.77
-123190.931   959.725   -85.60   98.20
-122814.980   941.634   -48.12   81.53
-122439.014   935.310   -16.82   79.77
-122063.034   945.268    26.48   80.44
-121687.039   962.810    46.65   87.19
-121311.030   958.048   -12.66  100.13
-120935.006   972.929    39.57  122.24
-120558.967  1016.119   114.85  152.83
-120182.914  1052.619    97.05  158.95
-119806.846  1083.293    81.56  156.16
-119430.763  1112.190    76.83  142.65
-119054.665  1132.167    53.11  139.49
-118678.553  1137.167    13.29  133.68
-118302.426  1139.395     5.92  123.48
-117926.285  1138.048    -3.58  114.27
-117550.129  1142.628    12.18   93.11
-117173.958  1164.395    57.86   75.10
-116797.772  1177.163    33.94   62.65
-116421.572  1162.293   -39.52   77.62
-116045.357  1103.310  -156.77   97.56
-115669.128  1035.302  -180.74  107.43
-115292.883   951.395  -222.99   98.08
-114916.624   889.262  -165.12   93.36
-114540.350   829.000  -160.14   85.00
-114164.062   791.643   -99.27   75.95
-113787.759   794.833     8.48   72.36
-113411.441   790.930   -10.37   70.34
-113035.108   784.805   -16.27   79.34
-112658.761   725.952  -156.36  123.06
-112282.399   657.429  -182.05  124.95
-111906.022   604.171  -141.49  101.12
-111529.630   582.238   -58.27   81.65
-111153.224   584.119     5.00   80.59
-110776.803   618.143    90.38  105.77
-110400.367   664.465   123.04  127.15
-110023.916   731.073   176.92  116.02
-109647.451   815.050   223.05  121.68
-109270.971   883.190   180.98  135.65
-108894.476   933.317   133.13  100.77
-108517.966   928.643   -12.41   99.59
-108141.441   885.952  -113.37  136.34
-107764.902   812.098  -196.12  159.85
-107388.348   729.000  -220.66  161.34
-107011.779   651.949  -204.60  153.69
-106635.196   607.762  -117.33  141.82
-106258.597   573.952   -89.77  103.69
-105881.984   576.535     6.86   94.59
-105505.356   577.524     2.63   66.26
-105128.713   595.821    48.57   54.42
-104752.056   630.318    91.58   72.14
-104375.383   686.805   149.95   94.21
-103998.696   706.419    52.06   76.93
-103621.994   683.878   -59.83  104.43
-103245.277   621.026  -166.83  135.98
-102868.545   524.591  -255.96  120.01
-102491.799   424.025  -266.91  100.60
-102115.037   360.073  -169.73   77.75
-101738.261   335.405   -65.47   67.91
-101361.470   343.436    21.31   75.43
-100984.664   370.227    71.10   79.10
-100607.843   408.487   101.53   90.46
-100231.008   477.405   182.87  120.05
 -99854.157   576.791   263.71  130.84
 -99477.292   660.548   222.23  109.00
 -99100.412   688.500    74.16   96.64
 -98723.517   658.158   -80.50  102.45
 -98346.607   604.386  -142.65  108.40
 -97969.682   534.372  -185.74   87.60
 -97592.742   510.738   -62.69   75.31
 -97215.788   504.818   -15.70   95.21
 -96838.818   509.421    12.21  109.83
 -96461.834   504.795   -12.27  114.73
 -96084.835   513.200    22.29  117.41
 -95707.821   517.535    11.50  115.88
 -95331.180   526.619    24.12   97.05
 -94957.101   549.154    60.24   78.81
 -94583.006   561.159    32.09   70.31
 -94208.897   567.590    17.19   62.81
 -93834.773   578.488    29.13   49.41
 -93460.635   580.209     4.60   47.87
 -93086.481   566.073   -37.78   52.70
 -92712.314   523.068  -114.93   77.25
 -92338.131   493.026   -80.28   81.22
 -91963.934   454.595  -102.69   85.59
 -91589.722   419.714   -93.20   70.49
 -91215.495   407.786   -31.87   54.37
 -90841.254   383.857   -63.93   72.49
 -90466.998   401.829    48.02   87.45
 -90092.727   394.500   -19.58   99.60
 -89718.442   369.600   -66.52  109.89
 -89344.142   313.707  -149.32  111.00
 -88969.827   244.357  -185.26   86.29
 -88595.498   206.548  -101.00   65.14
 -88221.153   160.167  -123.89   66.29
 -87846.794   145.233   -39.89   71.23
 -87472.421   134.585   -28.44   74.51
 -87098.032   113.310   -56.82   69.85
 -86723.629   114.214     2.42   67.61
 -86349.211   114.047    -0.45   66.63
 -85974.779   102.047   -32.05   63.97
 -85600.331    96.186   -15.65   66.32
 -85225.869    78.619   -46.91   52.31
 -84851.392    60.024   -49.65   18.96
 -84476.901    54.190   -15.58    3.70
 -84102.394    53.357    -2.22    2.27
 -83727.873    52.286    -2.86    2.41
 -83353.337    51.415    -2.33    2.66
 -82978.786    50.500    -2.44    2.60
 -82604.221    49.326    -3.14    2.34
 -82229.641    48.667    -1.76    2.30
 -81855.046    47.439    -3.28    2.01
 -81480.436    46.643    -2.13    1.87
 -81105.811    45.927    -1.91    1.69
 -80731.172    45.262    -1.77    1.65
 -80356.518    44.659    -1.61    1.59
 -79981.849    43.600    -2.83    1.53
 -79607.165    42.750    -2.27    1.56
 -79232.467    41.795    -2.55    1.42
 -78857.753    40.977    -2.18    1.46
 -78483.025    40.119    -2.29    1.52
 -78108.282    39.628    -1.31    1.45
 -77733.524    38.837    -2.11    1.53
 -77358.751    38.500    -0.90    1.41
 -76983.964    37.864    -1.70    1.47
 -76609.162    37.525    -0.90    1.47
 -76234.344    36.952    -1.53    1.56
 -75859.512    36.452    -1.33    1.31
 -75484.666    36.359    -0.25    2.10
 -75109.804    35.841    -1.38    2.44
 -74734.927    35.897     0.15    2.75
 -74360.036    36.310     1.10    2.94
 -73985.130    36.419     0.29    3.16
 -73610.209    36.524     0.28    2.54
 -73235.273    35.705    -2.18    2.50
 -72860.322    35.077    -1.67    2.54
 -72485.356    34.136    -2.51    2.26
 -72110.376    33.195    -2.51    1.58
 -71735.380    32.837    -0.95    1.36
 -71360.370    32.214    -1.66    1.24
 -70985.345    31.927    -0.77    1.08
 -70610.305    31.636    -0.77    1.08
 -70235.250    31.300    -0.90    1.14
 -69860.180    31.244    -0.15    1.24
 -69485.095    31.476     0.62    1.78
 -69109.995    31.732     0.68    1.90
 -68734.881    32.209     1.27    1.88
 -68359.751    32.487     0.74    2.16
 -67984.607    33.095     1.62    2.18
 -67609.447    33.122     0.07    2.22
 -67234.273    33.048    -0.20    2.23
 -66859.084    33.119     0.19    1.80
 -66483.880    33.048    -0.19    2.06
 -66108.661    33.732     1.82    2.43
 -65733.427    33.707    -0.06    2.69
 -65358.178    34.143     1.16    2.77
 -64982.914    33.955    -0.50    2.89
 -64607.635    33.357    -1.59    2.63
 -64232.342    33.136    -0.59    3.33
 -63857.033    33.163     0.07    3.42
 -63481.709    32.707    -1.21    3.64
 -63106.371    33.025     0.85    3.95
 -62731.017    32.366    -1.76    3.84
 -62355.648    32.372     0.02    3.75
 -61980.265    32.273    -0.26    3.55
 -61604.866    31.524    -1.99    3.06
 -61229.453    31.535     0.03    3.13
 -60854.024    31.024    -1.36    3.10
 -60478.581    31.429     1.08    3.27
 -60103.123    32.333     2.41    3.43
 -59727.649    32.977     1.71    3.59
 -59352.161    33.643     1.77    3.13
 -58976.657    34.163     1.38    2.92
 -58601.139    33.881    -0.75    3.02
 -58225.605    33.122    -2.02    2.64
 -57850.057    32.595    -1.40    2.67
 -57474.493    31.762    -2.22    2.77
 -57098.915    31.195    -1.51    2.55
 -56723.321    31.595     1.07    2.99
 -56347.713    32.714     2.98    2.88
 -55972.089    33.500     2.09    2.75
 -55596.451    33.721     0.59    2.68
 -55220.797    33.585    -0.36    2.49
 -54845.128    33.095    -1.30    2.45
 -54469.445    32.762    -0.89    2.57
 -54093.746    32.875     0.30    2.82
 -53718.032    33.045     0.45    2.89
 -53342.303    33.000    -0.12    2.85
 -52966.559    32.929    -0.19    2.74
 -52590.800    33.167     0.63    2.70
 -52215.026    33.163    -0.01    2.57
 -51839.237    33.512     0.93    2.25
 -51463.433    33.237    -0.73    2.34
 -51087.613    33.159    -0.21    2.27
 -50711.779    32.805    -0.94    2.43
 -50335.930    32.047    -2.02    2.80
 -49960.065    30.927    -2.98    3.27
 -49584.185    29.026    -5.06    3.12
 -49208.291    27.705    -3.51    2.99
 -48832.381    26.795    -2.42    3.16
 -48456.456    26.500    -0.78    2.94
 -48080.516    27.395     2.38    4.22
 -47704.560    29.317     5.11    6.77
 -47328.590    33.250    10.46    7.59
 -46952.605    35.816     6.82    7.02
 -46576.604    35.182    -1.69    6.55
 -46200.589    32.262    -7.77    6.71
 -45824.558    27.674   -12.20    6.19
 -45448.512    24.023    -9.71    3.62
 -45072.451    23.513    -1.36    2.72
 -44696.375    24.568     2.81    2.91
 -44320.283    25.231     1.76    2.89
 -43944.177    25.273     0.11    2.56
 -43568.055    24.952    -0.85    2.62
 -43191.918    24.282    -1.78    2.52
 -42815.766    24.068    -0.57    2.30
 -42439.599    23.868    -0.53    2.18
 -42063.417    23.857    -0.03    1.77
 -41687.220    23.605    -0.67    2.04
 -41311.007    23.585    -0.05    2.01
 -40934.779    23.341    -0.65    2.22
 -40558.536    22.795    -1.45    2.18
 -40182.278    22.273    -1.39    2.22
 -39806.005    21.698    -1.53    1.97
 -39429.716    21.238    -1.22    2.25
 -39053.412    20.119    -2.97    2.58
 -38677.093    19.256    -2.29    2.73
 -38300.759    17.250    -5.33    2.70
 -37924.410    15.700    -4.12    2.48
 -37548.045    14.571    -3.00    2.41
 -37171.665    13.429    -3.04    1.52
 -36795.270    12.805    -1.66    1.38
 -36418.860    12.864     0.16    1.58
 -36042.435    12.975     0.30    1.56
 -35665.994    13.429     1.20    1.85
 -35289.538    13.698     0.71    2.19
 -34913.067    13.854     0.41    2.54
 -34536.581    13.977     0.33    2.77
 -34160.079    13.775    -0.54    2.79
 -33783.562    13.190    -1.55    2.44
 -33407.030    13.071    -0.32    2.40
 -33030.482    12.833    -0.63    2.93
 -32653.920    13.310     1.26    2.99
 -32277.342    13.025    -0.76    2.45
 -31900.749    12.674    -0.93    2.02
 -31524.140    12.000    -1.79    2.79
 -31147.516    11.171    -2.20    2.67
 -30770.877    10.619    -1.46    2.21
 -30394.223     9.952    -1.77    2.39
 -30017.554     9.667    -0.76    2.47
 -29640.869     9.238    -1.14    2.31
 -29264.169     8.953    -0.76    2.37
 -28887.453     9.140     0.49    2.42
 -28510.722     9.881     1.97    2.32
 -28133.976    10.667     2.09    2.34
 -27757.215    11.535     2.30    2.26
 -27380.438    11.643     0.29    2.40
 -27003.646    11.524    -0.32    2.62
 -26626.839    11.930     1.08    3.31
 -26250.016    11.762    -0.45    3.50
 -25873.178    11.548    -0.57    3.56
 -25496.325    12.024     1.26    3.65
 -25119.456    12.119     0.25    3.20
 -24742.572    13.024     2.40    3.18
 -24365.673    13.714     1.83    2.54
 -23988.758    13.326    -1.03    2.51
 -23611.828    13.628     0.80    2.45
 -23234.883    13.326    -0.80    2.71
 -22857.922    12.524    -2.13    2.92
 -22480.946    10.548    -5.24    3.70
 -22103.955     8.881    -4.42    3.58
 -21726.948     8.886     0.01    4.22
 -21349.926     8.372    -1.36    3.92
 -20972.888     8.415     0.11    3.65
 -20595.835     8.171    -0.65    3.75
 -20219.581     7.357    -2.16    3.34
 -19845.547     6.721    -1.70    3.17
 -19471.498     6.250    -1.26    2.49
 -19097.433     6.163    -0.23    3.17
 -18723.354     5.333    -2.22    3.24
 -18349.259     5.262    -0.19    3.62
 -17975.149     5.756     1.32    3.82
 -17601.024     4.857    -2.40    3.67
 -17226.884     3.643    -3.25    3.84
 -16852.729     2.762    -2.35    3.71
 -16478.559     1.744    -2.72    2.80
 -16104.373     1.095    -1.73    2.25
 -15730.172     1.571     1.27    2.43
 -15355.957     2.707     3.04    2.87
 -14981.726     2.372    -0.90    2.68
 -14607.479     2.073    -0.80    3.10
 -14233.218     1.690    -1.02    3.31
 -13858.941     1.837     0.39    3.19
 -13484.650     1.690    -0.39    3.11
 -13110.343     1.909     0.58    2.95
 -12736.020     1.462    -1.20    2.80
 -12361.683     1.068    -1.05    2.64
 -11987.330     0.810    -0.69    2.18
 -11612.963     0.558    -0.67    2.38
 -11238.580     0.262    -0.79    2.05
 -10864.182    -0.026    -0.77    2.19
 -10489.768    -0.045    -0.05    2.13
 -10115.339     0.462     1.35    1.93
  -9740.896     0.238    -0.60    1.83
  -9366.437    -0.068    -0.82    1.11
  -8991.962    -0.143    -0.20    1.22
  -8617.473    -1.159    -2.71    3.20
  -8242.968    -2.289    -3.02    3.92
  -7868.448    -3.318    -2.75    4.07
  -7493.913    -3.714    -1.06    4.00
  -7119.362    -2.442     3.40    3.65
  -6744.796    -1.488     2.55    3.06
  -6370.215    -1.974    -1.30    3.51
  -5995.619    -3.318    -3.59    4.10
  -5621.007    -4.333    -2.71    3.69
  -5246.381    -3.738     1.59    3.64
  -4871.739    -3.047     1.85    3.21
  -4497.081    -2.902     0.38    2.29
  -4122.409    -2.591     0.83    2.55
  -3747.721    -2.872    -0.75    3.00
  -3373.017    -4.614    -4.65    3.76
  -2998.299    -5.929    -3.51    4.01
  -2623.565    -7.167    -3.30    3.66
  -2248.816    -7.548    -1.02    3.47
  -1874.052    -6.073     3.93    4.47
  -1499.272    -3.932     5.71    4.65
  -1124.477    -3.125     2.15    4.23
   -749.667    -2.024     2.94    4.18
   -374.841    -0.667     3.62    3.68
      0.000     0.098     2.04    3.10
    374.856    -0.512    -1.63    3.62
    749.728    -2.093    -4.22    4.52
   1124.615    -3.857    -4.71    4.29
   1499.517    -4.214    -0.95    3.72
   1874.435    -3.186     2.74    3.33
   2249.368    -2.349     2.23    3.13
   2624.316    -1.605     1.98    2.54
   2999.280    -1.535     0.19    2.63
   3374.259    -0.976     1.49    2.99
   3749.253    -1.262    -0.76    2.56
   4124.263    -1.357    -0.25    2.50
   4499.288    -1.143     0.57    2.56
   4874.328    -1.628    -1.29    1.99
   5249.384    -1.837    -0.56    2.08
   5624.455    -1.548     0.77    2.34
   5999.542    -1.220     0.87    2.12
   6374.644    -0.786     1.16    2.19
   6749.761    -0.558     0.61    2.23
   7124.894    -1.341    -2.09    2.17
   7500.042    -1.977    -1.69    2.04
   7875.206    -2.119    -0.38    2.06
   8250.385    -1.512     1.62    2.37
   8625.579    -1.167     0.92    2.41
   9000.789    -0.738     1.14    2.64
   9376.014    -0.860    -0.33    2.61
   9751.255    -1.707    -2.26    2.06
  10126.511    -1.595     0.30    2.24
  10501.782    -1.909    -0.84    2.23
  10877.069    -1.250     1.76    2.27
  11252.371    -1.048     0.54    2.05
  11627.689     0.048     2.92    2.69
  12003.022     1.262     3.24    2.71
  12378.371     1.595     0.89    2.60
  12753.735     2.714     2.98    2.43
  13129.114     2.951     0.63    2.21
  13504.509     3.512     1.49    2.40
  13879.920     4.825     3.50    1.96
  14255.346     5.119     0.78    2.33
  14630.787     5.738     1.65    2.47
  15006.244     6.419     1.81    2.67
  15381.716     7.476     2.82    2.46
  15757.204     8.400     2.46    2.38
  16132.707     9.182     2.08    2.68
  16508.226     9.927     1.98    2.62
  16883.760    10.833     2.41    2.71
  17259.310    11.262     1.14    2.53
  17634.875    11.780     1.38    2.46
  18010.456    12.636     2.28    2.66
  18386.052    14.744     5.61    3.60
  18761.664    16.581     4.89    3.93
  19137.291    18.930     6.25    3.66
  19512.934    20.953     5.39    3.93
  19888.592    22.386     3.81    4.02
  20264.266    24.500     5.63    4.20
  20639.955    26.227     4.60    4.53
  21015.660    27.700     3.92    4.58
  21391.380    29.372     4.45    4.37
  21767.116    30.814     3.84    4.49
  22142.868    32.769     5.20    4.09
  22518.635    35.136     6.30    5.08
  22894.417    41.359    16.56   14.07
  23270.216    57.558    43.11   31.34
  23646.029    80.205    60.26   43.99
  24021.858   114.357    90.87   62.30
  24397.703   159.977   121.38   84.00
  24773.564   207.632   126.79   98.44
  25149.440   235.773    74.87   97.77
  25525.331   274.310   102.52  124.38
  25901.238   292.955    49.60  123.67
  26277.161   293.667     1.89  138.36
  26653.099   291.641    -5.39  129.37
  27029.053   349.477   153.84  168.13
  27405.023   355.564    16.19  159.38
  27781.008   318.667   -98.14  152.72
  28157.008   256.535  -165.25  100.38
  28533.025   216.900  -105.41   35.40
  28909.056   212.977   -10.43   22.05
  29285.104   214.342     3.63   21.51
  29661.167   196.227   -48.17   29.08
  30037.246   175.442   -55.27   32.88
  30413.340   157.930   -46.56   29.26
  30789.450   140.721   -45.76   26.86
  31165.576   128.308   -33.00   25.60
  31541.717   118.227   -26.80   22.42
  31917.874   110.780   -19.80   23.95
  32294.046    97.690   -34.80   27.28
  32670.235    81.119   -44.05   29.81
  33046.439    67.293   -36.75   24.19
  33422.658    54.682   -33.52   13.89
  33798.893    51.053    -9.65    4.27
  34175.144    55.233    11.11    9.80
  34551.411    60.558    14.15   13.38
  34927.693    77.095    43.95   28.27
  35303.991   101.636    65.22   45.51
  35680.304   118.974    46.07   54.31
  36056.633   150.773    84.50   63.36
  36432.978   170.643    52.80   66.73
  36809.339   192.465    57.98   69.87
  37185.715   222.952    81.00   69.01
  37562.107   266.146   114.76   71.53
  37938.515   343.591   205.75  119.46
  38314.938   437.775   250.22  147.56
  38691.377   568.143   346.33  182.19
  39067.832   720.628   405.07  173.53
  39444.303   853.146   352.01  145.91
  39820.789   927.744   198.15  110.06
  40197.291   969.575   111.11  128.02
  40573.808   988.595    50.52  143.54
  40950.342   988.286    -0.82  128.08
  41326.891   973.310   -39.77  108.66
  41703.456   911.357  -164.53  117.24
  42080.037   843.900  -179.14  129.75
  42456.633   747.932  -254.84  133.47
  42833.245   646.400  -269.60  139.35
  43209.873   526.571  -318.17  137.66
  43586.517   459.167  -178.97  103.72
  43963.176   456.756    -6.40   92.40
  44339.852   534.605   206.68  137.74
  44716.542   610.439   201.32   95.58
  45093.249   643.372    87.43   75.19
  45469.972   643.442     0.19  107.23
  45846.710   600.098  -115.06  126.28
  46223.464   562.930   -98.66  128.01
  46600.234   549.561   -35.49   93.65
  46977.020   574.595    66.44   90.96
  47353.821   637.927   168.08  127.30
  47730.639   762.524   330.67  153.56
  48107.472   852.119   237.77  135.51
  48484.321   871.214    50.67  132.70
  48861.185   857.349   -36.79  139.98
  49238.066   841.171   -42.93  117.05
  49614.962   861.381    53.62  120.37
  49991.874   924.791   168.24  147.72
  50368.802   961.452    97.27  154.07
  50745.746   975.302    36.74  138.73
  51122.706   984.857    25.35  114.46
  51499.682   989.907    13.40   95.23
  51876.673  1051.279   162.80  117.04
  52253.680  1136.326   225.59  150.24
  52630.703  1284.929   394.17  174.84
  53007.742  1370.767   227.68  164.34
  53384.797  1433.476   166.32  108.28
  53761.868  1441.976    22.54   91.54
  54138.954  1440.488    -3.95   74.17
  54516.057  1468.095    73.21   89.96
  54891.909  1533.558   174.18  115.25
  55265.884  1625.214   245.10  103.91
  55639.874  1697.214   192.53  109.20
  56013.880  1759.512   166.58  100.64
  56387.901  1845.318   229.43  128.05
  56761.938  1930.429   227.56  137.64
  57135.990  2021.256   242.83  121.21
  57510.059  2087.233   176.38   84.01
  57884.142  2098.381    29.80   65.03
  58258.242  2056.048  -113.17   92.27
  58632.357  1982.366  -196.96   95.10
  59006.487  1902.791  -212.70   75.42
  59380.634  1847.419  -148.00   63.78
  59754.796  1820.682   -71.46   43.63
  60128.973  1833.000    32.92   56.49
  60503.167  1868.953    96.09   78.87
  60877.375  1911.357   113.32   70.75
  61251.600  1902.442   -23.82   85.48
  61625.840  1828.140  -198.55  132.79
  62000.096  1739.233  -237.57  137.58
  62374.368  1624.929  -305.42  123.85
  62748.655  1524.628  -267.99  122.16
  63122.958  1416.977  -287.62  132.94
  63497.277  1320.167  -258.64   99.93
  63871.611  1230.619  -239.23  104.59
  64245.961  1142.857  -234.45   95.77
  64620.327  1079.786  -168.48   84.69
  64994.708  1046.976   -87.64   78.78
  65369.105  1082.860    95.85  117.85
  65743.518  1197.488   306.17  175.87
  66117.946  1322.250   333.22  176.83
  66492.390  1389.205   178.82  139.27
  66866.850  1387.098    -5.63  144.74
  67241.326  1302.024  -227.19  163.70
  67615.817  1190.512  -297.79  126.28
  67990.325  1128.929  -164.45   92.19
  68364.847  1103.614   -67.60   94.81
  68739.386  1133.000    78.46  105.92
  69113.940  1173.205   107.35  118.21
  69488.510  1185.927    33.97   91.42
  69863.096  1164.930   -56.06   83.28
  70237.698  1105.047  -159.87  104.90
  70612.315  1020.415  -225.93   89.16
  70986.948   946.773  -196.58   82.00
  71361.597   889.000  -154.21   63.06
  71736.261   866.419   -60.27   55.12
  72110.942   879.860    35.88   66.07
  72485.638   908.953    77.65   63.90
  72860.350   950.955   112.10   50.31
  73235.078   971.132    53.85   38.64
  73609.821   984.545    35.80   53.20
  73984.580  1018.692    91.12   69.87
  74359.355  1044.907    69.95   79.00
  74734.146  1077.227    86.24   83.67
  75108.953  1116.525   104.85   90.06
  75483.776  1189.523   194.77  118.08
  75858.614  1261.289   191.47  116.65
  76233.468  1316.114   146.26  113.39
  76608.338  1364.628   129.42  102.57
  76983.224  1385.791    56.45   82.57
  77358.125  1396.233    27.85   60.72
  77733.043  1384.128   -32.29   70.46
  78107.976  1369.886   -37.99   87.77
  78482.925  1330.195  -105.86   92.31
  78857.890  1310.023   -53.80   88.87
  79232.871  1306.628    -9.06   76.95
  79607.867  1327.244    54.98   85.47
  79982.880  1411.250   224.02  133.79
  80357.908  1497.487   229.96  113.70
  80732.952  1542.591   120.27   71.96
  81108.012  1521.860   -55.28   93.99
  81483.088  1478.000  -116.95  105.56
  81858.180  1410.976  -178.70   93.33
  82233.287  1369.425  -110.78   75.13
  82608.411  1371.500     5.53   65.23
  82983.550  1381.400    26.39   61.98
  83358.706  1394.095    33.84   74.15
  83733.877  1403.372    24.73   86.83
  84109.064  1385.390   -47.93   78.09
  84484.267  1410.349    66.52   82.66
  84859.486  1462.975   140.26   85.96
  85234.720  1541.419   209.07   94.60
  85609.971  1607.293   175.56   86.82
  85985.238  1653.381   122.82   87.84
  86360.520  1704.071   135.08   85.77
  86735.819  1749.548   121.18   91.71
  87111.133  1805.698   149.62   82.31
  87486.463  1850.714   119.95   91.82
  87861.810  1892.295   110.79  109.30
  88237.172  1937.977   121.71  119.72
  88612.550  1920.837   -45.66  124.15
  88987.944  1847.452  -195.50  152.85
  89363.354  1723.512  -330.17  174.30
  89738.780  1601.512  -324.99  144.80
  90114.222  1546.048  -147.74  124.72
  90489.680  1528.116   -47.76  125.12
  90865.154  1506.047   -58.78  166.55
  91240.643  1436.953  -184.02  157.65
  91616.149  1346.837  -240.00  141.97
  91991.671  1311.738   -93.47  117.92
  92367.209  1387.114   200.73  179.19
  92742.762  1519.442   352.38  184.46
  93118.332  1590.857   190.17  130.68
  93493.918  1612.488    57.60  100.61
  93869.520  1607.814   -12.45  106.03
  94245.137  1604.857    -7.87  100.26
  94620.771  1610.690    15.53  101.74
  94996.421  1560.884  -132.60  137.71
  95372.086  1482.614  -208.37  141.29
  95747.768  1411.023  -190.58  108.27
  96123.466  1392.614   -49.01   91.97
  96499.180  1421.419    76.67  102.16
  96874.910  1500.952   211.70  116.37
  97250.655  1606.163   280.03  152.48
  97626.417  1711.929   281.49  152.48
  98002.195  1777.558   174.66  129.70
  98377.989  1772.605   -13.18  112.71
  98753.799  1726.372  -123.03  106.54
  99129.625  1675.833  -134.49   85.06
  99505.467  1646.214   -78.81   88.97
  99881.325  1634.372   -31.51   88.19
 100257.200  1627.116   -19.31   82.66
 100633.090  1597.477   -78.86   79.24
 101008.996  1564.884   -86.71   88.97
 101384.919  1488.302  -203.73  120.40
 101760.857  1370.405  -313.64  146.51
 102136.812  1268.476  -271.14  144.25
 102512.783  1226.372  -112.00   99.05
 102888.769  1264.116   100.40  135.47
 103264.772  1381.977   313.48  170.27
 103640.791  1510.395   341.55  149.51
 104016.826  1560.548   133.38  109.25
 104392.877  1584.628    64.04   86.68
 104768.945  1597.432    34.05  108.82
 105145.028  1640.744   115.18  145.90
 105521.128  1701.636   161.92  164.68
 105897.243  1749.349   126.87  138.34
 106273.375  1773.857    65.16  114.46
 106649.523  1710.881  -167.44  131.06
 107025.687  1605.233  -280.88  182.12
 107401.867  1455.209  -398.84  211.41
 107778.064  1286.429  -448.69  210.76
 108154.276  1148.070  -367.80  174.23
 108530.505  1008.955  -369.80  149.76
 108906.749   874.381  -357.71  135.65
 109283.010   780.744  -248.88  121.62
 109659.287   740.186  -107.80   96.99
 110035.581   758.721    49.26  131.38
 110411.890   828.837   186.34  129.19
 110788.216   890.619   164.19  123.18
 111164.557   892.500     5.00  120.90
 111540.915   839.256  -141.49  125.76
 111917.289   769.795  -184.57  125.07
 112293.680   722.791  -124.89  106.87
 112670.086   695.837   -71.61   79.44
 113046.509   702.227    16.98   89.62
 113422.948   724.929    60.31   86.83
 113799.403   742.512    46.71   73.49
 114175.874   781.163   102.68  102.28
 114552.362   843.093   164.51  137.35
 114928.866   947.381   277.02  160.67
 115305.386  1032.786   226.85  162.49
 115681.922  1097.209   171.11  149.41
 116058.474  1144.233   124.89  142.82
 116435.043  1163.605    51.45  155.39
 116811.628  1215.651   138.22  140.67
 117188.229  1246.429    81.73  134.34
 117564.846  1285.636   104.12  139.48
 117941.480  1249.698   -95.43  173.18
 118318.130  1211.977  -100.16  212.11
 118694.796  1142.476  -184.53  208.11
 119071.478  1074.568  -180.30  168.80
 119448.177  1031.976  -113.08  122.44
 119824.892  1043.317    30.11  100.22
 120201.623  1061.744    48.92   96.24
 120578.371  1109.186   125.94   92.71
 120955.134  1158.302   130.38   94.61
 121331.915  1216.884   155.49  108.60
 121708.711  1307.810   241.34  111.09
 122085.523  1403.405   253.72  158.52
 122462.352  1539.512   361.23  184.48
 122839.198  1624.568   225.73  144.20
 123216.059  1644.167    52.01  119.89
 123592.937  1601.818  -112.38  126.98
 123969.831  1517.932  -222.60  112.97
 124346.742  1458.571  -157.51  108.41
 124723.668  1430.488   -74.51  133.43
 125100.612  1391.512  -103.41  152.39
 125477.571  1365.837   -68.12  159.36
 125854.547  1318.209  -126.36  150.13
 126231.539  1283.310   -92.58  146.48
 126608.547  1248.071   -93.48  118.49
 126985.572  1236.000   -32.02  138.63
 127362.613  1241.091    13.50  160.95
 127739.671  1243.860     7.35  166.41
 128116.745  1201.558  -112.20  192.67
 128493.835  1143.205  -154.76  184.50
 128870.942  1072.674  -187.05  188.97
 129248.065  1025.000  -126.43  209.01
 129625.204  1045.256    53.71  246.98
 130000.660  1061.636    43.63  276.53
 130374.588  1092.571    82.74  243.57
 130748.532  1121.167    76.48  223.95
 131122.492  1138.000    45.02  178.65
 131496.468  1101.930   -96.46  172.46
 131870.461  1043.262  -156.89  163.12
 132244.469   962.907  -214.87  146.26
 132618.494   901.091  -165.29  145.40
 132992.534   879.303   -58.26  149.83
