-320686.373   415.460     0.00   53.37
-320309.504   448.918    88.76   62.61
-319932.621   481.830    87.31   57.65
-319555.725   495.210    35.49   54.64
-319178.815   491.503    -9.83   67.55
-318803.728   458.549   -87.84   71.04
-318429.480   429.073   -78.74   67.71
-318055.218   431.025     5.22   69.06
-317680.943   419.644   -30.40   72.37
-317306.655   430.835    29.89   78.44
-316932.354   439.259    22.50   72.20
-316558.039   442.040     7.43   75.17
-316183.711   464.680    60.47   69.87
-315809.370   483.255    49.61   72.06
-315435.015   505.162    58.50   76.92
-315060.647   522.015    45.01   70.48
-314686.266   525.674     9.77   74.02
-314311.871   533.097    19.82   75.40
-313937.463   548.353    40.74   73.30
-313563.041   566.174    47.58   66.80
-313188.607   597.015    82.35   68.97
-312814.159   605.263    22.02   69.43
-312439.697   617.649    33.07   69.08
-312065.223   609.798   -20.96   87.38
-311690.735   581.634   -75.19  121.20
-311316.233   555.891   -68.72  139.56
-310941.718   525.644   -80.74  151.71
-310567.190   468.918  -151.43  145.42
-310192.648   400.755  -181.95  125.02
-309818.094   334.748  -176.19  111.01
-309443.525   293.035  -111.34   86.93
-309068.944   289.120   -10.45   91.71
-308694.348   299.802    28.51   97.51
-308319.740   297.235    -6.85   72.68
-307945.118   289.662   -20.21   65.37
-307570.483   276.174   -36.00   48.06
-307195.834   273.192    -7.96   46.44
-306821.172   264.311   -23.70   45.54
-306446.497   246.620   -47.20   41.55
-306071.808   219.576   -72.16   46.33
-305697.106   195.137   -65.21   41.09
-305322.390   181.967   -35.14   29.87
-304947.661   181.332    -1.69   27.76
-304572.919   195.620    38.12   34.48
-304198.163   220.716    66.95   44.19
-303823.393   250.192    78.63   50.87
-303448.611   286.360    96.48   50.14
-303073.815   306.216    52.96   44.53
-302699.005   326.601    54.38   39.82
-302324.182   347.855    56.69   43.06
-301949.345   382.130    91.42   57.82
-301574.495   434.358   139.30   74.47
-301199.632   478.088   116.63   77.02
-300824.755   514.015    95.81   76.61
-300449.865   540.478    70.57   86.40
-300074.961   562.381    58.41   82.11
-299700.044   579.379    45.33   77.83
-299325.113   615.763    97.02   68.92
-298950.169   639.088    62.20   58.25
-298575.212   653.845    39.35   50.82
-298200.241   639.780   -37.50   62.11
-297825.256   597.719  -112.14   83.14
-297450.258   546.294  -137.10   86.70
-297075.247   507.840  -102.52   79.05
-296700.222   483.239   -65.58   88.26
-296325.183   459.523   -63.22   97.66
-295950.131   444.955   -38.83  113.58
-295575.066   393.794  -136.38  135.89
-295199.987   343.983  -132.77  132.14
-294824.894   308.128   -95.57  117.02
-294449.788   274.858   -88.67   85.80
-294074.669   253.144   -57.87   63.62
-293699.536   224.794   -75.56   54.26
-293324.389   199.250   -68.07   45.97
-292949.229   188.787   -27.88   37.11
-292574.056   172.980   -42.12   24.94
-292198.869   161.692   -30.08   25.40
-291823.668   147.073   -38.95   35.96
-291448.454   124.505   -60.13   29.80
-291073.226   110.668   -36.87   18.35
-290697.985   109.405    -3.37   16.47
-290322.730   112.015     6.95   20.95
-289947.462   107.406   -12.28   23.39
-289572.180    96.430   -29.24   21.05
-289196.885    85.674   -28.65   12.66
-288821.576    84.501    -3.12    9.59
-288446.253    85.430     2.47    9.74
-288070.917    86.155     1.93    9.20
-287695.567    86.406     0.67    7.93
-287320.204    88.025     4.31    6.72
-286944.827    90.197     5.79    5.34
-286569.437    90.893     1.85    5.12
-286194.033    91.280     1.03    5.07
-285818.616    91.625     0.92    5.39
-285443.184    91.290    -0.89    5.88
-285067.740    92.025     1.96    6.90
-284692.281    94.382     6.28    5.93
-284316.810    95.549     3.11    5.73
-283941.324    97.505     5.21    4.80
-283565.825    97.580     0.20    4.76
-283190.312    98.454     2.33    3.92
-282814.786    98.527     0.20    2.76
-282439.246    98.406    -0.32    2.79
-282063.693    97.942    -1.23    3.98
-281688.125    96.302    -4.37    4.69
-281312.545    94.476    -4.86    4.67
-280936.950    92.943    -4.08    3.78
-280561.342    91.381    -4.16    2.01
-280185.721    92.716     3.55    3.86
-279810.085    95.186     6.58    5.78
-279434.437    99.407    11.23    6.57
-279058.774   103.588    11.13    4.68
-278683.098   105.384     4.78    4.49
-278307.408   106.137     2.00    4.18
-277931.704   106.644     1.35    3.64
-277555.987   107.081     1.16    2.89
-277180.256   107.509     1.14    2.54
-276804.512   107.839     0.88    2.68
-276428.754   107.980     0.37    2.67
-276052.982   108.001     0.06    2.66
-275677.197   108.120     0.32    2.23
-275301.397   108.686     1.51    2.38
-274925.585   109.498     2.16    3.25
-274549.758   111.088     4.23    4.70
-274173.918   113.255     5.76    4.98
-273798.064   116.015     7.34    4.42
-273422.196   118.015     5.32    4.67
-273046.315   123.290    14.03   10.44
-272670.420   133.535    27.25   24.41
-272294.511   143.280    25.92   33.49
-271918.589   165.525    59.16   48.39
-271542.653   178.503    34.51   47.08
-271166.703   188.216    25.83   42.34
-270790.740   190.576     6.28   41.46
-270414.762   178.005   -33.43   45.10
-270038.771   168.942   -24.10   47.13
-269662.767   153.858   -40.11   40.00
-269286.748   145.723   -21.63   18.18
-268910.716   156.287    28.09   31.13
-268534.670   183.723    72.94   56.69
-268158.611   223.130   104.77   74.52
-267782.537   267.332   117.51   89.06
-267406.450   284.549    45.77   88.26
-267030.350   277.081   -19.85   78.44
-266654.235   248.430   -76.16   76.41
-266278.107   221.335   -72.02   58.81
-265901.964   214.552   -18.03   52.03
-265525.809   224.073    25.31   65.28
-265149.639   262.162   101.23   82.90
-264773.456   296.763    91.96   82.55
-264397.258   304.040    19.34   84.73
-264021.047   298.649   -14.32   64.16
-263644.823   284.605   -37.32   52.18
-263268.584   281.358    -8.63   47.09
-262892.332   286.355    13.28   59.38
-262516.066   297.287    29.05   69.43
-262139.786   357.858   160.94   81.96
-261763.492   427.430   184.85   92.12
-261387.185   481.549   143.79   87.22
-261010.864   515.481    90.15   69.58
-260634.528   500.739   -39.16   84.46
-260258.180   471.527   -77.60   92.85
-259881.817   437.918   -89.28   93.58
-259505.440   393.501  -117.99   87.81
-259129.050   368.298   -66.95   80.19
-258752.646   360.044   -21.93   72.26
-258376.228   362.503     6.53   74.36
-257999.796   395.104    86.59   84.41
-257623.350   435.040   106.06  104.83
-257246.891   487.404   139.07  115.08
-256870.418   562.657   199.85  113.66
-256493.930   633.327   187.67   94.59
-256117.429   662.674    77.93   79.66
-255740.915   676.001    35.39   75.60
-255364.386   672.404    -9.55   85.85
-254987.843   677.703    14.07   81.99
-254611.287   695.481    47.20   86.75
-254234.717   739.406   116.62   90.90
-253858.132   817.723   207.93  110.03
-253481.534   894.505   203.84  114.30
-253104.923   937.248   113.47   80.19
-252728.297   955.667    48.89   69.75
-252351.657   895.113  -160.74  121.01
-251975.004   790.501  -277.68  119.19
-251598.336   700.527  -238.82  101.30
-251221.655   660.339  -106.67   76.23
-250844.960   693.327    87.56  102.18
-250468.251   716.239    60.81  102.54
-250091.528   701.709   -38.56  123.88
-249714.791   653.967  -126.70  129.50
-249338.040   612.239  -110.73  101.97
-248961.275   621.994    25.89  100.72
-248584.496   649.501    72.99   85.56
-248207.704   622.845   -70.73  103.71
-247830.897   541.906  -214.76  141.67
-247454.077   487.967  -143.12  105.80
-247077.243   493.705    15.23   98.05
-246700.394   540.088   123.06  104.88
-246323.532   606.235   175.48   93.09
-245946.656   673.192   177.63  121.75
-245569.766   788.601   306.15  133.92
-245192.862   860.787   191.49  125.72
-244815.944   894.479    89.37  102.53
-244439.012   849.858  -118.35  145.05
-244062.066   718.406  -348.67  195.92
-243687.425   568.049  -401.26  163.42
-243313.221   493.073  -200.32  118.96
-242939.005   461.523   -84.29  101.72
-242564.774   475.692    37.85  121.48
-242190.530   484.756    24.21  129.26
-241816.272   489.930    13.82  131.25
-241442.000   463.580   -70.39  110.96
-241067.714   466.430     7.61  103.27
-240693.415   465.739    -1.84  100.93
-240319.102   456.186   -25.52   88.66
-239944.775   470.049    37.03   89.13
-239570.434   446.580   -62.68   72.51
-239196.080   439.430   -19.10   66.34
-238821.711   469.225    79.57   98.08
-238447.329   546.210   205.59  132.22
-238072.933   611.796   175.14  125.00
-237698.524   678.549   178.26  124.36
-237324.100   736.122   153.74  131.33
-236949.663   775.521   105.20  141.07
-236575.212   776.045     1.40  136.81
-236200.747   766.174   -26.36  138.83
-235826.268   726.239  -106.62  149.53
-235451.776   684.406  -111.69  147.59
-235077.270   644.498  -106.54  143.69
-234702.750   609.763   -92.73   98.76
-234328.216   627.134    46.37  117.09
-233953.668   668.122   109.41  142.01
-233579.106   717.549   131.93  147.63
-233204.531   786.991   185.35  147.84
-232829.941   851.605   172.46  145.02
-232455.338   954.593   274.88  157.70
-232080.721  1043.114   236.26  165.95
-231706.091  1103.655   161.57  147.83
-231331.446  1176.620   194.72  146.49
-230956.787  1222.479   122.38  121.67
-230582.115  1227.525    13.47  111.28
-230207.429  1182.820  -119.29  143.06
-229832.729  1102.430  -214.51  168.47
-229458.015   997.381  -280.29  176.39
-229083.287   953.335  -117.52  142.63
-228708.545   953.573     0.64  159.03
-228333.789   987.382    90.20  144.76
-227959.020   984.162    -8.59  125.89
-227584.237   925.601  -156.23  137.32
-227209.439   842.991  -220.37  123.62
-226834.628   786.478  -150.75   95.23
-226459.803   773.698   -34.09  100.74
-226084.964   811.144    99.88   92.90
-225710.111   850.406   104.72  100.44
-225335.245   898.287   127.71  120.91
-224960.364   948.967   135.16  111.17
-224585.469   961.954    34.64  122.55
-224210.561   962.430     1.27  127.75
-223835.638   964.692     6.03  125.38
-223460.702   973.113    22.46  105.26
-223085.752   991.383    48.72  100.99
-222710.788   985.716   -15.11  114.50
-222335.810   957.483   -75.28  110.68
-221960.817   895.930  -164.12   99.79
-221585.811   841.771  -144.40  100.82
-221210.792   807.552   -91.23   91.16
-220835.758   801.162   -17.04   73.91
-220460.710   817.148    42.62   92.87
-220085.648   843.589    70.49  100.22
-219710.572   831.994   -30.91   84.52
-219335.483   806.478   -68.02   77.39
-218960.379   783.965   -60.01   81.52
-218585.261   761.005   -61.20   82.65
-218210.130   740.498   -54.66   76.04
-217834.984   727.772   -33.92   55.56
-217459.825   746.197    49.10   61.37
-217084.651   783.287    98.84   77.46
-216709.463   838.120   146.12   86.14
-216334.262   902.686   172.05  104.01
-215959.046   966.609   170.34  111.47
-215583.817  1010.500   116.95   99.18
-215208.573  1026.088    41.54   89.60
-214833.316  1013.025   -34.81   83.00
-214458.044  1009.259   -10.03   79.72
-214082.759  1009.088    -0.45   75.31
-213707.459  1003.662   -14.46   86.58
-213332.146   981.405   -59.29   86.56
-212956.818   960.601   -55.42   70.81
-212581.477   978.906    48.76   73.63
-212206.121  1018.893   106.51   82.56
-211830.752  1073.049   144.25   83.38
-211455.368  1121.290   128.49   93.67
-211079.970  1178.855   153.32   84.83
-210704.559  1239.186   160.68  104.80
-210329.133  1303.263   170.65  109.05
-209953.693  1359.716   150.34  107.19
-209578.239  1401.049   110.07  101.81
-209202.771  1422.430    56.94   91.04
-208827.289  1421.479    -2.53   81.26
-208451.793  1395.692   -68.66   69.29
-208076.283  1352.546  -114.88   74.57
-207700.759  1312.601  -106.36   76.45
-207325.221  1255.716  -151.45   85.34
-206949.668  1197.144  -155.94   95.82
-206574.102  1122.001  -200.05  110.43
-206198.522  1044.918  -205.21  111.97
-205822.927   998.991  -122.26   83.14
-205447.318   998.105    -2.36   78.83
-205071.696  1034.311    96.37  103.05
-204696.059  1108.978   198.74  109.38
-204320.408  1169.144   160.14  107.47
-203944.743  1197.573    75.66  102.12
-203569.064  1204.174    17.57  112.31
-203193.371  1238.314    90.86  131.12
-202817.663  1286.845   129.15  124.00
-202441.942  1334.849   127.74  137.15
-202066.206  1402.144   179.08  133.40
-201690.457  1444.088   111.61  120.89
-201314.693  1469.475    67.55   97.54
-200938.915  1456.064   -35.68   95.25
-200563.123  1423.332   -87.09  111.87
-200187.317  1379.820  -115.77  105.50
-199811.497  1344.584   -93.74   79.25
-199435.662  1332.248   -32.82   74.06
-199059.813  1342.456    27.15   87.59
-198683.951  1378.001    94.56  103.87
-198308.074  1425.337   125.91   99.31
-197932.183  1466.255   108.84   85.81
-197556.278  1519.134   140.65   77.76
-197180.358  1570.930   137.76   74.68
-196804.425  1609.756   103.26   78.76
-196428.477  1631.930    58.97   74.97
-196052.515  1620.073   -31.53  102.50
-195676.539  1545.498  -198.32  150.98
-195300.549  1457.481  -234.06  149.05
-194924.544  1385.089  -192.50  136.49
-194548.526  1345.259  -105.91  148.02
-194172.493  1366.525    56.54  171.77
-193796.446  1403.430    98.12  179.86
-193420.385  1376.635   -71.24  154.63
-193044.309  1356.593   -53.29  144.67
-192668.220  1344.805   -31.34  148.56
-192292.116  1360.747    42.38  150.87
-191915.998  1395.064    91.23  151.05
-191539.866  1409.357    37.99  148.58
-191163.719  1398.478   -28.92  143.97
-190787.559  1380.991   -46.48  134.08
-190411.384  1355.305   -68.27  114.15
-190035.195  1295.358  -159.33  100.30
-189658.991  1245.869  -131.53   92.14
-189282.774  1187.049  -156.32   87.93
-188906.542  1142.454  -118.51   83.76
-188530.296  1091.530  -135.33   70.78
-188154.035  1058.942   -86.60   57.54
-187777.761  1042.478   -43.75   48.48
-187401.472  1031.263   -29.80   35.31
-187025.169  1016.382   -39.54   40.65
-186648.852   983.406   -87.62   70.71
-186272.520   944.503  -103.36   88.00
-185896.174   914.549   -79.58   87.91
-185519.814   876.025  -102.34   82.08
-185143.440   857.709   -48.66   62.69
-184767.051   849.168   -22.69   44.92
-184390.648   851.668     6.64   43.51
-184014.231   865.406    36.49   50.12
-183637.799   883.739    48.70   58.68
-183261.354   907.025    61.85   65.85
-182884.893   921.358    38.07   58.85
-182508.419   947.064    68.27   60.10
-182131.930   983.616    97.07   59.65
-181755.427  1008.263    65.45   56.15
-181378.910  1014.674    17.02   51.08
-181002.378  1032.088    46.24   51.70
-180625.832  1053.064    55.70   66.97
-180249.272  1092.097   103.64   78.64
-179872.698  1143.668   136.93   85.64
-179496.109  1212.763   183.45  116.66
-179119.506  1318.917   281.83  140.54
-178742.888  1423.267   277.03  143.10
-178366.256  1521.430   260.60  138.28
-177989.610  1609.025   232.53  162.70
-177612.949  1662.525   142.02  172.31
-177236.274  1706.667   117.17  166.57
-176859.585  1753.044   123.10  149.32
-176482.881  1764.771    31.13  106.12
-176106.163  1748.723   -42.60   92.80
-175729.431  1684.239  -171.14  119.51
-175352.684  1589.719  -250.85  135.84
-174975.923  1487.589  -271.04  153.86
-174599.148  1415.097  -192.38  109.00
-174222.358  1425.479    27.55  116.77
-173845.554  1524.407   262.51  151.11
-173468.735  1663.755   369.75  146.51
-173091.902  1808.089   382.97  169.95
-172715.055  1950.917   378.96  148.39
-172338.193  2034.128   220.77  103.98
-171961.317  2069.523    93.90   70.97
-171584.427  2043.311   -69.54  108.80
-171207.522  1961.203  -217.82  153.54
-170830.602  1880.588  -213.85  168.05
-170453.668  1805.794  -198.40  171.00
-170076.720  1712.649  -247.07  135.12
-169699.758  1655.097  -152.65  128.14
-169322.781  1613.779  -109.59  102.81
-168945.789  1574.983  -102.90   77.32
-168571.620  1547.271   -74.05   80.96
-168197.470  1528.430   -50.35   86.15
-167823.307  1489.104  -105.09   99.24
-167449.130  1461.845   -72.84   93.22
-167074.938  1441.712   -53.80   85.02
-166700.732  1394.748  -125.49   89.52
-166326.512  1340.930  -143.80   95.48
-165952.277  1264.674  -203.74  110.45
-165578.029  1196.644  -181.75   70.98
-165203.766  1193.601    -8.13   73.68
-164829.489  1197.151     9.48   91.88
-164455.198  1200.302     8.42   78.98
-164080.892  1231.192    82.52   74.16
-163706.572  1237.845    17.77   71.39
-163332.238  1229.525   -22.22   62.73
-162957.890  1209.552   -53.35   61.82
-162583.527  1167.097  -113.39   63.66
-162209.151  1127.088  -106.85   45.54
-161834.760  1102.382   -65.98   40.71
-161460.354  1076.454   -69.24   29.06
-161085.935  1065.698   -28.72   24.93
-160711.501  1068.811     8.31   26.52
-160337.053  1086.732    47.85   44.77
-159962.591  1116.049    78.28   47.71
-159588.114  1145.073    77.50   44.86
-159213.623  1174.845    79.49   49.44
-158839.118  1196.698    58.35   42.85
-158464.598  1213.500    44.86   37.24
-158090.065  1236.597    61.66   40.25
-157715.516  1264.723    75.08   46.59
-157340.954  1286.406    57.88   43.19
-156966.377  1285.479    -2.48   42.01
-156591.786  1282.630    -7.60   44.26
-156217.181  1292.942    27.52   43.11
-155842.562  1310.605    47.14   50.77
-155467.928  1335.835    67.34   58.82
-155093.279  1372.073    96.71   63.29
-154718.617  1409.616   100.19   73.70
-154343.940  1432.382    60.76   73.09
-153969.249  1453.667    56.80   64.88
-153594.543  1484.453    82.15   64.70
-153219.823  1522.088   100.42   74.39
-152845.089  1554.383    86.17   65.44
-152470.341  1547.525   -18.30   63.58
-152095.578  1515.174   -86.32   81.67
-151720.800  1458.680  -150.72   81.73
-151346.009  1427.225   -83.92   62.71
-150971.203  1445.001    47.42   90.59
-150596.382  1511.634   177.75  132.04
-150221.548  1597.330   228.59  144.26
-149846.699  1687.953   241.73  146.03
-149471.835  1742.983   146.78  111.69
-149096.957  1748.825    15.58   88.22
-148722.065  1736.639   -32.50   84.11
-148347.159  1734.739    -5.07   83.29
-147972.238  1759.335    65.59  109.01
-147597.302  1806.456   125.66  131.29
-147222.353  1848.244   111.44  166.21
-146847.388  1889.330   109.56  189.20
-146472.410  1894.503    13.79  170.40
-146097.417  1850.858  -116.37  169.40
-145722.410  1784.137  -177.90  184.84
-145347.388  1734.549  -132.21  155.54
-144972.352  1773.625   104.18  182.43
-144597.301  1899.332   335.14  218.64
-144222.236  2023.716   331.59  159.67
-143847.157  2059.120    94.38  143.72
-143472.063  2014.015  -120.24  172.16
-143096.954  1908.335  -281.70  183.75
-142721.832  1804.186  -277.61  148.38
-142346.695  1774.168   -80.01  126.86
-141971.543  1828.174   143.94  160.61
-141596.377  1873.882   121.82  147.54
-141221.196  1896.895    61.33  143.81
-140846.001  1908.523    30.99  154.89
-140470.792  1902.858   -15.10  137.91
-140095.568  1918.308    41.17  120.33
-139720.330  1882.552   -95.28  150.46
-139345.077  1778.001  -278.58  160.64
-138969.810  1697.644  -214.11   99.79
-138594.528  1685.479   -32.41   99.49
-138219.232  1755.453   186.43  153.77
-137843.921  1834.406   210.34  149.32
-137468.596  1851.216    44.78  118.47
-137093.256  1809.705  -110.58  137.28
-136717.902  1741.406  -181.94  145.00
-136342.533  1622.674  -316.27  138.23
-135967.150  1552.287  -187.49  111.10
-135591.753  1538.284   -37.30  117.17
-135216.340  1584.155   122.18  162.91
-134840.914  1655.794   190.80  161.69
-134465.473  1715.552   159.15  124.08
-134090.017  1720.287    12.61  111.79
-133714.547  1671.049  -131.12  119.25
-133339.062  1598.991  -191.89   99.61
-132963.563  1534.634  -171.37   90.51
-132588.049  1479.353  -147.20   86.81
-132212.521  1427.569  -137.88   80.96
-131836.978  1360.192  -179.39   75.61
-131461.420  1308.011  -138.93   70.12
-131085.848  1245.779  -165.68   78.58
-130710.262  1195.904  -132.78   69.25
-130334.661  1155.339  -107.99   64.12
-129959.045  1116.330  -103.84   61.13
-129583.415  1095.907   -54.36   59.58
-129207.770  1078.358   -46.71   70.69
-128832.111  1082.327    10.56   84.10
-128456.437  1105.430    61.49   86.38
-128080.749  1122.532    45.52   69.66
-127705.046  1132.501    26.53   76.61
-127329.328  1144.174    31.06   84.69
-126953.596  1152.430    21.97   76.12
-126577.849  1187.430    93.14   77.43
-126202.088  1197.719    27.38   66.18
-125826.312  1187.049   -28.39   77.64
-125450.522  1163.500   -62.66  100.90
-125074.716  1139.954   -62.65  113.79
-124698.897  1108.407   -83.93  127.54
-124323.062  1071.609   -97.90  119.77
-123947.213  1021.174  -134.18  117.33
-123571.350   970.430  -134.99  107.87
-123195.472   957.168   -35.28   88.20
-122819.579   984.311    72.20   80.72
-122443.671   996.381    32.11   74.73
-122067.749   994.337    -5.44   81.77
-121691.813   962.155   -85.60   98.20
-121315.861   944.064   -48.12   81.53
-120939.895   937.739   -16.82   79.77
-120563.915   947.698    26.48   80.44
-120187.920   965.239    46.65   87.19
-119811.910   960.478   -12.66  100.13
-119435.885   975.358    39.57  122.24
-119059.846  1018.549   114.85  152.83
-118683.792  1055.049    97.05  158.95
-118307.723  1085.723    81.56  156.16
-117931.640  1114.620    76.83  142.65
-117555.542  1134.597    53.11  139.49
-117179.430  1139.597    13.29  133.68
-116803.303  1141.825     5.92  123.48
-116427.161  1140.478    -3.58  114.27
-116051.004  1145.058    12.18   93.11
-115674.833  1166.825    57.86   75.10
-115298.647  1179.593    33.94   62.65
-114922.446  1164.723   -39.52   77.62
-114546.231  1105.739  -156.77   97.56
-114170.001  1037.732  -180.74  107.43
-113793.756   953.825  -222.99   98.08
-113417.496   891.692  -165.12   93.36
-113041.222   831.430  -160.14   85.00
-112664.933   794.073   -99.27   75.95
-112288.629   797.263     8.48   72.36
-111912.311   793.360   -10.37   70.34
-111535.978   787.235   -16.27   79.34
-111159.630   728.382  -156.36  123.06
-110783.267   659.858  -182.05  124.95
-110406.890   606.601  -141.49  101.12
-110030.498   584.668   -58.27   81.65
-109654.091   586.549     5.00   80.59
-109277.670   620.573    90.38  105.77
-108901.233   666.895   123.04  127.15
-108524.782   733.503   176.92  116.02
-108148.316   817.480   223.05  121.68
-107771.836   885.620   180.98  135.65
-107395.340   935.747   133.13  100.77
-107018.830   931.073   -12.41   99.59
-106642.305   888.382  -113.37  136.34
-106265.766   814.527  -196.12  159.85
-105889.211   731.430  -220.66  161.34
-105512.642   654.379  -204.60  153.69
-105136.058   610.192  -117.33  141.82
-104759.459   576.382   -89.77  103.69
-104382.845   578.965     6.86   94.59
-104006.217   579.954     2.63   66.26
-103629.573   598.250    48.57   54.42
-103252.915   632.748    91.58   72.14
-102876.242   689.235   149.95   94.21
-102499.555   708.849    52.06   76.93
-102122.852   686.308   -59.83  104.43
-101746.135   623.456  -166.83  135.98
-101369.403   527.021  -255.96  120.01
-100992.656   426.455  -266.91  100.60
-100615.894   362.503  -169.73   77.75
-100239.117   337.835   -65.47   67.91
 -99862.326   345.866    21.31   75.43
 -99485.519   372.657    71.10   79.10
 -99108.698   410.917   101.53   90.46
 -98731.862   479.835   182.87  120.05
 -98355.011   579.221   263.71  130.84
 -97978.145   662.978   222.23  109.00
 -97601.265   690.930    74.16   96.64
 -97224.369   660.588   -80.50  102.45
 -96847.459   606.816  -142.65  108.40
 -96470.533   536.802  -185.74   87.60
 -96093.593   513.168   -62.69   75.31
 -95716.638   507.248   -15.70   95.21
 -95339.668   511.851    12.21  109.83
 -94962.684   507.225   -12.27  114.73
 -94585.684   515.630    22.29  117.41
 -94208.669   519.965    11.50  115.88
 -93832.029   529.049    24.12   97.05
 -93457.948   551.584    60.24   78.81
 -93083.853   563.589    32.09   70.31
 -92709.744   570.020    17.19   62.81
 -92335.620   580.918    29.13   49.41
 -91961.481   582.639     4.60   47.87
 -91587.327   568.503   -37.78   52.70
 -91213.159   525.498  -114.93   77.25
 -90838.976   495.456   -80.28   81.22
 -90464.778   457.025  -102.69   85.59
 -90090.566   422.144   -93.20   70.49
 -89716.339   410.216   -31.87   54.37
 -89342.097   386.287   -63.93   72.49
 -88967.840   404.259    48.02   87.45
 -88593.569   396.930   -19.58   99.60
 -88219.283   372.030   -66.52  109.89
 -87844.983   316.137  -149.32  111.00
 -87470.668   246.787  -185.26   86.29
 -87096.338   208.978  -101.00   65.14
 -86721.993   162.597  -123.89   66.29
 -86347.634   147.662   -39.89   71.23
 -85973.259   137.015   -28.44   74.51
 -85598.871   115.739   -56.82   69.85
 -85224.467   116.644     2.42   67.61
 -84850.049   116.476    -0.45   66.63
 -84475.616   104.476   -32.05   63.97
 -84101.168    98.616   -15.65   66.32
 -83726.705    81.049   -46.91   52.31
 -83352.228    62.454   -49.65   18.96
 -82977.736    56.620   -15.58    3.70
 -82603.229    55.787    -2.22    2.27
 -82228.707    54.716    -2.86    2.41
 -81854.171    53.845    -2.33    2.66
 -81479.620    52.930    -2.44    2.60
 -81105.054    51.756    -3.14    2.34
 -80730.473    51.097    -1.76    2.30
 -80355.878    49.869    -3.28    2.01
 -79981.267    49.073    -2.13    1.87
 -79606.642    48.357    -1.91    1.69
 -79232.003    47.692    -1.77    1.65
 -78857.348    47.088    -1.61    1.59
 -78482.678    46.030    -2.83    1.53
 -78107.994    45.180    -2.27    1.56
 -77733.295    44.225    -2.55    1.42
 -77358.581    43.407    -2.18    1.46
 -76983.853    42.549    -2.29    1.52
 -76609.109    42.058    -1.31    1.45
 -76234.351    41.267    -2.11    1.53
 -75859.578    40.930    -0.90    1.41
 -75484.790    40.294    -1.70    1.47
 -75109.987    39.955    -0.90    1.47
 -74735.170    39.382    -1.53    1.56
 -74360.337    38.882    -1.33    1.31
 -73985.490    38.789    -0.25    2.10
 -73610.628    38.271    -1.38    2.44
 -73235.751    38.327     0.15    2.75
 -72860.859    38.739     1.10    2.94
 -72485.952    38.849     0.29    3.16
 -72111.031    38.954     0.28    2.54
 -71736.094    38.134    -2.18    2.50
 -71361.143    37.507    -1.67    2.54
 -70986.177    36.566    -2.51    2.26
 -70611.196    35.625    -2.51    1.58
 -70236.200    35.267    -0.95    1.36
 -69861.189    34.644    -1.66    1.24
 -69486.163    34.357    -0.77    1.08
 -69111.123    34.066    -0.77    1.08
 -68736.067    33.730    -0.90    1.14
 -68360.997    33.674    -0.15    1.24
 -67985.912    33.906     0.62    1.78
 -67610.812    34.162     0.68    1.90
 -67235.697    34.639     1.27    1.88
 -66860.567    34.917     0.74    2.16
 -66485.422    35.525     1.62    2.18
 -66110.262    35.552     0.07    2.22
 -65735.087    35.478    -0.20    2.23
 -65359.898    35.549     0.19    1.80
 -64984.693    35.478    -0.19    2.06
 -64609.474    36.162     1.82    2.43
 -64234.239    36.137    -0.06    2.69
 -63858.990    36.573     1.16    2.77
 -63483.726    36.384    -0.50    2.89
 -63108.446    35.787    -1.59    2.63
 -62733.152    35.566    -0.59    3.33
 -62357.843    35.593     0.07    3.42
 -61982.519    35.137    -1.21    3.64
 -61607.180    35.455     0.85    3.95
 -61231.826    34.796    -1.76    3.84
 -60856.457    34.802     0.02    3.75
 -60481.073    34.703    -0.26    3.55
 -60105.674    33.954    -1.99    3.06
 -59730.260    33.965     0.03    3.13
 -59354.831    33.454    -1.36    3.10
 -58979.387    33.858     1.08    3.27
 -58603.928    34.763     2.41    3.43
 -58228.454    35.407     1.71    3.59
 -57852.965    36.073     1.77    3.13
 -57477.461    36.593     1.38    2.92
 -57101.942    36.311    -0.75    3.02
 -56726.408    35.552    -2.02    2.64
 -56350.860    35.025    -1.40    2.67
 -55975.296    34.192    -2.22    2.77
 -55599.717    33.625    -1.51    2.55
 -55224.123    34.025     1.07    2.99
 -54848.514    35.144     2.98    2.88
 -54472.890    35.930     2.09    2.75
 -54097.251    36.151     0.59    2.68
 -53721.596    36.015    -0.36    2.49
 -53345.927    35.525    -1.30    2.45
 -52970.243    35.192    -0.89    2.57
 -52594.544    35.305     0.30    2.82
 -52218.830    35.475     0.45    2.89
 -51843.100    35.430    -0.12    2.85
 -51467.356    35.358    -0.19    2.74
 -51091.596    35.597     0.63    2.70
 -50715.822    35.593    -0.01    2.57
 -50340.032    35.942     0.93    2.25
 -49964.228    35.667    -0.73    2.34
 -49588.408    35.589    -0.21    2.27
 -49212.573    35.235    -0.94    2.43
 -48836.723    34.476    -2.02    2.80
 -48460.858    33.357    -2.98    3.27
 -48084.978    31.456    -5.06    3.12
 -47709.083    30.134    -3.51    2.99
 -47333.172    29.225    -2.42    3.16
 -46957.247    28.930    -0.78    2.94
 -46581.306    29.825     2.38    4.22
 -46205.351    31.747     5.11    6.77
 -45829.380    35.680    10.46    7.59
 -45453.394    38.246     6.82    7.02
 -45077.393    37.612    -1.69    6.55
 -44701.377    34.692    -7.77    6.71
 -44325.346    30.104   -12.20    6.19
 -43949.299    26.453    -9.71    3.62
 -43573.238    25.943    -1.36    2.72
 -43197.161    26.998     2.81    2.91
 -42821.069    27.661     1.76    2.89
 -42444.962    27.703     0.11    2.56
 -42068.840    27.382    -0.85    2.62
 -41692.703    26.712    -1.78    2.52
 -41316.551    26.498    -0.57    2.30
 -40940.383    26.298    -0.53    2.18
 -40564.200    26.287    -0.03    1.77
 -40188.002    26.035    -0.67    2.04
 -39811.789    26.015    -0.05    2.01
 -39435.561    25.771    -0.65    2.22
 -39059.318    25.225    -1.45    2.18
 -38683.059    24.703    -1.39    2.22
 -38306.785    24.128    -1.53    1.97
 -37930.496    23.668    -1.22    2.25
 -37554.192    22.549    -2.97    2.58
 -37177.872    21.686    -2.29    2.73
 -36801.538    19.680    -5.33    2.70
 -36425.188    18.130    -4.12    2.48
 -36048.823    17.001    -3.00    2.41
 -35672.443    15.858    -3.04    1.52
 -35296.047    15.235    -1.66    1.38
 -34919.637    15.294     0.16    1.58
 -34543.211    15.405     0.30    1.56
 -34166.769    15.858     1.20    1.85
 -33790.313    16.128     0.71    2.19
 -33413.841    16.284     0.41    2.54
 -33037.355    16.407     0.33    2.77
 -32660.852    16.205    -0.54    2.79
 -32284.335    15.620    -1.55    2.44
 -31907.803    15.501    -0.32    2.40
 -31531.255    15.263    -0.63    2.93
 -31154.692    15.739     1.26    2.99
 -30778.113    15.455    -0.76    2.45
 -30401.519    15.104    -0.93    2.02
 -30024.911    14.430    -1.79    2.79
 -29648.286    13.601    -2.20    2.67
 -29271.647    13.049    -1.46    2.21
 -28894.992    12.382    -1.77    2.39
 -28518.322    12.097    -0.76    2.47
 -28141.637    11.668    -1.14    2.31
 -27764.936    11.383    -0.76    2.37
 -27388.220    11.569     0.49    2.42
 -27011.489    12.311     1.97    2.32
 -26634.742    13.097     2.09    2.34
 -26257.981    13.965     2.30    2.26
 -25881.203    14.073     0.29    2.40
 -25504.411    13.954    -0.32    2.62
 -25127.603    14.360     1.08    3.31
 -24750.780    14.192    -0.45    3.50
 -24373.942    13.978    -0.57    3.56
 -23997.088    14.454     1.26    3.65
 -23620.219    14.549     0.25    3.20
 -23243.334    15.454     2.40    3.18
 -22866.435    16.144     1.83    2.54
 -22489.519    15.756    -1.03    2.51
 -22112.589    16.058     0.80    2.45
 -21735.643    15.756    -0.80    2.71
 -21358.682    14.954    -2.13    2.92
 -20981.705    12.978    -5.24    3.70
 -20604.713    11.311    -4.42    3.58
 -20227.706    11.316     0.01    4.22
 -19850.684    10.802    -1.36    3.92
 -19473.646    10.845     0.11    3.65
 -19096.592    10.601    -0.65    3.75
 -18720.338     9.787    -2.16    3.34
 -18346.303     9.151    -1.70    3.17
 -17972.253     8.680    -1.26    2.49
 -17598.188     8.593    -0.23    3.17
 -17224.108     7.763    -2.22    3.24
 -16850.013     7.692    -0.19    3.62
 -16475.903     8.186     1.32    3.82
 -16101.778     7.287    -2.40    3.67
 -15727.637     6.073    -3.25    3.84
 -15353.481     5.192    -2.35    3.71
 -14979.311     4.174    -2.72    2.80
 -14605.125     3.525    -1.73    2.25
 -14230.923     4.001     1.27    2.43
 -13856.707     5.137     3.04    2.87
 -13482.476     4.802    -0.90    2.68
 -13108.229     4.503    -0.80    3.10
 -12733.967     4.120    -1.02    3.31
 -12359.690     4.267     0.39    3.19
 -11985.398     4.120    -0.39    3.11
 -11611.090     4.339     0.58    2.95
 -11236.768     3.891    -1.20    2.80
 -10862.430     3.498    -1.05    2.64
 -10488.077     3.239    -0.69    2.18
 -10113.708     2.988    -0.67    2.38
  -9739.325     2.692    -0.79    2.05
  -9364.926     2.404    -0.77    2.19
  -8990.513     2.384    -0.05    2.13
  -8616.083     2.891     1.35    1.93
  -8241.639     2.668    -0.60    1.83
  -7867.180     2.362    -0.82    1.11
  -7492.705     2.287    -0.20    1.22
  -7118.215     1.271    -2.71    3.20
  -6743.710     0.140    -3.02    3.92
  -6369.189    -0.888    -2.75    4.07
  -5994.653    -1.284    -1.06    4.00
  -5620.102    -0.012     3.40    3.65
  -5245.536     0.942     2.55    3.06
  -4870.955     0.456    -1.30    3.51
  -4496.358    -0.888    -3.59    4.10
  -4121.746    -1.903    -2.71    3.69
  -3747.119    -1.308     1.59    3.64
  -3372.476    -0.617     1.85    3.21
  -2997.818    -0.473     0.38    2.29
  -2623.145    -0.161     0.83    2.55
  -2248.457    -0.442    -0.75    3.00
  -1873.753    -2.184    -4.65    3.76
  -1499.034    -3.499    -3.51    4.01
  -1124.300    -4.737    -3.30    3.66
   -749.550    -5.118    -1.02    3.47
   -374.785    -3.643     3.93    4.47
     -0.005    -1.502     5.71    4.65
    374.790    -0.695     2.15    4.23
    749.601     0.406     2.94    4.18
   1124.427     1.763     3.62    3.68
   1499.269     2.527     2.04    3.10
   1874.125     1.918    -1.63    3.62
   2248.997     0.337    -4.22    4.52
   2623.885    -1.427    -4.71    4.29
   2998.788    -1.784    -0.95    3.72
   3373.706    -0.756     2.74    3.33
   3748.639     0.081     2.23    3.13
   4123.588     0.825     1.98    2.54
   4498.552     0.895     0.19    2.63
   4873.531     1.454     1.49    2.99
   5248.526     1.168    -0.76    2.56
   5623.536     1.073    -0.25    2.50
   5998.562     1.287     0.57    2.56
   6373.603     0.802    -1.29    1.99
   6748.659     0.593    -0.56    2.08
   7123.731     0.882     0.77    2.34
   7498.818     1.210     0.87    2.12
   7873.920     1.644     1.16    2.19
   8249.038     1.872     0.61    2.23
   8624.171     1.089    -2.09    2.17
   8999.320     0.453    -1.69    2.04
   9374.484     0.311    -0.38    2.06
   9749.663     0.918     1.62    2.37
  10124.858     1.263     0.92    2.41
  10500.068     1.692     1.14    2.64
  10875.294     1.569    -0.33    2.61
  11250.535     0.723    -2.26    2.06
  11625.792     0.835     0.30    2.24
  12001.064     0.521    -0.84    2.23
  12376.351     1.180     1.76    2.27
  12751.654     1.382     0.54    2.05
  13126.972     2.478     2.92    2.69
  13502.306     3.692     3.24    2.71
  13877.655     4.025     0.89    2.60
  14253.019     5.144     2.98    2.43
  14628.399     5.381     0.63    2.21
  15003.795     5.942     1.49    2.40
  15379.205     7.255     3.50    1.96
  15754.632     7.549     0.78    2.33
  16130.074     8.168     1.65    2.47
  16505.531     8.849     1.81    2.67
  16881.004     9.906     2.82    2.46
  17256.492    10.830     2.46    2.38
  17631.996    11.612     2.08    2.68
  18007.515    12.357     1.98    2.62
  18383.050    13.263     2.41    2.71
  18758.600    13.692     1.14    2.53
  19134.165    14.210     1.38    2.46
  19509.747    15.066     2.28    2.66
  19885.343    17.174     5.61    3.60
  20260.956    19.011     4.89    3.93
  20636.583    21.360     6.25    3.66
  21012.227    23.383     5.39    3.93
  21387.885    24.816     3.81    4.02
  21763.560    26.930     5.63    4.20
  22139.249    28.657     4.60    4.53
  22514.955    30.130     3.92    4.58
  22890.676    31.802     4.45    4.37
  23266.412    33.244     3.84    4.49
  23642.164    35.199     5.20    4.09
  24017.931    37.566     6.30    5.08
  24393.714    43.789    16.56   14.07
  24769.513    59.988    43.11   31.34
  25145.327    82.634    60.26   43.99
  25521.157   116.787    90.87   62.30
  25897.002   162.407   121.38   84.00
  26272.863   210.062   126.79   98.44
  26648.739   238.203    74.87   97.77
  27024.631   276.739   102.52  124.38
  27400.539   295.384    49.60  123.67
  27776.462   296.097     1.89  138.36
  28152.401   294.071    -5.39  129.37
  28528.355   351.907   153.84  168.13
  28904.325   357.994    16.19  159.38
  29280.311   321.097   -98.14  152.72
  29656.312   258.965  -165.25  100.38
  30032.329   219.330  -105.41   35.40
  30408.361   215.407   -10.43   22.05
  30784.409   216.772     3.63   21.51
  31160.472   198.657   -48.17   29.08
  31536.552   177.872   -55.27   32.88
  31912.647   160.360   -46.56   29.26
  32288.757   143.151   -45.76   26.86
  32664.883   130.738   -33.00   25.60
  33041.025   120.657   -26.80   22.42
  33417.182   113.210   -19.80   23.95
  33793.355   100.120   -34.80   27.28
  34169.544    83.549   -44.05   29.81
  34545.748    69.723   -36.75   24.19
  34921.968    57.112   -33.52   13.89
  35298.204    53.483    -9.65    4.27
  35674.455    57.662    11.11    9.80
  36050.722    62.988    14.15   13.38
  36427.005    79.525    43.95   28.27
  36803.303   104.066    65.22   45.51
  37179.617   121.404    46.07   54.31
  37555.947   153.203    84.50   63.36
  37932.292   173.073    52.80   66.73
  38308.653   194.895    57.98   69.87
  38685.030   225.382    81.00   69.01
  39061.422   268.576   114.76   71.53
  39437.831   346.021   205.75  119.46
  39814.254   440.205   250.22  147.56
  40190.694   570.573   346.33  182.19
  40567.149   723.058   405.07  173.53
  40943.620   855.576   352.01  145.91
  41320.107   930.174   198.15  110.06
  41696.609   972.005   111.11  128.02
  42073.128   991.025    50.52  143.54
  42449.661   990.716    -0.82  128.08
  42826.211   975.739   -39.77  108.66
  43202.777   913.787  -164.53  117.24
  43579.358   846.330  -179.14  129.75
  43955.955   750.362  -254.84  133.47
  44332.567   648.830  -269.60  139.35
  44709.196   529.001  -318.17  137.66
  45085.840   461.597  -178.97  103.72
  45462.500   459.186    -6.40   92.40
  45839.175   537.035   206.68  137.74
  46215.867   612.869   201.32   95.58
  46592.574   645.802    87.43   75.19
  46969.297   645.872     0.19  107.23
  47346.036   602.527  -115.06  126.28
  47722.790   565.360   -98.66  128.01
  48099.561   551.991   -35.49   93.65
  48476.347   577.025    66.44   90.96
  48853.149   640.357   168.08  127.30
  49229.967   764.954   330.67  153.56
  49606.800   854.549   237.77  135.51
  49983.650   873.644    50.67  132.70
  50360.515   859.779   -36.79  139.98
  50737.396   843.601   -42.93  117.05
  51114.293   863.811    53.62  120.37
  51491.205   927.221   168.24  147.72
  51868.134   963.882    97.27  154.07
  52245.078   977.732    36.74  138.73
  52622.038   987.287    25.35  114.46
  52999.014   992.337    13.40   95.23
  53376.006  1053.709   162.80  117.04
  53753.014  1138.756   225.59  150.24
  54130.037  1287.358   394.17  174.84
  54507.077  1373.197   227.68  164.34
  54884.132  1435.906   166.32  108.28
  55261.203  1444.406    22.54   91.54
  55638.290  1442.918    -3.95   74.17
  56015.393  1470.525    73.21   89.96
  56391.246  1535.988   174.18  115.25
  56765.221  1627.644   245.10  103.91
  57139.212  1699.644   192.53  109.20
  57513.218  1761.942   166.58  100.64
  57887.240  1847.748   229.43  128.05
  58261.277  1932.858   227.56  137.64
  58635.330  2023.686   242.83  121.21
  59009.399  2089.662   176.38   84.01
  59383.483  2100.811    29.80   65.03
  59757.583  2058.478  -113.17   92.27
  60131.698  1984.796  -196.96   95.10
  60505.830  1905.221  -212.70   75.42
  60879.976  1849.849  -148.00   63.78
  61254.139  1823.112   -71.46   43.63
  61628.317  1835.430    32.92   56.49
  62002.511  1871.383    96.09   78.87
  62376.720  1913.787   113.32   70.75
  62750.945  1904.872   -23.82   85.48
  63125.186  1830.569  -198.55  132.79
  63499.442  1741.662  -237.57  137.58
  63873.714  1627.358  -305.42  123.85
  64248.002  1527.058  -267.99  122.16
  64622.305  1419.407  -287.62  132.94
  64996.624  1322.597  -258.64   99.93
  65370.959  1233.049  -239.23  104.59
  65745.310  1145.287  -234.45   95.77
  66119.676  1082.216  -168.48   84.69
  66494.058  1049.406   -87.64   78.78
  66868.455  1085.290    95.85  117.85
  67242.868  1199.918   306.17  175.87
  67617.297  1324.680   333.22  176.83
  67991.742  1391.634   178.82  139.27
  68366.202  1389.527    -5.63  144.74
  68740.679  1304.454  -227.19  163.70
  69115.170  1192.942  -297.79  126.28
  69489.678  1131.358  -164.45   92.19
  69864.201  1106.044   -67.60   94.81
  70238.740  1135.430    78.46  105.92
  70613.295  1175.634   107.35  118.21
  70987.866  1188.357    33.97   91.42
  71362.452  1167.360   -56.06   83.28
  71737.054  1107.476  -159.87  104.90
  72111.672  1022.845  -225.93   89.16
  72486.305   949.203  -196.58   82.00
  72860.955   891.430  -154.21   63.06
  73235.620   868.849   -60.27   55.12
  73610.301   882.290    35.88   66.07
  73984.997   911.383    77.65   63.90
  74359.710   953.384   112.10   50.31
  74734.438   973.562    53.85   38.64
  75109.182   986.975    35.80   53.20
  75483.941  1021.122    91.12   69.87
  75858.717  1047.337    69.95   79.00
  76233.508  1079.657    86.24   83.67
  76608.315  1118.955   104.85   90.06
  76983.138  1191.953   194.77  118.08
  77357.977  1263.719   191.47  116.65
  77732.832  1318.544   146.26  113.39
  78107.702  1367.058   129.42  102.57
  78482.588  1388.221    56.45   82.57
  78857.490  1398.662    27.85   60.72
  79232.408  1386.558   -32.29   70.46
  79607.342  1372.316   -37.99   87.77
  79982.292  1332.625  -105.86   92.31
  80357.257  1312.453   -53.80   88.87
  80732.238  1309.058    -9.06   76.95
  81107.235  1329.674    54.98   85.47
  81482.248  1413.680   224.02  133.79
  81857.277  1499.917   229.96  113.70
  82232.322  1545.021   120.27   71.96
  82607.382  1524.290   -55.28   93.99
  82982.458  1480.430  -116.95  105.56
  83357.551  1413.406  -178.70   93.33
  83732.659  1371.855  -110.78   75.13
  84107.783  1373.930     5.53   65.23
  84482.923  1383.830    26.39   61.98
  84858.078  1396.525    33.84   74.15
  85233.250  1405.802    24.73   86.83
  85608.438  1387.820   -47.93   78.09
  85983.641  1412.779    66.52   82.66
  86358.860  1465.405   140.26   85.96
  86734.096  1543.849   209.07   94.60
  87109.347  1609.723   175.56   86.82
  87484.614  1655.811   122.82   87.84
  87859.897  1706.501   135.08   85.77
  88235.196  1751.978   121.18   91.71
  88610.511  1808.128   149.62   82.31
  88985.841  1853.144   119.95   91.82
  89361.188  1894.725   110.79  109.30
  89736.551  1940.407   121.71  119.72
  90111.929  1923.267   -45.66  124.15
  90487.324  1849.882  -195.50  152.85
  90862.734  1725.942  -330.17  174.30
  91238.161  1603.942  -324.99  144.80
  91613.603  1548.478  -147.74  124.72
  91989.062  1530.546   -47.76  125.12
  92364.536  1508.476   -58.78  166.55
  92740.026  1439.383  -184.02  157.65
  93115.532  1349.267  -240.00  141.97
  93491.055  1314.168   -93.47  117.92
  93866.593  1389.544   200.73  179.19
  94242.147  1521.872   352.38  184.46
  94617.717  1593.287   190.17  130.68
  94993.304  1614.918    57.60  100.61
  95368.906  1610.244   -12.45  106.03
  95744.524  1607.287    -7.87  100.26
  96120.158  1613.120    15.53  101.74
  96495.808  1563.314  -132.60  137.71
  96871.474  1485.044  -208.37  141.29
  97247.157  1413.453  -190.58  108.27
  97622.855  1395.044   -49.01   91.97
  97998.569  1423.849    76.67  102.16
  98374.299  1503.382   211.70  116.37
  98750.046  1608.593   280.03  152.48
  99125.808  1714.358   281.49  152.48
  99501.586  1779.988   174.66  129.70
  99877.381  1775.035   -13.18  112.71
 100253.191  1728.802  -123.03  106.54
 100629.018  1678.263  -134.49   85.06
 101004.861  1648.644   -78.81   88.97
 101380.719  1636.802   -31.51   88.19
 101756.594  1629.546   -19.31   82.66
 102132.485  1599.907   -78.86   79.24
 102508.391  1567.314   -86.71   88.97
 102884.314  1490.732  -203.73  120.40
 103260.253  1372.835  -313.64  146.51
 103636.208  1270.906  -271.14  144.25
 104012.180  1228.802  -112.00   99.05
 104388.167  1266.546   100.40  135.47
 104764.170  1384.407   313.48  170.27
 105140.190  1512.825   341.55  149.51
 105516.225  1562.978   133.38  109.25
 105892.277  1587.058    64.04   86.68
 106268.345  1599.862    34.05  108.82
 106644.429  1643.174   115.18  145.90
 107020.529  1704.066   161.92  164.68
 107396.645  1751.779   126.87  138.34
 107772.777  1776.287    65.16  114.46
 108148.925  1713.311  -167.44  131.06
 108525.090  1607.662  -280.88  182.12
 108901.270  1457.639  -398.84  211.41
 109277.467  1288.858  -448.69  210.76
 109653.680  1150.500  -367.80  174.23
 110029.909  1011.384  -369.80  149.76
 110406.155   876.811  -357.71  135.65
 110782.416   783.174  -248.88  121.62
 111158.693   742.616  -107.80   96.99
 111534.987   761.151    49.26  131.38
 111911.297   831.267   186.34  129.19
 112287.623   893.049   164.19  123.18
 112663.965   894.930     5.00  120.90
 113040.324   841.686  -141.49  125.76
 113416.698   772.225  -184.57  125.07
 113793.089   725.221  -124.89  106.87
 114169.496   698.267   -71.61   79.44
 114545.919   704.657    16.98   89.62
 114922.359   727.358    60.31   86.83
 115298.814   744.942    46.71   73.49
 115675.286   783.593   102.68  102.28
 116051.774   845.523   164.51  137.35
 116428.278   949.811   277.02  160.67
 116804.799  1035.216   226.85  162.49
 117181.336  1099.639   171.11  149.41
 117557.888  1146.662   124.89  142.82
 117934.458  1166.035    51.45  155.39
 118311.043  1218.081   138.22  140.67
 118687.645  1248.858    81.73  134.34
 119064.262  1288.066   104.12  139.48
 119440.897  1252.128   -95.43  173.18
 119817.547  1214.407  -100.16  212.11
 120194.214  1144.906  -184.53  208.11
 120570.896  1076.998  -180.30  168.80
 120947.596  1034.406  -113.08  122.44
 121324.311  1045.747    30.11  100.22
 121701.043  1064.174    48.92   96.24
 122077.791  1111.616   125.94   92.71
 122454.555  1160.732   130.38   94.61
 122831.335  1219.314   155.49  108.60
 123208.132  1310.239   241.34  111.09
 123584.945  1405.835   253.72  158.52
 123961.775  1541.942   361.23  184.48
 124338.621  1626.998   225.73  144.20
 124715.483  1646.597    52.01  119.89
 125092.361  1604.248  -112.38  126.98
 125469.256  1520.362  -222.60  112.97
 125846.166  1461.001  -157.51  108.41
 126223.094  1432.918   -74.51  133.43
 126600.037  1393.942  -103.41  152.39
 126976.997  1368.267   -68.12  159.36
 127353.974  1320.639  -126.36  150.13
 127730.966  1285.739   -92.58  146.48
 128107.975  1250.501   -93.48  118.49
 128485.000  1238.430   -32.02  138.63
 128862.042  1243.521    13.50  160.95
 129239.100  1246.290     7.35  166.41
 129616.174  1203.988  -112.20  192.67
 129993.265  1145.634  -154.76  184.50
 130370.372  1075.104  -187.05  188.97
 130747.496  1027.430  -126.43  209.01
 131124.635  1047.686    53.71  246.98
 131500.092  1064.066    43.63  276.53
 131874.020  1095.001    82.74  243.57
 132247.965  1123.597    76.48  223.95
 132621.925  1140.430    45.02  178.65
 132995.902  1104.360   -96.46  172.46
 133369.895  1045.692  -156.89  163.12
 133743.904   965.337  -214.87  146.26
 134117.929   903.521  -165.29  145.40
 134491.970   881.733   -58.26  149.83
