# NaN NaN NaN ;Mean Elev.(m), Avg Gradient(m/km), RMS Gradient(m/km) - SRTM1     
#   10.822   0.052   0.602 ;Mean Elev.(m), Avg Gradient(m/km), RMS Gradient(m/km) - ASTER GDEM
#    6.671  -0.111   1.828 ;Mean Elev.(m), Avg Gradient(m/km), RMS Gradient(m/km) - GMTED2010 
  6  89.741190  24.102877     8.653     8.653  2 52442.17809905 41.123
  7  89.744499  24.096809    10.615    10.642  4 52477.17809582 41.514
  8  89.758960  24.109075    10.859    10.859  2 52512.17803847 41.047
  9  89.751929  24.098019     9.659     9.630  6 52547.17807473 25.011
 10  89.752234  24.100223     6.963     6.931  6 52582.17808564 32.521
 11  89.743398  24.096180     5.688     5.348  4 52617.17805874 36.165
 13  89.750924  24.099453     4.034     4.058  6 52687.17802873 44.543
 14  89.750025  24.098741     4.058     4.077  6 52722.17807694 48.472
 17  89.759148  24.109455    11.472    11.472  2 52827.17811629 40.681
 19  89.747068  24.097236    10.837    10.889  6 52897.17819418 33.717
 20  89.743927  24.097137     9.521     9.366  4 52932.17814118 44.954
 21  89.754670  24.100484     6.680     6.434  6 52967.17814300 45.989
 22  89.742461  24.096921     7.235     7.031  4 53002.17817055 37.820
 23  89.744740  24.100480     5.530     5.658  5 53037.17811886 29.916
 24  89.748389  24.097068     4.372     4.375  6 53072.17814396 28.852
 25  89.743794  24.100279     6.747     6.424  5 53107.17811962 18.855
 26  89.751712  24.099530     7.039     7.024  6 53142.17815143 47.060
 28  89.747550  24.097415    12.197    12.179  6 53212.17819729 39.553
 29  89.749835  24.099502    10.567    10.581  6 53247.17816537 29.792
 30  89.749453  24.098113    10.186    10.091  6 53282.17815405 31.492
 48  89.744549  24.097573     9.463     9.502  4 53912.17814889 38.812
 56  89.747614  24.098597     5.232     5.227  6 54192.17804560 33.131
 57  89.750911  24.099470     7.105     7.120  6 54227.17809454 30.491
 58  89.751476  24.098141     8.901     8.898  6 54262.17811417 44.929
 59  89.751384  24.099985     9.906     9.962  6 54297.17811894 41.142
 60  89.751555  24.100514    10.971    11.000  6 54332.17810922 41.287
 61  89.747868  24.097592    10.551    10.560  6 54367.17805144 29.791
 62  89.751407  24.099343     8.722     8.670  6 54402.17805237 37.325
 63  89.748060  24.098212     6.258     6.273  6 54437.17800983 44.593
 64  89.754623  24.099955     5.697     5.612  6 54472.17803713 37.772
 66  89.751912  24.098191     5.007     4.928  6 54542.17805202 32.628
 67  89.748346  24.098840     6.555     6.139  6 54577.17802312 23.187
 68  89.751231  24.097858     7.317     7.327  6 54612.17804320 43.881
 69  89.750200  24.098684    10.191    10.190  6 54647.17805033 44.011
 70  89.749881  24.098692    10.894    10.857  7 54682.17805082 40.489
 71  89.748873  24.097984    11.709    11.723  6 54717.17799940 42.078
 72  89.751197  24.098538     9.059     9.088  6 54752.17802333 45.870
 73  89.748650  24.098126     6.997     7.022  7 54787.17798977 39.153
 74  89.753107  24.100527     6.064     6.052  6 54822.17801659 42.439
 75  89.750247  24.100072     5.169     5.104  6 54857.17798535 45.109
 76  89.748440  24.098180     5.297     4.774  7 54892.17802060 38.420
 77  89.745677  24.096032     8.313     8.221  6 54927.17798404 31.369
 78  89.750198  24.097529     6.257     6.237  6 54962.17801899 37.568
 79  89.747655  24.097106     7.411     7.392  6 54997.17804059 23.994
 80  89.749849  24.099673     9.402     9.427  6 55032.17802952 34.892
 81  89.750287  24.098432    11.018    11.011  6 55067.17801849 43.076
 82  89.745704  24.097244     9.412     9.477  6 55102.17795920 34.579
 83  89.751251  24.098014     7.568     7.555  6 55137.17796536 39.166
 84  89.748593  24.097260     6.000     6.016  6 55172.17792700 35.252
 85  89.752109  24.100387     5.163     5.205  6 55207.17795877 39.702
 86  89.747003  24.098061     7.230     7.856  6 55242.17793228 28.863
 87  89.749025  24.097245     6.531     5.533  6 55277.17795312 20.514
 88  89.748919  24.099651     7.508     7.557  6 55312.17791633 29.493
 89  89.751143  24.099074     8.665     8.740  7 55347.17792271 42.629
 90  89.749656  24.099557    10.491    10.525  6 55382.17791411 45.435
 91  89.752331  24.098321    10.108    10.113  6 55417.17794170 41.294
 92  89.749873  24.098126    11.284    11.281  6 55452.17792431 43.589
 93  89.748414  24.097432     9.293     9.305  6 55487.17784732 45.937
