# NaN NaN NaN ;Mean Elev.(m), Avg Gradient(m/km), RMS Gradient(m/km) - SRTM1     
#   22.004  -0.483  23.616 ;Mean Elev.(m), Avg Gradient(m/km), RMS Gradient(m/km) - ASTER GDEM
#   31.020  -0.376  24.301 ;Mean Elev.(m), Avg Gradient(m/km), RMS Gradient(m/km) - GMTED2010 
  6  90.248694  26.106938    31.548    31.559  3 52442.17770676 47.569
  7  90.253650  26.107458    32.642    32.623  3 52477.17770225 45.018
  8  90.264211  26.104934    32.178    32.178  2 52512.17764780 37.380
  9  90.260870  26.106964    31.516    31.516  2 52547.17768148 46.399
 10  90.260177  26.105916    28.707    28.707  2 52582.17769303 18.374
 11  90.252326  26.106837    27.598    27.596  3 52617.17766517 26.666
 13  90.259063  26.106824    26.761    26.769  3 52687.17763580 28.367
 14  90.258777  26.107677    27.248    27.248  2 52722.17768369 45.064
 15  90.244459  26.105729    29.157    29.163  3 52757.17770672 23.188
 17  90.264770  26.105250    32.750    32.750  2 52827.17772562 23.785
 19  90.256140  26.107894    32.094    32.073  3 52897.17780061 42.172
 20  90.252816  26.107815    30.711    30.689  3 52932.17774760 48.670
 21  90.262761  26.106126    28.186    28.186  2 52967.17775040 36.550
 22  90.251149  26.105926    27.238    27.203  3 53002.17777730 46.925
 23  90.252409  26.106192    26.829    26.764  3 53037.17772625 33.909
 24  90.257517  26.107676    27.661    27.823  3 53072.17775039 21.055
 25  90.251398  26.106046    28.251    28.292  3 53107.17772702 25.018
 26  90.260158  26.106859    31.273    31.280  3 53142.17775850 30.063
 28  90.256253  26.106401    33.586    33.586  2 53212.17780404 47.754
 29  90.258012  26.106886    32.117    32.099  3 53247.17777244 45.937
 30  90.258406  26.107061    31.158    31.158  2 53282.17776080 45.323
 48  90.253338  26.106591    31.188    31.188  2 53912.17775564 21.516
 56  90.256058  26.107642    27.633    27.633  2 54192.17765235 29.738
 57  90.259285  26.106866    29.296    29.261  3 54227.17770161 24.310
 58  90.260238  26.107123    31.210    31.210  2 54262.17772092 38.347
 59  90.259658  26.107296    32.253    32.341  3 54297.17772601 31.994
 60  90.259334  26.106239    32.599    32.599  2 54332.17771661 44.761
 61  90.256331  26.106631    31.948    31.948  2 54367.17765819 47.589
 62  90.259682  26.106688    29.818    29.815  3 54402.17765943 31.667
 63  90.256605  26.107223    27.875    27.875  2 54437.17761657 29.802
 64  90.262631  26.105629    27.332    27.332  2 54472.17764452 22.177
 66  90.260628  26.107204    28.352    28.352  2 54542.17765877 19.841
 67  90.256829  26.107900    28.211    28.211  2 54577.17762987 31.060
 68  90.259930  26.106824    30.044    30.044  2 54612.17764994 41.120
 69  90.258920  26.107664    32.196    32.196  2 54647.17765708 30.441
 70  90.258535  26.107719    32.721    32.729  3 54682.17765757 44.533
 71  90.257337  26.107014    33.508    33.508  2 54717.17760615 46.001
 72  90.259994  26.107453    30.705    30.705  2 54752.17763008 33.002
 73  90.257198  26.107148    30.178    30.562  3 54787.17759652 27.275
 74  90.261113  26.106221    27.387    27.387  2 54822.17762398 38.937
 75  90.258392  26.107404    29.242    29.530  3 54857.17759242 29.355
 76  90.257099  26.107143    30.099    30.118  3 54892.17762734 21.152
 77  90.254550  26.106782    31.258    31.252  3 54927.17759047 20.998
 78  90.258978  26.106529    31.390    31.390  2 54962.17762574 21.120
 79  90.256765  26.107711    30.233    30.390  3 54997.17764702 36.477
 80  90.258126  26.107036    31.575    31.565  3 55032.17763659 43.908
 81  90.258892  26.107461    32.914    32.914  2 55067.17762523 36.551
 82  90.254542  26.107889    31.138    31.094  3 55102.17756562 36.810
 83  90.260016  26.106974    30.096    30.096  2 55137.17757211 22.468
 84  90.257116  26.106302    27.120    27.120  2 55172.17753375 36.437
 85  90.260076  26.106029    26.825    26.825  2 55207.17756616 20.558
 86  90.255471  26.107055    25.965    25.965  2 55242.17753903 27.277
 87  90.257665  26.106291    26.551    26.551  2 55277.17755987 26.607
 88  90.257014  26.107072    31.439    31.418  3 55312.17752340 41.087
 89  90.259390  26.106390    31.374    31.374  2 55347.17752978 44.641
 90  90.257859  26.106919    33.212    33.214  3 55382.17752118 47.939
 91  90.261157  26.107322    32.313    32.313  2 55417.17754845 44.255
 92  90.258431  26.107127    33.412    33.412  2 55452.17753106 44.380
 93  90.256826  26.106448    30.745    30.745  2 55487.17745406 35.665
