-249355.106   -20.565     0.00    2.03
-248978.339   -21.037    -1.25    2.18
-248601.558   -21.434    -1.05    2.29
-248224.764   -21.376     0.15    2.40
-247847.956   -21.553    -0.47    2.33
-247471.135   -21.620    -0.18    2.24
-247094.300   -21.890    -0.72    2.18
-246717.452   -22.498    -1.61    1.82
-246340.590   -22.363     0.36    1.73
-245963.715   -21.887     1.26    1.84
-245586.826   -21.601     0.76    2.07
-245209.924   -21.090     1.35    2.20
-244833.008   -20.515     1.53    2.34
-244456.079   -19.766     1.99    2.64
-244081.005   -19.620     0.39    2.54
-243706.737   -19.474     0.39    2.32
-243332.457   -19.530    -0.15    2.30
-242958.163   -19.181     0.93    2.00
-242583.855   -18.661     1.39    2.27
-242209.535   -18.466     0.52    2.38
-241835.201   -18.279     0.50    2.36
-241460.853   -18.840    -1.50    2.94
-241086.492   -19.254    -1.11    2.68
-240712.118   -20.687    -3.83    2.75
-240337.731   -21.497    -2.16    2.31
-239963.330   -21.764    -0.71    2.43
-239588.916   -21.744     0.05    2.45
-239214.489   -21.606     0.37    2.51
-238840.048   -21.065     1.44    2.86
-238465.594   -20.611     1.21    2.68
-238091.126   -20.263     0.93    2.55
-237716.645   -21.053    -2.11    2.37
-237342.151   -21.839    -2.10    1.75
-236967.643   -21.958    -0.32    1.86
-236593.122   -22.077    -0.32    1.94
-236218.588   -22.302    -0.60    2.19
-235844.040   -22.196     0.28    2.85
-235469.479   -22.515    -0.85    2.72
-235094.904   -22.059     1.22    2.91
-234720.316   -21.035     2.73    3.24
-234345.715   -20.791     0.65    3.17
-233971.100   -19.474     3.52    2.33
-233596.472   -19.482    -0.02    2.24
-233221.830   -19.431     0.14    2.32
-232847.175   -19.290     0.37    2.65
-232472.506   -18.910     1.01    2.55
-232097.825   -18.498     1.10    2.49
-231723.129   -18.387     0.30    2.39
-231348.420   -18.315     0.19    2.20
-230973.698   -18.515    -0.53    2.05
-230598.963   -18.565    -0.13    1.94
-230224.214   -18.934    -0.98    2.01
-229849.451   -19.149    -0.57    1.88
-229474.675   -18.840     0.82    2.14
-229099.886   -18.791     0.13    1.99
-228725.083   -18.865    -0.20    2.16
-228350.267   -18.684     0.48    2.15
-227975.437   -19.001    -0.85    1.95
-227600.594   -18.986     0.04    2.08
-227225.737   -18.864     0.33    2.11
-226850.867   -18.620     0.65    2.11
-226475.984   -18.995    -1.00    1.78
-226101.087   -19.020    -0.07    1.97
-225726.176   -19.046    -0.07    2.08
-225351.252   -19.530    -1.29    2.10
-224976.315   -19.458     0.19    2.00
-224601.364   -19.571    -0.30    2.29
-224226.399   -19.583    -0.03    2.08
-223851.422   -19.631    -0.13    2.10
-223476.430   -19.815    -0.49    1.78
-223101.425   -20.140    -0.87    1.79
-222726.407   -19.863     0.74    2.04
-222351.375   -19.291     1.52    2.25
-221976.329   -18.841     1.20    2.21
-221601.270   -19.187    -0.92    2.28
-221226.198   -19.947    -2.02    2.29
-220851.112   -20.937    -2.64    2.06
-220476.013   -21.425    -1.30    1.56
-220100.900   -20.864     1.50    1.96
-219725.773   -20.077     2.10    2.53
-219350.633   -19.715     0.96    2.42
-218975.479   -19.620     0.25    2.33
-218600.312   -19.958    -0.90    2.20
-218225.131   -20.498    -1.44    2.16
-217849.937   -21.084    -1.56    2.03
-217474.729   -21.387    -0.81    1.95
-217099.508   -21.547    -0.43    1.58
-216724.273   -21.365     0.48    1.78
-216349.025   -21.230     0.36    1.96
-215973.763   -21.053     0.47    2.13
-215598.487   -21.053     0.00    2.67
-215223.198   -20.910     0.38    2.69
-214847.895   -21.132    -0.59    2.50
-214472.579   -21.279    -0.39    2.06
-214097.249   -21.410    -0.35    2.10
-213721.906   -21.376     0.09    2.19
-213346.549   -21.669    -0.78    2.25
-212971.178   -22.053    -1.02    2.14
-212595.794   -22.010     0.11    2.05
-212220.396   -22.165    -0.41    1.98
-211844.985   -21.696     1.25    2.27
-211469.560   -21.215     1.28    2.24
-211094.121   -20.910     0.81    2.01
-210718.669   -20.458     1.20    2.10
-210343.203   -20.466    -0.02    1.89
-209967.724   -20.434     0.09    2.17
-209592.231   -20.636    -0.54    2.36
-209216.724   -21.406    -2.05    2.23
-208841.204   -21.986    -1.54    1.88
-208465.670   -22.268    -0.75    1.40
-208090.122   -22.125     0.38    1.54
-207714.561   -21.868     0.68    1.77
-207338.986   -21.224     1.71    2.18
-206963.398   -20.020     3.21    2.21
-206587.796   -19.840     0.48    2.21
-206212.180   -19.982    -0.38    2.13
-205836.551   -20.533    -1.47    2.35
-205460.908   -20.838    -0.81    2.18
-205085.251   -20.578     0.69    2.35
-204709.581   -20.547     0.08    2.15
-204333.897   -20.547     0.00    2.19
-203958.199   -20.010     1.43    2.00
-203582.488   -19.679     0.88    2.05
-203206.763   -19.342     0.90    2.06
-202831.024   -19.220     0.32    1.85
-202455.271   -19.387    -0.44    1.76
-202079.505   -19.913    -1.40    1.91
-201703.726   -20.084    -0.45    2.06
-201327.932   -19.890     0.51    2.07
-200952.125   -19.387     1.34    2.35
-200576.304   -18.523     2.30    2.30
-200200.470   -17.934     1.56    2.42
-199824.621   -17.059     2.33    1.93
-199448.759   -16.645     1.10    1.86
-199072.884   -16.865    -0.59    1.78
-198696.994   -17.165    -0.80    1.76
-198321.091   -17.498    -0.89    1.82
-197945.175   -17.863    -0.97    1.83
-197569.244   -17.887    -0.06    1.80
-197193.300   -17.720     0.44    1.68
-196817.342   -17.744    -0.06    1.67
-196441.370   -18.108    -0.97    1.98
-196065.385   -18.303    -0.52    2.08
-195689.385   -18.864    -1.49    2.27
-195313.372   -18.982    -0.31    2.27
-194937.346   -19.059    -0.21    2.27
-194561.305   -18.410     1.72    2.07
-194185.251   -18.010     1.06    1.60
-193809.183   -17.839     0.46    1.55
-193433.102   -18.315    -1.27    1.80
-193057.006   -18.620    -0.81    1.87
-192680.897   -19.718    -2.92    2.58
-192304.774   -20.839    -2.98    2.69
-191928.637   -21.696    -2.28    2.13
-191552.486   -21.995    -0.79    2.56
-191176.322   -21.747     0.66    2.56
-190800.144   -22.279    -1.41    2.55
-190423.952   -22.410    -0.35    2.36
-190047.746   -21.864     1.45    2.67
-189671.527   -21.368     1.32    2.44
-189295.294   -20.770     1.59    2.40
-188919.047   -20.215     1.47    2.05
-188542.786   -19.718     1.32    2.17
-188166.511   -19.376     0.91    2.12
-187790.222   -19.584    -0.55    2.24
-187413.920   -19.929    -0.92    2.41
-187037.604   -20.354    -1.13    2.42
-186661.274   -20.387    -0.09    2.45
-186284.930   -20.363     0.06    2.25
-185908.573   -20.415    -0.14    2.23
-185532.201   -20.543    -0.34    2.27
-185155.816   -20.236     0.81    2.42
-184779.417   -20.157     0.21    2.36
-184403.004   -20.327    -0.45    2.18
-184026.577   -20.181     0.39    2.01
-183650.136   -20.361    -0.48    2.04
-183273.682   -20.149     0.56    2.23
-182897.213   -19.672     1.26    2.20
-182520.731   -19.373     0.79    2.16
-182144.235   -19.410    -0.10    2.26
-181767.725   -19.839    -1.14    2.07
-181391.201   -19.943    -0.28    2.00
-181014.664   -20.053    -0.29    2.20
-180638.112   -19.718     0.89    2.11
-180261.547   -18.863     2.27    1.77
-179884.967   -18.768     0.25    1.85
-179508.374   -18.765     0.01    1.88
-179131.767   -18.084     1.81    2.01
-178755.146   -17.915     0.45    1.89
-178378.511   -17.742     0.46    1.88
-178001.862   -18.059    -0.84    2.14
-177625.200   -18.982    -2.45    2.16
-177248.523   -19.815    -2.21    2.43
-176871.833   -19.887    -0.19    2.30
-176495.128   -19.571     0.84    2.37
-176118.410   -19.125     1.19    2.48
-175741.678   -18.768     0.95    1.92
-175364.932   -18.913    -0.39    1.91
-174988.171   -19.118    -0.54    1.81
-174611.397   -18.937     0.48    1.81
-174234.610   -19.015    -0.21    1.95
-173857.808   -18.645     0.98    1.97
-173480.992   -18.577     0.18    2.02
-173104.162   -18.839    -0.69    1.85
-172727.318   -18.696     0.38    1.56
-172350.461   -18.815    -0.32    1.63
-171973.589   -19.425    -1.62    1.74
-171596.703   -19.791    -0.97    1.81
-171219.804   -19.937    -0.39    1.95
-170842.890   -19.601     0.89    2.34
-170465.963   -19.125     1.26    2.31
-170089.022   -18.888     0.63    2.18
-169712.066   -18.440     1.19    2.13
-169335.097   -18.196     0.65    2.48
-168960.490   -17.840     0.95    2.16
-168586.273   -18.132    -0.78    2.20
-168212.043   -19.157    -2.74    2.44
-167837.799   -20.465    -3.50    1.98
-167463.541   -20.699    -0.62    2.10
-167089.269   -20.610     0.24    2.14
-166714.984   -19.815     2.12    2.39
-166340.685   -19.387     1.14    2.32
-165966.372   -18.937     1.20    2.36
-165592.045   -18.769     0.45    2.34
-165217.704   -18.657     0.30    2.18
-164843.350   -18.383     0.73    2.19
-164468.982   -18.365     0.05    2.25
-164094.600   -18.094     0.72    2.31
-163720.204   -18.244    -0.40    2.21
-163345.794   -18.302    -0.16    2.00
-162971.371   -17.906     1.06    1.97
-162596.933   -17.559     0.93    1.70
-162222.482   -17.279     0.75    1.50
-161848.017   -16.937     0.91    1.62
-161473.539   -16.937     0.00    1.52
-161099.046   -16.838     0.26    1.64
-160724.540   -17.157    -0.85    1.71
-160350.019   -17.458    -0.80    2.07
-159975.485   -17.458     0.00    2.13
-159600.937   -17.766    -0.82    2.18
-159226.375   -18.059    -0.78    2.27
-158851.800   -18.365    -0.82    2.43
-158477.210   -18.474    -0.29    2.35
-158102.607   -18.744    -0.72    1.99
-157727.990   -18.792    -0.13    2.14
-157353.359   -19.268    -1.27    2.05
-156978.714   -19.268     0.00    2.04
-156604.055   -19.164     0.28    2.17
-156229.382   -18.744     1.12    2.08
-155854.695   -18.669     0.20    2.04
-155479.995   -18.693    -0.07    1.81
-155105.281   -18.315     1.01    2.04
-154730.552   -18.035     0.75    1.90
-154355.810   -17.791     0.65    1.97
-153981.054   -17.913    -0.33    2.13
-153606.284   -18.766    -2.28    2.30
-153231.500   -19.530    -2.04    2.09
-152856.702   -20.097    -1.51    2.14
-152481.891   -20.030     0.18    2.27
-152107.065   -19.474     1.48    2.37
-151732.226   -19.030     1.19    2.75
-151357.372   -18.205     2.20    2.28
-150982.505   -17.947     0.69    2.18
-150607.624   -18.293    -0.92    2.25
-150232.728   -18.636    -0.92    2.23
-149857.819   -19.303    -1.78    2.17
-149482.896   -19.490    -0.50    2.16
-149107.959   -20.251    -2.03    2.12
-148733.008   -20.747    -1.32    2.19
-148358.043   -21.046    -0.80    2.07
-147983.065   -21.141    -0.25    1.92
-147608.072   -20.815     0.87    2.04
-147233.065   -19.815     2.67    2.39
-146858.044   -19.088     1.94    2.35
-146483.010   -18.892     0.52    2.07
-146107.961   -19.429    -1.43    1.96
-145732.898   -19.440    -0.03    1.93
-145357.822   -19.125     0.84    1.89
-144982.731   -18.888     0.63    1.88
-144607.626   -19.020    -0.35    1.75
-144232.508   -18.952     0.18    1.62
-143857.375   -18.842     0.29    1.64
-143482.229   -18.715     0.34    1.60
-143107.068   -18.744    -0.08    1.60
-142731.894   -19.010    -0.71    1.62
-142356.705   -18.768     0.65    1.70
-141981.503   -19.165    -1.06    1.73
-141606.286   -19.425    -0.69    1.63
-141231.056   -19.425     0.00    1.90
-140855.811   -19.387     0.10    1.85
-140480.552   -19.645    -0.69    2.04
-140105.280   -19.791    -0.39    2.04
-139729.993   -19.937    -0.39    1.94
-139354.693   -19.482     1.21    2.10
-138979.378   -18.815     1.78    2.18
-138604.049   -18.744     0.19    2.26
-138228.706   -19.211    -1.24    2.08
-137853.350   -19.696    -1.29    1.78
-137477.979   -20.482    -2.09    2.46
-137102.594   -19.669     2.17    3.17
-136727.195   -19.791    -0.32    3.37
-136351.782   -19.937    -0.39    3.39
-135976.355   -18.962     2.60    3.29
-135600.914   -19.254    -0.78    3.19
-135225.458   -19.172     0.22    2.84
-134849.989   -19.157     0.04    2.54
-134474.506   -19.315    -0.42    2.47
-134099.008   -19.508    -0.51    2.09
-133723.497   -19.513    -0.01    1.91
-133347.971   -19.205     0.82    2.30
-132972.431   -18.720     1.29    2.09
-132596.878   -18.449     0.72    2.18
-132221.310   -18.315     0.36    2.17
-131845.728   -18.247     0.18    2.37
-131470.132   -18.303    -0.15    1.93
-131094.522   -18.401    -0.26    1.70
-130718.897   -18.006     1.05    2.14
-130343.259   -17.713     0.78    2.12
-129967.606   -17.429     0.76    2.25
-129591.940   -17.097     0.88    2.15
-129216.259   -17.601    -1.34    2.20
-128840.564   -17.606    -0.01    1.88
-128464.855   -17.215     1.04    1.84
-128089.132   -17.020     0.52    1.72
-127713.395   -16.605     1.10    1.70
-127337.643   -16.679    -0.20    1.81
-126961.878   -16.506     0.46    1.83
-126586.098   -16.530    -0.06    1.83
-126210.304   -15.862     1.78    1.88
-125834.496   -15.533     0.87    1.97
-125458.674   -14.974     1.49    2.13
-125082.838   -14.840     0.36    2.27
-124706.987   -14.982    -0.38    2.09
-124331.123   -15.108    -0.34    1.94
-123955.244   -15.508    -1.06    1.75
-123579.351   -16.065    -1.48    1.87
-123203.444   -15.894     0.45    1.71
-122827.523   -15.596     0.79    1.84
-122451.587   -15.149     1.19    1.95
-122075.637   -14.962     0.50    1.84
-121699.673   -14.649     0.83    1.95
-121323.695   -14.969    -0.85    2.16
-120947.703   -15.387    -1.11    2.42
-120571.697   -15.053     0.89    4.79
-120195.676   -14.888     0.44    4.89
-119819.641   -14.596     0.78    4.79
-119443.592   -14.791    -0.52    2.93
-119067.529   -14.937    -0.39    1.93
-118691.451   -15.053    -0.31    2.00
-118315.359   -14.955     0.26    2.00
-117939.253   -14.387     1.51    2.70
-117563.133   -13.885     1.33    2.77
-117186.999   -12.768     2.97    3.39
-116810.850   -11.718     2.79    3.96
-116434.687    -9.913     4.80    5.80
-116058.510    -6.030    10.32    7.51
-115682.318    -1.629    11.70    9.16
-115306.113     3.975    14.90   10.60
-114929.893     9.494    14.67   12.39
-114553.659    26.780    45.94   32.95
-114177.410    47.351    54.67   42.08
-113801.147    67.542    53.66   43.15
-113424.870    91.328    63.21   39.52
-113048.579   100.404    24.12   45.18
-112672.274   107.743    19.50   50.56
-112295.954   107.721    -0.06   52.51
-111919.620    88.851   -50.14   42.75
-111543.272    67.331   -57.18   45.94
-111166.909    50.970   -43.47   38.47
-110790.532    48.160    -7.47   36.23
-110414.141    52.447    11.39   37.16
-110037.735    58.113    15.05   45.89
-109661.315    72.560    38.38   53.28
-109284.881    72.661     0.27   57.61
-108908.433    57.477   -40.33   49.99
-108531.970    43.721   -36.54   37.88
-108155.493    43.994     0.72   35.91
-107779.002    53.210    24.48   41.25
-107402.496    68.730    41.22   45.32
-107025.976    91.560    60.63   41.52
-106649.441    96.209    12.35   40.98
-106272.893   111.066    39.45   42.66
-105896.330   116.185    13.59   42.51
-105519.752   116.253     0.18   42.44
-105143.161   117.646     3.70   41.72
-104766.555   122.487    12.85   40.57
-104389.934   123.280     2.11   37.43
-104013.299   123.828     1.45   36.53
-103636.650   109.117   -39.05   44.07
-103259.987    87.106   -58.43   41.30
-102883.309    65.685   -56.86   25.79
-102506.617    61.868   -10.13   25.50
-102129.910    73.256    30.23   31.27
-101753.189    94.732    57.00   36.16
-101376.454   110.606    42.13   31.81
-100999.704   117.253    17.64   32.75
-100622.940   107.410   -26.12   47.37
-100246.161    84.068   -61.94   54.58
 -99869.369    58.566   -67.68   49.12
 -99492.561    33.928   -65.38   27.41
 -99115.740    28.435   -14.58   18.74
 -98738.904    31.749     8.79   22.35
 -98362.053    48.746    45.10   35.15
 -97985.188    82.502    89.56   58.56
 -97608.309   110.860    75.24   65.76
 -97231.415   124.503    36.20   65.67
 -96854.507   116.185   -22.07   63.04
 -96477.584    93.209   -60.95   58.75
 -96100.647    71.115   -58.61   33.98
 -95723.696    67.258   -10.23   17.73
 -95346.730    75.367    21.51   17.00
 -94969.750    83.133    20.60   14.40
 -94592.755    91.994    23.50   15.40
 -94215.766   103.510    30.55   20.83
 -93841.612   112.351    23.63   23.18
 -93467.444   124.518    32.51   29.62
 -93093.261   152.485    74.74   45.35
 -92719.065   183.899    83.95   50.65
 -92344.854   210.360    70.71   41.93
 -91970.629   229.014    49.84   35.01
 -91596.389   242.256    35.38   42.71
 -91222.136   269.518    72.84   73.87
 -90847.868   344.947   201.52  115.98
 -90473.586   436.789   245.37  156.75
 -90099.289   547.795   296.55  150.94
 -89724.979   647.160   265.44  119.93
 -89350.654   728.746   217.94   96.86
 -88976.315   771.371   113.86   88.52
 -88601.962   805.836    92.06   64.68
 -88227.594   815.732    26.43   50.70
 -87853.212   812.018    -9.92   51.74
 -87478.816   797.066   -39.93   56.32
 -87104.405   789.851   -19.27   50.29
 -86729.981   795.518    15.13   42.42
 -86355.542   798.160     7.06   40.27
 -85981.088   795.756    -6.42   53.52
 -85606.621   771.423   -64.98   67.91
 -85232.139   748.965   -59.97   83.30
 -84857.642   745.232    -9.97   82.15
 -84483.132   760.364    40.40   76.89
 -84108.607   776.580    43.29   48.89
 -83734.068   767.331   -24.69   46.31
 -83359.515   732.882   -91.97   59.78
 -82984.947   707.113   -68.79   49.87
 -82610.365   684.737   -59.73   44.69
 -82235.768   654.480   -80.77   55.14
 -81861.158   600.110  -145.13   80.34
 -81486.533   534.066  -176.28   93.52
 -81111.893   466.685  -179.84   78.69
 -80737.239   430.954   -95.36   58.37
 -80362.571   411.230   -52.64   56.84
 -79987.889   388.843   -59.75   55.15
 -79613.192   371.709   -45.72   50.89
 -79238.481   360.231   -30.63   46.66
 -78863.756   348.970   -30.05   38.02
 -78489.016   354.867    15.73   37.73
 -78114.262   361.749    18.36   30.66
 -77739.493   366.707    13.23   25.57
 -77364.710   370.380     9.80   21.21
 -76989.913   365.375   -13.35   19.94
 -76615.101   355.780   -25.60   18.36
 -76240.275   348.526   -19.35   17.41
 -75865.435   335.048   -35.95   29.63
 -75490.580   318.485   -44.18   35.63
 -75115.711   305.916   -33.53   28.94
 -74740.827   297.399   -22.72   23.07
 -74365.929   291.624   -15.40   22.50
 -73991.017   285.637   -15.97   24.91
 -73616.090   272.209   -35.81   23.38
 -73241.148   261.160   -29.47   18.64
 -72866.193   257.685    -9.27   18.93
 -72491.223   255.231    -6.54   16.61
 -72116.238   255.423     0.51   13.53
 -71741.239   256.650     3.27    9.15
 -71366.226   255.709    -2.51   11.29
 -70991.198   254.161    -4.13   12.45
 -70616.156   249.063   -13.59   11.68
 -70241.100   246.899    -5.77   10.23
 -69866.029   249.627     7.27   12.01
 -69490.943   254.859    13.95   15.16
 -69115.843   265.899    29.43   20.21
 -68740.729   282.859    45.21   26.39
 -68365.600   298.828    42.57   24.33
 -67990.457   307.851    24.05   19.51
 -67615.299   319.042    29.83   22.26
 -67240.127   326.685    20.37   20.14
 -66864.940   340.868    37.80   23.01
 -66489.739   359.542    49.77   25.27
 -66114.523   375.435    42.35   23.13
 -65739.293   389.285    36.91   15.26
 -65364.049   396.899    20.29   12.10
 -64988.789   402.404    14.67   10.74
 -64613.516   404.923     6.71   11.33
 -64238.228   401.673    -8.66   14.20
 -63862.925   395.965   -15.21   14.91
 -63487.608   391.867   -10.92   18.94
 -63112.277   393.185     3.51   29.25
 -62736.931   392.836    -0.93   33.98
 -62361.570   385.899   -18.48   41.19
 -61986.195   368.022   -47.62   50.82
 -61610.805   327.766  -107.23   63.02
 -61235.401   291.711   -96.04   43.75
 -60859.983   282.344   -24.95   30.59
 -60484.549   296.910    38.80   40.57
 -60109.102   324.627    73.82   40.95
 -59733.640   343.994    51.58   35.47
 -59358.163   351.287    19.42   27.30
 -58982.671   337.344   -37.13   38.53
 -58607.166   319.108   -48.56   43.65
 -58231.645   294.018   -66.81   46.32
 -57856.110   266.844   -72.36   41.08
 -57480.561   250.785   -42.76   41.54
 -57104.997   228.139   -60.29   36.99
 -56729.418   211.895   -43.25   33.43
 -56353.825   202.487   -25.05   38.02
 -55978.217   177.441   -66.68   47.94
 -55602.595   158.280   -51.01   45.15
 -55226.958   144.022   -37.96   37.11
 -54851.306   139.544   -11.92   40.12
 -54475.640   154.685    40.30   50.53
 -54099.960   173.819    50.93   55.87
 -53724.264   202.613    76.64   42.71
 -53348.554   223.209    54.81   28.15
 -52972.830   235.307    32.20   21.74
 -52597.091   241.092    15.40   15.10
 -52221.337   237.810    -8.73   15.65
 -51845.569   233.429   -11.66   16.26
 -51469.786   229.637   -10.09   12.96
 -51093.989   226.087    -9.45   11.81
 -50718.176   221.018   -13.49   11.21
 -50342.350   216.673   -11.56   10.36
 -49966.508   218.328     4.40    9.72
 -49590.652   225.375    18.75   20.28
 -49214.782   240.899    41.30   23.29
 -48838.896   249.575    23.08   21.02
 -48462.997   244.732   -12.88   25.01
 -48087.082   231.185   -36.04   30.14
 -47711.153   214.304   -44.90   28.41
 -47335.209   208.603   -15.16   21.77
 -46959.250   206.351    -5.99   18.62
 -46583.277   205.534    -2.18   16.35
 -46207.289   210.301    12.68   22.08
 -45831.287   206.627    -9.77   23.84
 -45455.270   211.551    13.09   28.41
 -45079.238   209.161    -6.35   31.82
 -44703.191   195.137   -37.29   35.78
 -44327.130   184.875   -27.29   43.33
 -43951.054   172.518   -32.86   48.81
 -43574.964   154.720   -47.32   49.08
 -43198.859   135.090   -52.19   57.33
 -42822.739   106.916   -74.90   51.75
 -42446.604    89.534   -46.21   39.28
 -42070.455    76.375   -34.98   32.65
 -41694.291    66.113   -27.28   20.46
 -41318.112    59.042   -18.80   17.47
 -40941.918    51.732   -19.43   11.67
 -40565.710    56.453    12.55   17.22
 -40189.487    63.042    17.51   20.09
 -39813.250    74.038    29.23   19.30
 -39436.997    79.851    15.45   14.79
 -39060.730    81.770     5.10   18.97
 -38684.448    82.035     0.70   24.44
 -38308.152    81.231    -2.14   23.35
 -37931.840    81.910     1.80   21.48
 -37555.514    81.542    -0.98   19.45
 -37179.174    92.709    29.67   25.75
 -36802.818    97.947    13.92   25.17
 -36426.448   100.518     6.83   23.13
 -36050.063    99.903    -1.63   22.97
 -35673.663    93.889   -15.98   16.74
 -35297.248    93.551    -0.90   15.15
 -34920.819    98.720    13.73   18.61
 -34544.375   103.185    11.86   23.02
 -34167.916   101.843    -3.56   26.39
 -33791.442    96.048   -15.39   26.70
 -33414.954    83.453   -33.45   16.28
 -33038.450    78.899   -12.10    7.28
 -32661.932    76.923    -5.25    7.02
 -32285.400    75.031    -5.02    9.67
 -31908.852    76.253     3.25   11.49
 -31532.289    79.159     7.72   12.20
 -31155.712    91.304    32.25   26.67
 -30779.120   125.348    90.40   63.07
 -30402.513   164.063   102.80   81.26
 -30025.892   212.548   128.74   78.56
 -29649.255   248.237    94.75   59.46
 -29272.604   235.230   -34.53   59.94
 -28895.937   218.423   -44.62   59.20
 -28519.256   197.637   -55.18   60.06
 -28142.561   166.548   -82.53   69.50
 -27765.850   124.369  -111.97   77.47
 -27389.124    88.912   -94.12   63.38
 -27012.384    63.258   -68.09   40.16
 -26635.629    61.534    -4.58   45.07
 -26258.859    55.566   -15.84   45.14
 -25882.074    44.492   -29.39   40.15
 -25505.274    32.094   -32.90   30.34
 -25128.459    19.185   -34.26   13.48
 -24751.630    15.161   -10.68    5.89
 -24374.786    13.868    -3.43    4.52
 -23997.926    12.735    -3.01    5.06
 -23621.052    13.639     2.40    7.11
 -23244.163    15.290     4.38   12.39
 -22867.259    24.014    23.15   29.78
 -22490.340    25.999     5.27   31.61
 -22113.407    23.477    -6.69   32.84
 -21736.458    16.503   -18.50   28.07
 -21359.495     7.343   -24.30    5.85
 -20982.516     8.709     3.62    5.68
 -20605.523     9.208     1.32    5.63
 -20228.515    14.399    13.77   16.29
 -19851.492    21.328    18.38   25.61
 -19474.454    21.749     1.12   26.25
 -19097.861    24.882     8.32   25.22
 -18723.762    40.648    42.14   40.01
 -18349.648    58.375    47.38   38.93
 -17975.519    66.732    22.34   34.83
 -17601.376    70.014     8.77   33.50
 -17227.218    61.042   -23.98   32.10
 -16853.045    51.477   -25.56   30.74
 -16478.858    38.066   -35.84   33.08
 -16104.656    28.423   -25.77   34.31
 -15730.439    15.613   -34.23   24.43
 -15356.207     3.721   -31.78    3.78
 -14981.961     2.780    -2.52    2.58
 -14607.700     2.399    -1.02    2.33
 -14233.424     2.423     0.06    1.81
 -13859.134     2.526     0.28    2.23
 -13484.829     2.464    -0.17    2.26
 -13110.509     3.115     1.74    3.06
 -12736.174     3.394     0.75    3.11
 -12361.825     4.018     1.67    2.83
 -11987.461     4.022     0.01    2.61
 -11613.082     4.494     1.26    2.73
 -11238.688     4.994     1.34    2.57
 -10864.280     5.301     0.82    2.32
 -10489.857     5.090    -0.56    2.55
 -10115.419     4.899    -0.51    2.43
  -9740.967     4.256    -1.72    3.02
  -9366.499     2.916    -3.58    3.41
  -8992.017     2.160    -2.02    3.42
  -8617.520     2.045    -0.31    3.47
  -8243.008     3.112     2.85    2.97
  -7868.482     3.232     0.32    2.65
  -7493.941     2.780    -1.21    2.97
  -7119.385     1.375    -3.75    3.40
  -6744.814     0.090    -3.43    3.89
  -6370.228    -0.713    -2.14    3.90
  -5995.628    -0.452     0.70    4.03
  -5621.012     1.526     5.28    3.37
  -5246.382     2.394     2.32    2.36
  -4871.738     3.351     2.56    2.44
  -4497.078     4.159     2.16    2.31
  -4122.403     4.594     1.16    2.22
  -3747.714     4.569    -0.07    1.86
  -3373.010     4.780     0.56    1.75
  -2998.291     4.821     0.11    1.69
  -2623.557     5.010     0.50    1.65
  -2248.809     4.844    -0.44    1.79
  -1874.045     4.474    -0.99    2.07
  -1499.267     4.435    -0.11    2.87
  -1124.474     2.906    -4.08    4.07
   -749.666     0.743    -5.77    4.06
   -374.843     0.673    -0.19    6.79
     -0.005     8.800    21.68   23.33
    374.848    35.162    70.33   45.44
    749.715    54.410    51.35   46.12
   1124.597    50.923    -9.30   44.21
   1499.494    37.280   -36.39   40.84
   1874.406    19.575   -47.22   23.14
   2249.333     8.776   -28.80    5.71
   2624.275     8.646    -0.35    4.13
   2999.232     8.637    -0.02    3.76
   3374.203     8.304    -0.89    3.79
   3749.190     7.780    -1.40    3.55
   4124.191     7.018    -2.03    3.94
   4499.208     5.435    -4.22    3.18
   4874.239     4.063    -3.66    2.42
   5249.285     3.038    -2.73    2.50
   5624.346     2.804    -0.63    3.83
   5999.422     2.494    -0.83    4.30
   6374.513     2.256    -0.63    4.49
   6749.618     2.375     0.32    4.11
   7124.739     3.766     3.71    4.08
   7499.875     5.256     3.97    4.19
   7875.025     6.795     4.10    4.53
   8250.191     8.256     3.90    4.68
   8625.371     8.696     1.17    5.13
   9000.566     9.580     2.36    4.87
   9375.777    10.590     2.69    4.88
   9751.002    11.136     1.46    4.63
  10126.242    13.185     5.46    8.38
  10501.497    21.789    22.93   24.87
  10876.767    29.685    21.04   34.17
  11252.053    39.627    26.49   42.12
  11627.353    43.947    11.51   48.08
  12002.668    43.906    -0.11   52.15
  12377.998    43.423    -1.29   50.00
  12753.343    43.590     0.44   45.71
  13128.703    55.542    31.84   50.51
  13504.078    65.770    27.25   53.40
  13879.468    68.994     8.59   53.70
  14254.873    76.161    19.09   51.08
  14630.292    91.447    40.72   50.92
  15005.727   111.575    53.61   55.89
  15381.177   136.882    67.41   55.04
  15756.642   170.307    89.02   42.77
  16132.122   196.994    71.08   39.24
  16507.617   226.234    77.87   31.29
  16883.127   243.935    47.14   32.98
  17258.652   264.048    53.56   43.13
  17634.192   263.954    -0.25   64.08
  18009.747   213.756  -133.66  113.42
  18385.318   148.470  -173.83  114.95
  18760.903    87.673  -161.88   85.33
  19136.503    45.813  -111.45   43.36
  19512.118    32.053   -36.63   17.87
  19887.749    34.435     6.34   22.75
  20263.394    38.990    12.13   27.92
  20639.054    40.603     4.30   31.91
  21014.730    31.185   -25.07   17.40
  21390.420    25.774   -14.40    2.99
  21766.126    23.117    -7.07    4.49
  22141.847    21.005    -5.62    5.13
  22517.582    19.209    -4.78    4.97
  22893.333    17.394    -4.83    4.13
  23269.099    16.819    -1.53    3.88
  23644.880    15.798    -2.72    2.24
  24020.676    15.869     0.19    2.27
  24396.487    15.867    -0.01    2.20
  24772.314    15.732    -0.36    2.23
  25148.155    15.836     0.28    2.16
  25524.012    16.185     0.93    1.62
  25899.883    16.621     1.16    1.47
  26275.770    17.094     1.26    1.64
  26651.672    18.108     2.70    2.14
  27027.589    18.709     1.60    2.17
  27403.521    19.328     1.65    2.13
  27779.468    19.810     1.28    2.22
  28155.430    20.344     1.42    2.19
  28531.408    20.343    -0.00    2.12
  28907.400    20.399     0.15    2.20
  29283.408    19.975    -1.13    1.91
  29659.431    20.042     0.18    1.77
  30035.469    21.026     2.62    2.51
  30411.522    21.723     1.85    2.53
  30787.590    22.321     1.59    2.60
  31163.674    22.732     1.09    2.20
  31539.773    22.399    -0.89    2.80
  31915.886    21.542    -2.28    3.47
  32292.015    21.060    -1.28    3.40
  32668.160    21.162     0.27    3.17
  33044.319    21.760     1.59    3.68
  33420.493    22.351     1.57    3.18
  33796.683    23.613     3.35    2.71
  34172.888    24.453     2.23    2.49
  34549.108    24.603     0.40    2.00
  34925.344    25.502     2.39    2.21
  35301.594    25.899     1.06    2.17
  35677.860    26.138     0.64    2.12
  36054.141    26.685     1.45    1.89
  36430.437    26.804     0.32    1.53
  36806.748    27.673     2.31    1.83
  37183.075    28.566     2.37    1.94
  37559.416    29.087     1.39    1.89
  37935.773    29.534     1.19    1.54
  38312.146    30.423     2.36    1.48
  38688.533    30.804     1.01    1.83
  39064.936    31.709     2.40    2.14
  39441.354    32.648     2.50    1.95
  39817.787    32.947     0.79    1.97
  40194.235    32.935    -0.03    1.99
  40570.699    32.828    -0.28    1.99
  40947.178    33.066     0.63    2.05
  41323.672    33.766     1.86    2.05
  41700.182    34.648     2.34    2.27
  42076.707    35.843     3.17    2.03
  42453.247    36.423     1.54    1.97
  42829.802    37.441     2.70    2.04
  43206.372    38.231     2.10    1.86
  43582.958    39.209     2.60    1.98
  43959.559    40.375     3.10    1.98
  44336.176    41.417     2.77    2.38
  44712.808    42.324     2.41    2.32
  45089.455    43.696     3.64    2.23
  45466.117    44.696     2.65    1.89
  45842.795    45.580     2.35    1.89
  46219.488    46.746     3.09    2.09
  46596.196    48.092     3.57    2.48
  46972.919    49.650     4.14    2.71
  47349.658    51.003     3.59    2.51
  47726.412    52.161     3.08    2.55
  48103.182    53.441     3.39    2.32
  48479.967    54.923     3.93    2.65
  48856.767    57.136     5.87    3.41
  49233.583    59.185     5.44    3.67
  49610.414    60.813     4.32    3.40
  49987.260    61.590     2.06    2.90
  50364.121    63.780     5.81    3.41
  50740.998    66.566     7.39    4.31
  51117.891    69.929     8.92    4.19
  51494.798    72.720     7.40    4.15
  51871.721    75.756     8.06    4.21
  52248.660    77.627     4.96    4.73
  52625.613    81.161     9.38    4.60
  53002.583    84.112     7.83    3.65
  53379.567    85.470     3.60    3.40
  53756.567    86.766     3.44    2.84
  54133.582    87.447     1.81    2.91
  54510.613    88.278     2.20    3.45
  54887.659    88.923     1.71    4.30
  55264.721    89.280     0.95    4.51
  55641.797    89.952     1.78    4.82
  56017.988    91.453     3.99    5.99
  56392.039    92.042     1.57    5.67
  56766.104    93.661     4.33    5.43
  57140.185    95.092     3.82    5.05
  57514.281    98.210     8.34    6.17
  57888.392   100.851     7.06    6.83
  58262.519   103.404     6.82    6.87
  58636.660   106.685     8.77    6.47
  59010.817   111.447    12.73    9.38
  59384.989   118.328    18.39   12.84
  59759.176   124.994    17.82   13.60
  60133.378   132.672    20.52   13.99
  60507.595   139.185    17.40   15.08
  60881.828   144.087    13.10   14.10
  61256.076   147.022     7.84   14.88
  61630.339   154.185    19.14   14.60
  62004.617   158.082    10.41   16.68
  62378.910   165.003    18.49   17.24
  62753.219   171.595    17.61   16.52
  63127.543   173.441     4.93   21.08
  63501.882   172.487    -2.55   25.59
  63876.236   169.090    -9.08   27.86
  64250.605   160.003   -24.27   24.67
  64624.990   153.711   -16.81   17.86
  64999.390   152.048    -4.44    9.23
  65373.805   155.160     8.31    8.62
  65748.235   159.389    11.29    7.87
  66122.681   164.899    14.72    7.33
  66497.142   170.518    15.01    6.45
  66871.618   175.867    14.28    6.98
  67246.109   184.895    24.11   18.15
  67620.616   198.882    37.35   33.31
  67995.138   210.650    31.42   36.97
  68369.675   212.780     5.69   32.96
  68744.227   212.068    -1.90   22.41
  69118.795   211.903    -0.44   11.75
  69493.378   219.094    19.20   13.94
  69867.976   226.660    20.20   14.45
  70242.590   233.185    17.42   14.13
  70617.219   239.542    16.97   13.44
  70991.863   245.014    14.61   11.92
  71366.522   250.696    15.17   11.48
  71741.197   255.502    12.83   10.31
  72115.887   259.875    11.67    8.76
  72490.592   263.328     9.21   12.06
  72865.313   264.255     2.47   17.35
  73240.049   270.066    15.51   30.23
  73614.800   268.090    -5.27   31.91
  73989.567   276.161    21.54   38.97
  74364.348   298.526    59.68   54.78
  74739.146   363.137   172.40  106.60
  75113.958   440.045   205.20  104.36
  75488.786   493.399   142.35   85.89
  75863.629   547.230   143.62   74.02
  76238.488   586.208   103.99   87.23
  76613.362   618.470    86.07   73.50
  76988.251   657.697   104.64   63.81
  77363.156   679.650    58.56   67.84
  77738.076   696.580    45.16   87.56
  78113.011   704.071    19.98  117.28
  78487.962   694.673   -25.07  122.67
  78862.928   677.580   -45.59  120.44
  79237.909   657.234   -54.26   87.54
  79612.906   674.843    46.96   85.16
  79987.918   745.351   188.03  108.20
  80362.946   833.068   233.91  118.82
  80737.989   910.375   206.14  123.97
  81113.047  1009.534   264.40  137.16
  81488.121  1125.732   309.82  167.05
  81863.210  1284.510   423.34  215.88
  82238.314  1479.970   521.12  236.36
  82613.434  1633.447   409.17  220.29
  82988.570  1806.899   462.40  218.45
  83363.721  1896.975   240.12  215.35
  83738.887  2000.526   276.03  167.40
  84114.068  2041.360   108.84  137.38
  84489.265  2025.301   -42.80  106.00
  84864.478  1947.110  -208.41   96.30
  85239.706  1861.923  -227.04  106.70
  85614.949  1761.899  -266.58  115.29
  85990.208  1678.464  -222.36  107.89
  86365.482  1591.613  -231.45   95.92
  86740.772  1552.749  -103.57   78.93
  87116.077  1574.639    58.33  122.70
  87491.398  1658.355   223.07  168.60
  87866.734  1751.637   248.55  165.31
  88242.085  1817.351   175.09  160.29
  88617.452  1873.810   150.42  162.66
  88992.834  1918.912   120.16  138.16
  89368.232  1941.800    60.97  101.93
  89743.646  2005.882   170.71  106.77
  90119.075  2056.068   133.69   98.34
  90494.519  2077.650    57.49   81.88
  90869.979  2034.730  -114.32  115.66
  91245.454  1928.264  -283.57  135.50
  91620.945  1806.617  -323.99  144.35
  91996.451  1680.510  -335.86  134.32
  92371.973  1571.743  -289.66  133.46
  92747.510  1471.875  -265.95  136.82
  93123.063  1373.928  -260.83  128.10
  93498.632  1283.412  -241.03  118.39
  93874.216  1196.185  -232.26  109.12
  94249.815  1097.209  -263.54  132.85
  94625.430   996.003  -269.46  110.53
  95001.060   944.137  -138.09   82.15
  95376.706   913.662   -81.13   78.45
  95752.368   890.158   -62.57   72.00
  96128.045   888.798    -3.62   75.97
  96503.738   920.208    83.61  115.97
  96879.446   975.094   146.10  151.96
  97255.170  1087.627   299.53  161.48
  97630.909  1185.057   259.32  162.67
  98006.664  1290.548   280.77  154.29
  98382.434  1361.416   188.61  100.90
  98758.220  1379.371    47.78   96.92
  99134.022  1354.534   -66.10  127.19
  99509.839  1308.892  -121.46  119.67
  99885.672  1267.071  -111.28  106.11
 100261.520  1229.895   -98.92   96.92
 100637.384  1141.889  -234.16  138.60
 101013.263  1001.603  -373.25  174.85
 101389.158   854.696  -390.85  179.86
 101765.069   719.161  -360.58  131.86
 102140.995   652.903  -176.27   73.46
 102516.937   641.117   -31.35   48.45
 102892.895   668.112    71.81   67.41
 103268.868   715.637   126.42   97.98
 103644.856   766.161   134.39  112.19
 104020.861   785.209    50.66   96.20
 104396.881   831.526   123.19   96.05
 104772.916   881.660   133.33  102.09
 105148.967   965.613   223.27   95.94
 105525.034  1053.696   234.24  101.02
 105901.117  1126.113   192.57  121.08
 106277.215  1235.732   291.49  142.56
 106653.329  1348.492   299.83  176.62
 107029.458  1484.707   362.18  173.47
 107405.603  1557.721   194.13  127.84
 107781.764  1604.566   124.54  122.89
 108157.941  1656.709   138.63  170.15
 108534.133  1766.258   291.23  220.08
 108910.340  1947.162   480.91  201.13
 109286.564  2094.010   390.36  186.57
 109662.803  2241.301   391.52  198.55
 110039.058  2311.068   185.44  150.32
 110415.328  2307.038   -10.71  143.90
 110791.615  2191.813  -306.25  191.76
 111167.916  2046.066  -387.35  231.24
 111544.234  1853.209  -512.53  256.77
 111920.567  1703.526  -397.78  236.92
 112296.916  1608.185  -253.36  233.50
 112673.281  1534.875  -194.80  251.42
 113049.661  1497.580   -99.10  218.22
 113426.058  1434.780  -166.86  171.11
 113802.469  1342.209  -245.95  189.14
 114178.897  1177.042  -438.82  215.82
 114555.340   971.580  -545.85  208.19
 114931.799   862.304  -290.30  168.64
 115308.274   810.042  -138.83  119.10
 115684.765   884.423   197.58  184.91
 116061.271  1062.548   473.15  232.38
 116437.793  1258.464   520.38  212.66
 116814.331  1375.417   310.63  153.15
 117190.884  1407.090    84.12  147.10
 117567.453  1359.906  -125.31  198.28
 117944.038  1284.423  -200.46  236.21
 118320.639  1179.709  -278.08  276.76
 118697.256  1070.952  -288.80  255.91
 119073.888   977.952  -246.95  235.17
 119450.536   886.301  -243.36  187.65
 119827.200   833.255  -140.85  121.41
 120203.880   830.066    -8.47  107.45
 120580.575   890.394   160.17  155.76
 120957.287   996.003   280.37  187.75
 121334.014  1015.375    51.43  186.14
 121710.757  1027.526    32.25  177.57
 122087.515  1017.510   -26.59  149.45
 122464.290  1047.923    80.73  170.99
 122841.080  1135.590   232.69  206.55
 123217.886  1218.836   220.95  186.30
 123594.708  1314.417   253.68  173.99
 123971.546  1407.162   246.14  180.64
 124348.400  1540.423   353.65  192.05
 124725.269  1669.090   341.44  176.75
 125102.155  1727.018   153.72  145.52
 125479.056  1744.022    45.12  152.04
 125855.973  1760.743    44.37  158.48
 126232.905  1776.889    42.84  174.83
 126609.854  1827.394   134.00  157.62
 126986.819  1931.970   277.45  166.01
 127363.799  2025.137   247.17  130.54
 127740.795  2081.328   149.06  123.67
 128117.808  2118.185    97.77  127.62
 128494.836  2127.161    23.81  132.65
 128871.879  2130.709     9.41  118.26
 129248.939  2130.923     0.57  120.60
 129626.015  2159.278    75.21  101.19
 130003.106  2179.371    53.29  103.81
 130380.214  2209.617    80.21  103.80
 130757.337  2257.045   125.78  111.00
 131133.117  2288.113    82.69  113.60
 131507.113  2343.355   147.72  115.03
 131881.125  2362.417    50.97  111.64
 132255.153  2395.464    88.36  101.95
 132629.196  2440.441   120.26  128.33
 133003.255  2480.859   108.07  127.88
 133377.329  2494.447    36.33  133.21
 133751.420  2487.947   -17.38  164.73
 134125.525  2443.209  -119.60  146.74
 134499.647  2463.375    53.91  159.30
 134873.784  2548.417   227.33  196.47
 135247.937  2679.045   349.17  224.25
 135622.105  2775.899   258.88  199.67
 135996.289  2833.813   154.79  184.70
 136370.489  2882.042   128.90  197.34
 136744.704  2936.232   144.83  191.20
 137118.935  3032.304   256.75  204.65
 137493.182  3181.813   399.54  206.40
 137867.445  3333.697   405.87  182.96
 138241.723  3440.975   286.66  149.31
 138616.017  3520.709   213.05  102.42
 138990.326  3513.510   -19.23  100.41
 139364.651  3469.617  -117.27  117.93
 139738.992  3405.826  -170.43  112.18
 140113.349  3353.256  -140.44  109.19
 140487.721  3338.994   -38.10   95.33
 140862.109  3375.092    96.43  116.32
 141236.513  3409.650    92.31  102.14
 141610.933  3398.843   -28.87  122.09
 141985.368  3309.207  -239.42  158.01
 142359.819  3185.235  -331.12  137.59
 142734.286  3088.542  -258.25  101.42
 143108.768  3034.650  -143.93   65.64
 143483.266  3027.137   -20.06   62.15
 143857.780  3058.344    83.34   73.62
 144232.310  3097.980   105.84   69.31
 144606.856  3127.753    79.50   65.31
 144981.417  3104.042   -63.31  110.27
 145355.994  3019.720  -225.14  167.21
 145730.587  2878.952  -375.83  196.70
 146105.195  2736.236  -381.02  184.19
 146479.819  2589.980  -390.45  186.80
 146854.460  2452.569  -366.83  162.01
 147229.115  2327.566  -333.69  153.53
 147603.787  2194.821  -354.34  151.47
 147978.475  2091.875  -274.79  162.85
 148353.178  1944.003  -394.69  177.07
 148727.897  1809.711  -358.42  165.24
 149102.632  1726.026  -223.35  139.32
 149477.382  1663.685  -166.37   93.81
 149852.149  1706.417   114.04  130.20
 150226.931  1827.673   323.58  157.24
 150601.729  1946.335   316.64  177.98
 150976.543  2108.776   433.45  193.22
 151351.373  2254.764   389.53  188.72
 151726.218  2362.278   286.86  161.32
 152101.080  2396.045    90.09  121.39
 152475.957  2340.399  -148.46  151.68
 152850.850  2213.859  -337.58  170.21
 153225.759  2087.877  -336.08  146.17
 153600.684  1979.707  -288.55  141.56
 153975.624  1912.110  -180.31  109.28
 154350.581  1915.137     8.07   98.27
 154725.553  1968.673   142.79  137.51
 155100.541  2074.404   282.00  177.53
 155475.545  2224.389   400.01  152.64
 155850.565  2325.038   268.42  136.42
 156225.601  2440.209   307.13  144.22
 156600.653  2536.970   258.03  149.40
 156975.720  2650.399   302.46  161.76
 157350.804  2753.470   274.83  166.61
 157725.903  2795.447   111.92  162.85
 158101.019  2771.138   -64.81  187.23
 158476.150  2744.502   -71.02  173.98
 158851.297  2754.627    26.99  159.74
 159226.460  2855.022   267.64  204.21
 159601.639  2978.494   329.15  222.33
 159976.833  3143.301   439.32  202.71
 160352.044  3219.115   202.08  138.72
 160727.271  3250.813    84.49  121.22
 161102.513  3254.518     9.88  141.71
 161477.772  3221.371   -88.34  143.50
 161853.046  3151.487  -186.25  167.92
 162228.336  3044.789  -284.35  205.94
 162603.643  2883.510  -429.79  209.59
 162978.965  2760.590  -327.55  149.00
 163354.303  2738.613   -58.56  149.29
 163729.657  2779.344   108.53  201.86
 164105.027  2872.899   249.27  199.68
 164480.413  2952.662   212.51  187.32
 164855.815  2978.580    69.05  153.20
 165231.233  2934.399  -117.70  157.22
 165606.667  2824.256  -293.42  162.29
 165982.117  2695.324  -343.45  141.38
 166357.583  2598.348  -258.32  116.41
 166733.065  2535.617  -167.09  110.71
 167108.563  2469.115  -177.13  123.73
 167484.077  2425.231  -116.88  128.48
 167859.607  2372.804  -139.63  126.64
 168235.152  2324.947  -127.45  124.43
 168610.714  2254.417  -187.82  138.20
 168986.292  2158.138  -256.39  161.61
 169361.886  2048.650  -291.55  168.20
 169737.496  1936.875  -297.62  164.72
 170113.122  1799.627  -365.44  180.55
 170488.764  1696.970  -273.32  151.19
 170864.422  1653.394  -116.02  116.54
 171240.096  1657.707    11.48  122.88
 171615.786  1748.975   242.97  204.30
 171991.492  1892.230   381.35  268.37
 172367.214  2045.975   409.26  257.39
 172742.952  2176.351   347.04  223.16
 173118.707  2301.304   332.59  183.07
 173494.477  2391.673   240.53  179.80
 173870.263  2500.882   290.66  161.36
 174246.066  2605.828   279.30  145.84
 174621.884  2691.743   228.64  108.39
 174997.719  2764.753   194.29   88.50
 175373.569  2808.899   117.47   73.36
 175749.436  2838.255    78.11   74.06
 176125.319  2893.882   148.01  127.42
 176501.217  2935.813   111.56  159.70
 176877.132  3036.580   268.10  186.81
 177253.063  3104.423   180.49  187.98
 177629.011  3143.423   103.75  197.38
 178004.974  3147.789    11.62  217.51
 178380.953  3164.018    43.17  228.52
 178756.949  3216.859   140.56  223.92
 179132.960  3215.829    -2.74  231.02
 179508.988  3215.435    -1.05  193.72
 179885.032  3215.828     1.04  173.12
 180261.092  3260.280   118.22  174.54
 180637.168  3408.709   394.74  194.45
 181013.260  3546.304   365.91  199.17
 181389.368  3753.603   551.25  221.80
 181765.493  3942.851   503.23  198.81
 182141.633  4094.324   402.76  191.09
 182517.790  4185.952   243.63  118.85
 182893.963  4171.637   -38.06  146.52
 183270.152  4097.324  -197.57  161.26
 183646.357  4066.906   -80.87  145.40
 184022.579  4081.673    39.26  166.82
 184398.816  4174.828   247.63  167.45
 184775.070  4261.882   231.41  151.89
 185151.340  4333.780   191.11  163.81
 185527.626  4387.566   142.96  173.22
 185903.928  4447.117   158.28  159.32
 186280.247  4506.404   157.57  116.01
 186656.582  4530.836    64.93   91.61
 187032.932  4550.447    52.12  100.85
 187409.300  4569.232    49.92   99.77
 187785.683  4607.650   102.09   91.09
 188162.082  4635.161    73.10  101.65
 188538.498  4655.732    54.66   78.22
 188914.930  4687.014    83.11   89.80
 189291.378  4702.208    40.37  104.50
 189667.842  4710.599    22.29   96.26
 190044.323  4695.022   -41.38  110.48
 190420.820  4650.947  -117.09  119.69
 190797.333  4594.385  -150.25   91.04
 191173.862  4589.526   -12.91   72.89
 191550.408  4619.502    79.62   66.13
 191926.970  4656.899    99.33   52.55
 192303.548  4687.470    81.20   67.99
 192680.142  4692.232    12.65  106.79
 193056.752  4682.209   -26.62  127.30
 193433.379  4656.502   -68.27  126.63
 193810.022  4671.487    39.79  112.09
 194186.682  4706.868    93.95   95.82
 194563.357  4714.776    21.00   96.81
 194940.049  4728.732    37.06   98.22
 195316.758  4704.585   -64.11  100.11
 195693.482  4683.344   -56.39   87.08
 196070.223  4699.892    43.93   86.63
 196446.980  4728.042    74.73  101.74
 196823.753  4782.328   144.10   84.86
 197200.543  4818.161    95.12   66.27
 197577.349  4853.906    94.88   64.04
 197954.171  4883.770    79.27   68.91
 198331.010  4927.301   115.54   69.61
 198707.865  4969.232   111.29   52.25
 199084.736  4992.975    63.01   43.79
 199461.624  5009.650    44.25   36.60
 199838.528  5028.585    50.25   31.58
 200215.448  5074.571   122.03   71.74
 200592.385  5135.590   161.91   82.37
 200969.338  5172.685    98.42   72.73
 201346.307  5189.278    44.02   72.09
 201723.293  5187.429    -4.91   79.27
 202100.295  5204.510    45.32   81.71
 202477.313  5237.185    86.68   95.35
 202854.348  5259.256    58.55  105.25
 203231.399  5260.510     3.33  105.51
 203608.466  5246.696   -36.64  106.33
 203985.550  5211.994   -92.04   84.42
 204362.651  5192.804   -50.90   74.62
 204739.767  5174.278   -49.13   72.07
 205116.900  5171.280    -7.95   57.13
 205494.050  5202.348    82.39   75.74
 205871.215  5217.260    39.54   89.03
 206246.580  5224.863    20.26   98.38
