# NaN NaN NaN ;Mean Elev.(m), Avg Gradient(m/km), RMS Gradient(m/km) - SRTM1     
#   71.267  -0.353   4.800 ;Mean Elev.(m), Avg Gradient(m/km), RMS Gradient(m/km) - ASTER GDEM
#   81.000  -0.585   2.205 ;Mean Elev.(m), Avg Gradient(m/km), RMS Gradient(m/km) - GMTED2010 
  8    79.685 52496.64414806 39.79  93.794941  26.830892 34.114
  8    79.521 52496.64414870 45.70  93.794091  26.834192 34.114
 14    73.853 52706.64413522 29.02  93.790879  26.827279 31.168
 14    73.508 52706.64413586 24.87  93.790019  26.830569 31.168
 16    77.520 52776.64411112 29.30  93.797467  26.830271 30.902
 16    78.598 52776.64411176 27.42  93.796617  26.833561 30.902
 18    79.203 52846.64424366 32.98  93.787974  26.827111 29.686
 18    78.957 52846.64424431 37.92  93.787124  26.830401 29.686
 19    79.069 52881.64428042 32.46  93.788534  26.826940 31.391
 19    79.089 52881.64428107 34.99  93.787684  26.830230 31.391
 20    79.214 52916.64423801 46.89  93.794981  26.830589 40.005
 20    79.208 52916.64423865 43.98  93.794131  26.833879 40.005
 22    75.167 52986.64421577 35.01  93.797813  26.828830 24.481
 22    77.132 52986.64421641 33.47  93.796963  26.832120 24.481
 22    74.725 52986.64421706 34.02  93.796109  26.835411 31.805
 23    74.405 53021.64420559 30.53  93.795843  26.830967 23.599
 23    74.138 53021.64420623 30.19  93.794983  26.834257 23.599
 26    77.021 53126.64420405 26.84  93.791932  26.827898 24.296
 26    79.411 53126.64420469 27.86  93.791082  26.831188 24.296
 29    78.534 53231.64424666 47.39  93.798215  26.828830 28.825
 29    78.614 53231.64424731 43.67  93.797365  26.832130 28.825
 29    79.016 53231.64424795 40.90  93.796515  26.835422 39.806
 30    79.314 53266.64421623 41.57  93.793581  26.828715 31.847
 30    79.951 53266.64421687 38.72  93.792731  26.832015 31.847
 32    75.015 53336.64423847 32.86  93.791339  26.828089 26.930
 32    74.242 53336.64423912 29.83  93.790489  26.831379 26.930
 33    74.606 53371.64417516 47.82  93.796132  26.830756 30.559
 33    74.479 53371.64417580 35.22  93.795272  26.834046 30.559
 34    74.387 53406.64421095 40.50  93.792058  26.827096 32.158
 34    74.366 53406.64421160 33.95  93.791208  26.830386 32.158
 35    76.349 53441.64419727 41.19  93.794339  26.829684 29.901
 35    76.109 53441.64419791 35.05  93.793489  26.832974 29.901
 39    79.737 53581.64426821 40.54  93.792217  26.828768 35.792
 39    80.038 53581.64426885 40.56  93.791367  26.832058 35.792
 43    74.945 53721.64416987 48.67  93.796933  26.829180 30.625
 43    74.959 53721.64417051 43.00  93.796073  26.832470 30.625
 44    74.860 53756.64410051 46.52  93.796010  26.829841 32.062
 44    74.671 53756.64410116 33.26  93.795150  26.833131 32.062
 46    75.495 53826.64408923 34.37  93.792519  26.829025 28.967
 46    75.172 53826.64408987 26.43  93.791669  26.832315 28.967
 48    78.594 53896.64419890 40.54  93.791337  26.828251 32.630
 48    78.491 53896.64419954 35.56  93.790487  26.831541 32.630
 52    75.147 54036.64422654 46.17  93.793061  26.827602 31.424
 52    75.010 54036.64422718 28.16  93.792211  26.830902 31.424
 54    74.411 54106.64417217 30.95  93.793504  26.829759 25.202
 54    74.251 54106.64417281 27.17  93.792654  26.833049 25.202
 56    74.439 54176.64415341 35.87  93.792651  26.827891 22.790
 56    74.264 54176.64415405 26.97  93.791801  26.831181 22.790
 57    75.183 54211.64416162 23.96  93.788911  26.827557 14.401
 57    76.279 54211.64416227 21.36  93.788061  26.830847 14.401
 60    79.578 54316.64420016 45.68  93.793508  26.829160 28.456
 60    80.141 54316.64420081 43.62  93.792658  26.832450 28.456
 61    80.485 54351.64416683 42.27  93.793932  26.828176 27.279
 61    80.437 54351.64416747 45.82  93.793082  26.831466 27.279
 65    74.151 54491.64411834 42.03  93.793542  26.828706 29.609
 65    73.964 54491.64411898 36.25  93.792692  26.831996 29.609
 67    75.926 54561.64412676 46.84  93.792917  26.828674 27.068
 67    75.681 54561.64412741 38.55  93.792067  26.831964 27.068
 69    78.887 54631.64413451 41.60  93.790358  26.827441 30.963
 69    78.851 54631.64413515 35.49  93.789508  26.830731 30.963
 70    78.880 54666.64414035 43.83  93.790126  26.826743 33.570
 70    79.172 54666.64414100 37.70  93.789276  26.830033 33.570
 71    79.654 54701.64410874 47.50  93.794862  26.829170 41.259
 71    79.894 54701.64410938 44.41  93.794002  26.832460 41.259
 79    77.043 54981.64411476 41.92  93.790026  26.827877 24.249
 79    76.789 54981.64411541 34.25  93.789176  26.831167 24.249
 81    78.887 55051.64410980 48.16  93.792857  26.827666 34.255
 81    78.915 55051.64411045 42.34  93.792007  26.830956 34.255
 83    76.133 55121.64404406 45.72  93.791254  26.828207 35.390
 83    75.962 55121.64404471 28.49  93.790404  26.831507 35.390
 85    73.550 55191.64403376 46.77  93.788799  26.827508 26.430
 85    73.243 55191.64403440 32.35  93.787949  26.830798 26.430
 89    78.979 55331.64400970 44.37  93.790071  26.826916 25.502
 89    78.909 55331.64401034 37.77  93.789211  26.830216 25.502
 92    79.532 55436.64401994 46.09  93.793734  26.828778 34.199
 92    79.570 55436.64402058 42.52  93.792884  26.832078 34.199
