# NaN NaN NaN ;Mean Elev.(m), Avg Gradient(m/km), RMS Gradient(m/km) - SRTM1     
#   13.265   0.078   2.888 ;Mean Elev.(m), Avg Gradient(m/km), RMS Gradient(m/km) - ASTER GDEM
#   23.182  -0.056   1.569 ;Mean Elev.(m), Avg Gradient(m/km), RMS Gradient(m/km) - GMTED2010 
  7  89.755116  25.745365    36.247    33.769 23 52470.65593615 34.884
  8  89.761584  25.727504    23.277    23.324 40 52505.65591419 35.756
  9  89.762251  25.731786    23.266    23.272 39 52540.65589736 40.982
 10  89.759969  25.718617    21.667    21.657 41 52575.65594146 39.759
 11  89.761796  25.730559    20.655    20.651 39 52610.65590500 47.341
 12  89.761343  25.726027    20.079    20.065 40 52645.65589281 43.524
 13  89.763140  25.756043    20.236    20.232 38 52680.65587281 40.753
 15  89.757410  25.711469    20.901    20.923 42 52750.65594161 45.553
 16  89.759398  25.717061    22.412    22.311 42 52785.65588606 48.799
 17  89.759766  25.720880    25.491    25.587 41 52820.65596126 41.028
 18  89.762493  25.728778    25.509    25.503 39 52855.65601058 50.898
 19  89.760098  25.718502    25.177    25.221 41 52890.65604144 41.736
 20  89.762392  25.731055    24.574    24.579 39 52925.65599673 50.566
 21  89.760531  25.751887    21.564    21.606 36 52960.65596821 47.526
 22  89.761279  25.725818    20.264    20.304 40 52995.65599982 47.099
 23  89.759446  25.747762    20.077    20.077 35 53030.65596729 45.630
 24  89.760152  25.748468    19.838    19.802 36 53065.65597443 45.045
 25  89.761406  25.724174    21.603    21.605 40 53100.65597293 45.848
 26  89.760585  25.751473    22.097    21.979 36 53135.65597609 30.656
 28  89.761241  25.724732    25.940    26.018 40 53205.65603809 30.577
 29  89.762078  25.751740    24.427    24.440 37 53240.65601089 26.875
 31  89.760319  25.717862    21.867    21.771 41 53310.65601754 47.788
 32  89.762639  25.732516    20.632    20.613 39 53345.65598620 45.910
 33  89.761562  25.726697    20.154    20.080 40 53380.65593937 45.015
 34  89.762236  25.751889    20.225    20.199 37 53415.65596744 46.099
 35  89.760803  25.722823    21.110    20.955 41 53450.65595732 32.969
 36  89.757511  25.711767    21.733    21.503 42 53485.65604069 16.091
 37  89.759243  25.747877    22.863    22.897 35 53520.65604235 44.632
 38  89.758540  25.714900    24.219    24.307 42 53555.65605963 28.822
 39  89.764030  25.755261    24.987    25.120 38 53590.65600828 40.360
 40  89.756843  25.708439    24.412    24.486 41 53625.65598323 31.034
 41  89.760421  25.720509    22.182    22.126 41 53660.65601141 40.419
 42  89.762460  25.731238    21.254    21.010 39 53695.65598516 48.501
 43  89.762056  25.755088    20.458    20.446 37 53730.65591251 44.928
 44  89.761397  25.750353    20.009    19.914 36 53765.65588036 45.610
 45  89.762088  25.753637    20.804    20.846 37 53800.65588468 45.984
 46  89.760588  25.724332    21.039    20.427 40 53835.65588343 36.628
 47  89.761323  25.724282    22.318    21.953 40 53870.65594175 46.581
 48  89.760584  25.721151    25.170    25.150 40 53905.65597744 49.992
 49  89.756997  25.707957    24.527    24.591 42 53940.65600657 39.732
 50  89.761982  25.727627    23.428    23.362 40 53975.65596695 30.815
 51  89.761505  25.723029    23.350    23.318 40 54010.65596531 47.811
 52  89.761507  25.751667    21.542    21.551 37 54045.65598650 46.694
 53  89.762470  25.732871    20.629    20.420 39 54080.65597583 39.766
 54  89.760626  25.748912    20.245    20.194 36 54115.65591323 46.568
 55  89.761612  25.724758    20.714    20.162 40 54150.65592374 47.040
 56  89.760060  25.750151    20.440    20.457 35 54185.65590489 47.289
 57  89.760811  25.723039    22.660    22.665 41 54220.65593272 50.286
 58  89.761663  25.728485    23.498    23.485 40 54255.65595759 49.254
 59  89.759390  25.747325    24.073    24.131 34 54290.65596303 35.843
 60  89.759316  25.749550    24.842    24.866 35 54325.65596092 31.619
 61  89.761193  25.749489    26.101    26.091 36 54360.65591358 52.216
 62  89.762326  25.730969    22.878    22.899 39 54395.65589725 43.330
 63  89.760356  25.751303    21.129    21.126 36 54430.65586377 47.846
 64  89.762392  25.729427    20.358    20.290 39 54465.65587723 44.758
 65  89.760049  25.748425    20.325    20.349 35 54500.65587571 47.449
 66  89.759303  25.747062    20.154    20.174 35 54535.65589537 47.973
 67  89.760463  25.750533    21.275    21.326 36 54570.65587896 34.506
 68  89.761589  25.728276    22.029    21.996 39 54605.65588628 37.073
 69  89.762351  25.728861    24.652    24.643 39 54640.65589571 41.893
 70  89.761660  25.726733    25.910    25.901 39 54675.65589763 49.820
 71  89.761311  25.750875    26.443    26.463 36 54710.65585839 32.262
 72  89.761491  25.727771    23.332    23.241 40 54745.65586534 44.921
 73  89.759647  25.748959    21.606    21.630 35 54780.65584210 48.022
 74  89.761557  25.728186    20.690    20.587 40 54815.65585843 47.846
 75  89.759985  25.746657    20.333    20.335 35 54850.65584046 44.693
 76  89.761200  25.726875    20.658    20.147 40 54885.65586197 46.760
 77  89.759242  25.747293    20.461    20.342 34 54920.65584167 28.554
 78  89.761327  25.723856    21.629    21.542 40 54955.65585740 48.115
 79  89.760999  25.722124    22.722    22.575 40 54990.65588046 29.649
 80  89.759625  25.747475    25.187    25.182 35 55025.65587613 50.197
 81  89.762672  25.729735    25.667    25.702 39 55060.65586673 41.728
 82  89.760200  25.748697    24.106    24.023 35 55095.65582121 29.383
 83  89.761861  25.727749    22.270    22.134 39 55130.65580822 42.584
 84  89.760009  25.747593    21.105    21.081 35 55165.65578265 47.571
 85  89.761456  25.726261    20.507    20.554 40 55200.65580018 47.518
 86  89.759308  25.747807    20.113    20.035 35 55235.65578868 46.013
 87  89.762203  25.729647    20.632    20.549 39 55270.65579489 44.149
 88  89.761298  25.750025    23.274    22.762 36 55305.65577066 30.550
 89  89.762378  25.730292    24.410    24.426 39 55340.65576668 39.449
 90  89.759527  25.747227    26.322    26.315 35 55375.65576213 49.938
 91  89.762489  25.729705    25.276    25.268 39 55410.65578131 49.038
 92  89.762684  25.732728    25.498    25.523 38 55445.65577559 43.267
 93  89.761607  25.752932    23.834    23.677 37 55480.65571301 41.340
