# NaN NaN NaN ;Mean Elev.(m), Avg Gradient(m/km), RMS Gradient(m/km) - SRTM1     
#   44.500  -1.270   2.251 ;Mean Elev.(m), Avg Gradient(m/km), RMS Gradient(m/km) - ASTER GDEM
#   56.928  -1.303   2.167 ;Mean Elev.(m), Avg Gradient(m/km), RMS Gradient(m/km) - GMTED2010 
  6  92.538300  26.595315    59.236    59.190  7 52420.17158555 42.060
  7  92.536812  26.595300    60.426    60.436  6 52455.17160966 48.381
  8  92.544914  26.593623    61.562    61.559  6 52490.17158508 46.355
  9  92.537754  26.593710    59.158    59.132  7 52525.17156383 49.243
 10  92.540424  26.596528    58.745    58.756  7 52560.17161220 45.772
 11  92.532845  26.593066    57.128    57.138  6 52595.17162014 48.607
 12  92.542944  26.584800    56.630    56.862  5 52630.17155432 34.651
 14  92.548643  26.590954    56.038    56.001  6 52700.17155435 35.169
 15  92.544093  26.593235    56.948    56.916  4 52735.17158615 40.008
 16  92.537165  26.595149    58.700    58.745  7 52770.17157300 33.192
 17  92.541852  26.593579    60.485    60.495  6 52805.17161017 47.826
 18  92.543361  26.593943    61.194    61.235  6 52840.17167126 41.108
 19  92.541777  26.595931    60.657    60.712  7 52875.17171014 37.304
 20  92.544319  26.593162    60.451    60.378  4 52910.17168155 34.657
 23  92.537099  26.594825    56.013    56.040  7 53015.17166891 45.167
 24  92.541928  26.585830    55.720    55.702  5 53050.17164490 42.097
 25  92.531429  26.594973    56.844    56.669  5 53085.17167962 21.677
 26  92.540131  26.595877    58.435    58.436  7 53120.17164907 49.067
 27  92.535631  26.595413    59.544    59.527  6 53155.17170224 44.397
 28  92.544015  26.585147    60.913    60.878  5 53190.17169443 47.527
 29  92.541975  26.593633    61.286    61.304  6 53225.17170258 44.751
 30  92.533823  26.593716    60.304    60.296  6 53260.17167735 17.557
 57  92.541636  26.593160    57.876    57.920  6 54205.17159154 49.414
 58  92.541734  26.595267    59.438    59.473  7 54240.17162472 46.874
 59  92.541163  26.594725    61.223    61.210  7 54275.17164128 46.722
 61  92.539102  26.593665    60.336    60.340  6 54345.17161854 29.446
 62  92.542264  26.593559    58.629    58.650  6 54380.17157923 50.134
 63  92.539859  26.595779    56.938    56.911  7 54415.17156684 49.704
 66  92.543079  26.593261    55.772    55.776  4 54520.17156054 48.007
 67  92.538976  26.595446    56.839    56.848  7 54555.17157309 50.159
 68  92.541349  26.594592    58.843    58.831  7 54590.17155585 49.515
 69  92.540249  26.595695    59.546    59.568  7 54625.17157274 47.516
 70  92.539006  26.595093    60.836    60.837  7 54660.17158109 44.084
 71  92.540470  26.595860    61.038    61.142  7 54695.17155949 29.846
 72  92.540888  26.587778    59.601    59.582  5 54730.17153743 32.577
 73  92.540595  26.595007    57.487    57.220  7 54765.17153854 23.008
 74  92.541784  26.593526    56.201    56.196  6 54800.17153006 49.325
 75  92.540503  26.595994    55.462    55.431  7 54835.17152926 49.993
 77  92.536565  26.595262    55.609    55.521  7 54905.17153851 36.447
 78  92.543276  26.599780    57.240    56.797  5 54940.17151749 21.673
 79  92.540738  26.595761    57.556    57.572  7 54975.17154834 43.996
 80  92.539598  26.596698    59.465    59.412  7 55010.17156030 38.861
 81  92.541882  26.596218    60.987    60.994  7 55045.17155066 49.622
 82  92.539622  26.597373    59.644    59.626  6 55080.17152573 47.150
 83  92.542152  26.593747    59.289    59.279  6 55115.17148378 49.098
 84  92.539228  26.594475    56.486    56.504  7 55150.17148308 49.158
 85  92.542063  26.593811    55.764    55.709  6 55185.17146767 43.343
 86  92.538807  26.594122    55.168    55.245  7 55220.17148128 46.020
 87  92.542883  26.593086    55.196    55.230  6 55255.17146414 39.659
 88  92.538023  26.596090    58.418    58.333  7 55290.17146968 19.525
 89  92.539691  26.597508    58.927    58.909  6 55325.17144895 43.324
 90  92.539144  26.594326    60.757    60.780  7 55360.17144746 50.386
 91  92.541926  26.595405    61.020    60.963  7 55395.17145210 34.143
 92  92.542055  26.593877    60.544    60.484  6 55430.17146260 31.680
 93  92.540037  26.596037    60.296    60.322  7 55465.17142436 38.156
