# NaN NaN NaN ;Mean Elev.(m), Avg Gradient(m/km), RMS Gradient(m/km) - SRTM1     
#   60.006  -0.364   4.362 ;Mean Elev.(m), Avg Gradient(m/km), RMS Gradient(m/km) - ASTER GDEM
#   78.570  -0.687   2.101 ;Mean Elev.(m), Avg Gradient(m/km), RMS Gradient(m/km) - GMTED2010 
  9    76.929 52531.64413090 53.00  93.789317  26.812096 37.158
  9    76.756 52531.64413155 50.58  93.788457  26.815386 37.158
 11    74.950 52601.64416372 53.01  93.791370  26.814594 34.314
 11    74.869 52601.64416436 49.18  93.790520  26.817884 34.314
 13    74.016 52671.64413383 49.40  93.793813  26.815113 38.245
 13    73.920 52671.64413447 45.69  93.792963  26.818403 38.245
 14    74.790 52706.64413264 49.49  93.794279  26.814109 31.168
 14    74.803 52706.64413328 49.30  93.793429  26.817399 31.168
 15    75.492 52741.64416501 42.73  93.792121  26.814522 26.799
 15    75.463 52741.64416566 38.60  93.791271  26.817812 26.799
 18    78.634 52846.64424108 31.73  93.791384  26.813951 29.686
 18    78.861 52846.64424173 34.77  93.790534  26.817241 29.686
 19    78.653 52881.64427784 37.72  93.791944  26.813780 31.391
 19    78.863 52881.64427849 39.15  93.791094  26.817070 31.391
 21    75.692 52951.64419568 47.87  93.796385  26.813990 23.157
 21    75.651 52951.64419633 41.33  93.795535  26.817280 23.157
 21    75.496 52951.64419697 35.42  93.794685  26.820570 23.157
 23    74.309 53021.64420366 35.09  93.798393  26.821097 23.599
 23    74.318 53021.64420430 31.83  93.797543  26.824387 23.599
 25    77.266 53091.64423033 50.09  93.789869  26.812506 28.414
 25    77.088 53091.64423098 38.49  93.789019  26.815796 28.414
 26    75.857 53126.64420147 44.34  93.795338  26.814728 32.145
 26    75.797 53126.64420211 41.43  93.794488  26.818018 32.145
 28    81.027 53196.64426319 35.83  93.795778  26.816755 30.283
 28    81.153 53196.64426383 35.53  93.794928  26.820045 30.283
 30    77.455 53266.64421365 43.38  93.796981  26.815555 31.847
 30    77.420 53266.64421429 42.52  93.796131  26.818845 31.847
 32    74.972 53336.64423590 36.12  93.794747  26.814927 30.002
 32    74.963 53336.64423654 37.55  93.793887  26.818217 30.002
 34    74.276 53406.64420837 34.16  93.795462  26.813924 28.233
 34    74.200 53406.64420902 34.59  93.794612  26.817224 28.233
 36    76.810 53476.64426270 51.33  93.788680  26.812058 32.076
 36    76.861 53476.64426334 52.87  93.787830  26.815348 32.076
 37    76.972 53511.64427627 47.03  93.794347  26.812926 32.268
 37    76.860 53511.64427692 43.26  93.793497  26.816216 32.268
 38    78.796 53546.64429394 51.04  93.790850  26.814486 31.015
 38    78.812 53546.64429459 48.31  93.790000  26.817786 31.015
 39    78.502 53581.64426563 47.36  93.795624  26.815595 37.806
 39    78.637 53581.64426628 47.23  93.794774  26.818895 37.806
 40    78.772 53616.64422094 45.59  93.794641  26.815666 33.504
 40    78.816 53616.64422158 44.25  93.793791  26.818956 33.504
 41    77.196 53651.64423640 53.62  93.793996  26.815317 35.723
 41    77.187 53651.64423704 51.01  93.793146  26.818617 35.723
 42    75.448 53686.64424137 51.79  93.790966  26.813756 40.751
 42    75.238 53686.64424202 48.26  93.790116  26.817056 40.751
 44    74.352 53756.64409858 40.22  93.798560  26.819971 32.062
 44    74.452 53756.64409922 32.81  93.797710  26.823261 32.062
 46    75.154 53826.64408665 51.63  93.795929  26.815855 35.539
 46    75.168 53826.64408729 45.21  93.795079  26.819145 35.539
 47    76.415 53861.64417541 50.62  93.790337  26.812907 35.404
 47    76.463 53861.64417606 48.95  93.789487  26.816197 35.404
 48    78.608 53896.64419632 49.65  93.794747  26.815091 32.630
 48    78.556 53896.64419697 43.84  93.793897  26.818381 32.630
 50    77.061 53966.64422159 50.72  93.790175  26.812480 37.120
 50    76.918 53966.64422223 51.96  93.789325  26.815770 37.120
 51    77.411 54001.64418455 51.17  93.793223  26.815279 38.569
 51    77.404 54001.64418519 47.15  93.792373  26.818569 38.569
 52    75.570 54036.64422396 50.08  93.796471  26.814442 31.424
 52    75.544 54036.64422460 51.29  93.795621  26.817732 31.424
 52    75.343 54036.64422525 37.65  93.794771  26.821022 31.424
 53    74.683 54071.64421836 49.96  93.796183  26.816460 28.807
 53    74.701 54071.64421900 45.12  93.795333  26.819750 28.807
 54    74.281 54106.64416959 53.50  93.796904  26.816599 25.202
 54    74.226 54106.64417023 47.43  93.796054  26.819889 25.202
 55    74.196 54141.64415246 49.61  93.792650  26.815526 35.128
 55    74.231 54141.64415310 45.49  93.791790  26.818816 35.128
 56    74.519 54176.64415083 49.19  93.796061  26.814721 22.790
 56    74.608 54176.64415148 44.05  93.795211  26.818011 22.790
 57    75.283 54211.64415904 31.06  93.792321  26.814397 14.401
 57    75.549 54211.64415969 32.98  93.791461  26.817687 14.401
 58    78.514 54246.64418913 43.18  93.793635  26.815149 22.527
 58    78.565 54246.64418977 45.96  93.792775  26.818439 22.527
 60    79.069 54316.64419758 44.10  93.796918  26.815990 28.456
 60    79.291 54316.64419823 48.07  93.796068  26.819280 28.456
 61    80.118 54351.64416425 40.11  93.797342  26.815006 27.279
 61    80.327 54351.64416489 42.21  93.796492  26.818296 27.279
 61    80.313 54351.64416554 40.69  93.795642  26.821596 27.279
 62    77.046 54386.64413639 51.59  93.795526  26.813610 33.055
 62    77.130 54386.64413703 50.83  93.794676  26.816900 33.055
 63    74.769 54421.64411364 47.83  93.796285  26.814040 30.275
 63    74.865 54421.64411429 46.62  93.795435  26.817330 30.275
 63    74.981 54421.64411493 49.71  93.794585  26.820620 30.275
 64    74.010 54456.64410985 44.21  93.793055  26.815339 25.851
 64    74.067 54456.64411049 50.96  93.792205  26.818629 25.851
 65    74.003 54491.64411576 51.28  93.796952  26.815546 29.609
 65    74.055 54491.64411641 45.20  93.796102  26.818836 29.609
 66    74.143 54526.64412261 51.17  93.795281  26.816012 27.629
 66    74.192 54526.64412325 49.04  93.794431  26.819302 27.629
 67    75.810 54561.64412419 49.03  93.796330  26.815511 31.317
 67    75.867 54561.64412483 50.01  93.795477  26.818794 27.068
 69    78.684 54631.64413193 45.90  93.793768  26.814281 30.963
 69    78.665 54631.64413258 42.03  93.792918  26.817571 30.963
 70    78.700 54666.64413777 48.93  93.793536  26.813583 33.570
 70    78.721 54666.64413842 45.51  93.792686  26.816873 33.570
 71    79.313 54701.64410680 48.78  93.797416  26.819297 33.549
 71    79.438 54701.64410745 48.81  93.796562  26.822590 41.259
 72    77.025 54736.64409836 47.87  93.792694  26.815237 31.969
 72    76.849 54736.64409901 46.63  93.791844  26.818527 31.969
 73    76.237 54771.64408612 42.12  93.797330  26.814344 35.414
 73    76.074 54771.64408676 51.34  93.796470  26.817634 35.414
 73    76.099 54771.64408741 49.57  93.795624  26.820916 31.546
 74    73.754 54806.64409125 34.81  93.792229  26.812725 26.169
 74    73.774 54806.64409189 42.94  93.791379  26.816015 26.169
 74    73.760 54806.64409254 50.22  93.790529  26.819305 26.169
 75    73.235 54841.64408299 41.98  93.795395  26.816247 26.314
 75    73.172 54841.64408364 51.41  93.794545  26.819537 26.314
 76    73.085 54876.64409340 40.08  93.792705  26.815580 24.017
 76    73.190 54876.64409405 42.84  93.791845  26.818870 24.017
 77    74.127 54911.64408771 44.62  93.795209  26.816234 26.028
 77    74.028 54911.64408835 51.37  93.794357  26.819515 25.118
 78    76.019 54946.64408583 47.43  93.792237  26.812795 23.086
 78    76.076 54946.64408647 48.20  93.791387  26.816085 23.086
 78    76.053 54946.64408712 52.27  93.790527  26.819375 23.086
 79    77.159 54981.64411218 51.37  93.793436  26.814717 24.249
 79    77.209 54981.64411283 48.39  93.792586  26.818007 24.249
 80    79.013 55016.64411207 42.33  93.795235  26.813676 26.060
 80    79.020 55016.64411271 41.54  93.794387  26.816958 25.454
 81    78.674 55051.64410722 47.32  93.796267  26.814506 34.255
 81    78.619 55051.64410787 45.00  93.795417  26.817796 34.255
 82    77.239 55086.64407163 44.90  93.797291  26.813872 33.292
 82    77.311 55086.64407228 41.62  93.796441  26.817162 33.292
 82    77.330 55086.64407292 49.33  93.795591  26.820452 33.292
 83    76.158 55121.64404149 49.58  93.794664  26.815047 35.390
 83    76.205 55121.64404213 49.59  93.793814  26.818337 35.390
 84    75.655 55156.64403139 38.39  93.795632  26.813279 24.698
 84    75.733 55156.64403203 51.07  93.794782  26.816579 24.698
 85    73.604 55191.64403118 38.71  93.792209  26.814348 26.430
 85    73.541 55191.64403183 51.08  93.791359  26.817638 26.430
 86    73.157 55226.64403292 42.56  93.794990  26.816527 18.885
 86    73.041 55226.64403357 52.11  93.794140  26.819817 18.885
 87    74.099 55261.64402618 39.95  93.795633  26.813619 16.798
 87    74.073 55261.64402682 46.20  93.794783  26.816909 16.798
 88    76.687 55296.64401738 45.31  93.797298  26.813746 25.643
 88    76.750 55296.64401802 50.53  93.796448  26.817046 25.643
 88    76.787 55296.64401867 48.39  93.795598  26.820336 25.643
 89    78.985 55331.64400712 40.91  93.793471  26.813756 25.502
 89    78.909 55331.64400776 41.02  93.792621  26.817046 25.502
 90    78.705 55366.64399998 52.00  93.795943  26.816683 34.053
 90    78.761 55366.64400062 50.49  93.795093  26.819973 34.053
 91    79.541 55401.64401345 53.34  93.792747  26.815830 35.172
 91    79.553 55401.64401409 49.11  93.791897  26.819120 35.172
 92    79.453 55436.64401736 51.55  93.797142  26.815614 36.756
 92    79.506 55436.64401800 48.76  93.796282  26.818914 36.756
