-289541.388   358.085     0.00  115.96
-289164.603   389.855    84.30  113.30
-288787.805   427.925   101.01  101.26
-288410.993   444.489    43.95   90.60
-288034.167   479.332    92.44  101.04
-287657.328   539.928   160.77   94.67
-287280.476   582.544   113.06  104.08
-286903.610   596.221    36.28  128.26
-286526.731   596.592     0.98  130.71
-286149.838   619.707    61.32  131.92
-285772.931   672.392   139.75  119.37
-285396.012   749.875   205.52  124.47
-285020.905   835.928   229.36  150.27
-284646.647   953.270   313.46  166.22
-284272.375  1018.732   174.87  147.06
-283898.090  1048.733    80.14  115.53
-283523.791  1009.432  -104.98  123.59
-283149.479   992.163   -46.13  104.75
-282775.154   945.957  -123.41  102.88
-282400.816   880.611  -174.53  128.82
-282026.464   795.377  -227.64  143.73
-281652.099   704.557  -242.55  164.79
-281277.720   569.853  -359.73  192.06
-280903.328   440.885  -344.40  186.43
-280528.923   322.578  -315.92  159.68
-280154.504   244.124  -209.49  117.12
-279780.072   258.734    39.01  138.40
-279405.627   349.782   243.10  201.42
-279031.169   488.141   369.41  166.45
-278656.696   596.350   288.90  127.68
-278282.211   678.090   218.23  108.26
-277907.712   738.538   161.38  116.73
-277533.200   807.270   183.48  128.55
-277158.675   880.002   194.16  115.73
-276784.136   923.596   116.37   90.21
-276409.583   969.572   122.72   73.58
-276035.018  1031.207   164.52  102.52
-275660.439  1103.568   193.14  115.41
-275285.846  1143.099   105.51   90.11
-274911.240  1131.877   -29.95   94.72
-274536.621  1059.382  -193.48  134.65
-274161.988   958.257  -269.87  139.21
-273787.342   862.282  -256.12  152.26
-273412.683   788.973  -195.63  156.10
-273038.010   748.687  -107.50  152.72
-272663.324   729.377   -51.52  120.33
-272288.624   699.270   -80.33  101.57
-271913.911   662.882   -97.09   90.04
-271539.184   627.099   -95.47   93.93
-271164.444   617.663   -25.18   96.03
-270789.691   632.563    39.75   86.88
-270414.924   623.901   -23.11   78.77
-270040.143   602.563   -56.92   85.02
-269665.349   558.465  -117.63   87.90
-269290.542   513.032  -121.19   82.10
-268915.722   492.115   -55.79   85.18
-268540.887   427.757  -171.66  108.25
-268166.040   364.806  -167.90  117.87
-267791.179   286.711  -208.29   94.62
-267416.304   227.968  -156.67   89.82
-267041.416   178.139  -132.89   96.35
-266666.515   126.887  -136.68   84.77
-266291.600    85.282  -110.95   63.72
-265916.671    55.026   -80.68   47.66
-265541.729    54.758    -0.71   49.30
-265166.774    70.416    41.75   64.61
-264791.805    79.295    23.67   72.99
-264416.823    92.009    33.90   77.56
-264041.827    95.013     8.01   89.37
-263666.818    87.928   -18.89   95.98
-263291.795   105.392    46.56  100.07
-262916.758   134.157    76.68  102.76
-262541.709   164.487    80.85  123.38
-262166.645   196.150    84.41  136.03
-261791.568   215.099    50.51  136.41
-261416.478   219.163    10.83  143.17
-261041.374   224.928    15.37  145.05
-260666.257   182.573  -112.89  155.46
-260291.126   150.603   -85.21  150.99
-259915.981   121.949   -76.37  124.08
-259540.823    87.282   -92.39   77.61
-259165.652    74.925   -32.93   74.82
-258790.466    75.709     2.09   66.87
-258415.268    59.367   -43.55   54.03
-258040.056    61.782     6.43   56.61
-257664.830    96.270    91.89   81.18
-257289.591   145.855   132.12  107.44
-256914.338   234.425   235.98  144.53
-256539.071   334.425   266.42  189.99
-256163.791   409.520   200.07  204.73
-255788.498   488.520   210.46  213.16
-255413.191   511.075    60.08  159.55
-255037.870   489.709   -56.92  119.96
-254662.536   482.416   -19.43  103.50
-254287.188   492.977    28.13  109.29
-253911.826   532.684   105.76  133.30
-253536.451   610.496   207.25  128.28
-253161.063   663.465   141.08   91.08
-252785.661   666.544     8.20   68.69
-252410.245   636.731   -79.40   80.34
-252034.816   555.806  -215.51   91.06
-251659.373   475.075  -214.99   96.46
-251283.916   410.615  -171.65   91.22
-250908.446   353.068  -153.24   74.90
-250532.962   322.624   -81.06   61.19
-250157.464   322.964     0.90   75.89
-249781.953   316.709   -16.65   74.88
-249406.429   298.563   -48.31   72.74
-249030.890   261.636   -98.31   76.67
-248655.339   246.551   -40.16   76.09
-248279.773   262.759    43.15  106.95
-247904.194   299.628    98.15  137.26
-247528.601   338.306   102.96  141.51
-247152.995   336.115    -5.83  125.02
-246777.374   308.232   -74.22  114.22
-246401.741   277.782   -81.05   86.33
-246026.093   283.756    15.90   81.70
-245650.432   325.163   110.20   81.98
-245274.757   345.968    55.37   62.44
-244899.069   333.441   -33.34   73.03
-244523.367   274.987  -155.56   94.04
-244147.651   235.987  -103.78   82.43
-243771.922   233.639    -6.25   78.07
-243396.179   258.425    65.95   92.61
-243020.422   297.068   102.82   85.47
-242644.652   315.734    49.67   72.32
-242268.867   319.932    11.17   66.70
-241893.070   290.425   -78.50   82.49
-241517.258   261.457   -77.07   91.07
-241141.433   250.172   -30.02   97.52
-240765.594   222.489   -73.64   96.05
-240389.741   187.855   -92.13   66.22
-240013.875   182.977   -12.98   51.12
-239637.995   196.996    37.29   46.02
-239262.101   216.172    51.00   54.24
-238886.194   209.853   -16.81   75.13
-238510.273   191.449   -48.95   83.20
-238134.338   171.550   -52.92   87.68
-237758.389   128.711  -113.93   81.20
-237382.427    94.514   -90.94   69.53
-237006.451    66.657   -74.08   58.24
-236630.461    44.733   -58.30   48.08
-236254.457    37.044   -20.45   46.05
-235878.440    22.148   -39.61   28.28
-235502.409    17.473   -12.43   23.51
-235126.364    17.007    -1.24   19.98
-234750.306    11.684   -14.15   22.02
-234374.233     5.757   -15.76   19.62
-233998.147    -0.289   -16.07   14.87
-233622.048    -4.559   -11.35   14.07
-233245.934    -8.004    -9.16   12.00
-232869.807   -11.493    -9.28    7.82
-232493.666   -12.113    -1.65    6.92
-232117.511   -13.311    -3.19    6.92
-231741.342   -14.876    -4.16    6.78
-231365.160   -14.608     0.71    7.72
-230988.963   -12.779     4.86   10.85
-230612.753    -9.297     9.25   14.10
-230236.529    -4.445    12.89   15.44
-229860.292    -1.705     7.28   14.44
-229484.040    -6.291   -12.19   12.62
-229107.775    -5.385     2.41   11.54
-228731.496    -5.628    -0.65   10.72
-228355.203    -5.900    -0.72   10.04
-227978.897    -4.141     4.67   10.26
-227602.576    -5.313    -3.11   10.47
-227226.242    -7.908    -6.89    8.26
-226849.894   -10.730    -7.50    6.06
-226473.532   -13.332    -6.91    5.53
-226097.156   -15.192    -4.94    6.38
-225720.766   -15.354    -0.43    7.11
-225344.363   -14.096     3.34    7.57
-224967.946   -12.266     4.86    6.69
-224591.515    -8.504     9.99    6.73
-224215.070    -7.090     3.76    7.14
-223838.611    -5.468     4.31    7.79
-223462.138    -3.397     5.50    6.84
-223085.652    -4.147    -1.99    6.87
-222709.151    -4.291    -0.38    6.26
-222332.637    -6.423    -5.66    7.05
-221956.109   -10.846   -11.74    6.94
-221579.567   -16.269   -14.40    6.10
-221203.011   -19.925    -9.71    4.51
-220826.441   -22.072    -5.70    3.81
-220449.857   -23.047    -2.59    2.89
-220073.260   -24.218    -3.11    2.92
-219696.649   -25.141    -2.45    2.54
-219320.023   -25.768    -1.66    2.40
-218943.384   -26.432    -1.76    2.08
-218566.731   -26.462    -0.08    2.11
-218190.064   -26.789    -0.87    2.36
-217813.383   -27.043    -0.67    2.35
-217436.688   -27.193    -0.40    2.43
-217059.980   -27.194    -0.00    2.10
-216683.257   -27.527    -0.89    1.91
-216306.520   -27.974    -1.19    1.85
-215929.770   -28.147    -0.46    2.00
-215553.006   -28.462    -0.84    2.20
-215176.227   -29.018    -1.48    2.09
-214799.435   -29.120    -0.27    2.05
-214422.629   -28.670     1.19    2.04
-214045.809   -28.432     0.63    1.80
-213668.975   -28.647    -0.57    1.95
-213292.127   -29.243    -1.58    2.24
-212915.265   -30.075    -2.21    2.52
-212538.389   -31.590    -4.02    2.02
-212161.499   -32.364    -2.05    1.49
-211784.595   -32.647    -0.75    1.35
-211407.677   -32.575     0.19    1.64
-211030.746   -32.504     0.19    1.74
-210653.800   -32.099     1.07    2.21
-210276.840   -31.559     1.43    2.27
-209902.188   -30.925     1.69    2.16
-209527.981   -30.861     0.17    2.02
-209153.761   -30.218     1.72    2.38
-208779.526   -29.818     1.07    2.34
-208405.278   -29.194     1.67    2.69
-208031.016   -28.551     1.72    2.78
-207656.741   -28.980    -1.14    2.50
-207282.451   -28.584     1.06    2.75
-206908.148   -28.753    -0.45    3.06
-206533.831   -29.075    -0.86    3.24
-206159.500   -29.376    -0.80    3.48
-205785.155   -30.718    -3.58    3.43
-205410.797   -30.768    -0.13    3.28
-205036.425   -30.551     0.58    3.10
-204662.038   -30.766    -0.57    4.20
-204287.639   -31.090    -0.87    4.25
-203913.225   -32.082    -2.65    4.00
-203538.797   -32.613    -1.42    3.69
-203164.356   -32.486     0.34    3.32
-202789.901   -32.869    -1.02    2.96
-202415.432   -33.291    -1.13    3.16
-202040.949   -32.150     3.05    3.90
-201666.453   -31.218     2.49    4.51
-201291.942   -30.813     1.08    4.28
-200917.418   -31.670    -2.29    4.29
-200542.880   -33.551    -5.02    3.65
-200168.328   -34.551    -2.67    2.35
-199793.762   -33.968     1.56    2.56
-199419.182   -33.072     2.39    2.56
-199044.589   -31.893     3.15    2.34
-198669.981   -31.706     0.50    2.46
-198295.360   -31.813    -0.29    2.51
-197920.725   -30.147     4.45    5.65
-197546.076   -28.389     4.69    6.31
-197171.413   -27.916     1.26    6.25
-196796.736   -27.291     1.67    6.06
-196422.046   -29.318    -5.41    4.86
-196047.341   -30.730    -3.77    3.87
-195672.623   -30.567     0.44    4.35
-195297.891   -31.316    -2.00    4.33
-194923.144   -32.623    -3.49    4.08
-194548.384   -33.194    -1.52    3.25
-194173.610   -32.893     0.80    3.30
-193798.823   -32.608     0.76    3.35
-193424.021   -32.647    -0.10    3.09
-193049.205   -32.145     1.34    3.05
-192674.376   -32.072     0.20    3.08
-192299.532   -32.242    -0.46    2.52
-191924.675   -32.418    -0.47    2.88
-191549.803   -32.504    -0.23    2.89
-191174.918   -33.603    -2.93    3.12
-190800.019   -34.885    -3.42    2.59
-190425.106   -35.718    -2.22    2.02
-190050.179   -35.520     0.53    2.60
-189675.238   -34.148     3.66    4.47
-189300.283   -32.297     4.94    5.83
-188925.314   -30.513     4.76    6.52
-188550.331   -27.418     8.25    8.42
-188175.334   -23.916     9.34    9.08
-187800.323   -20.218     9.86   10.71
-187425.299   -16.372    10.25   11.03
-187050.260   -17.832    -3.89   10.64
-186675.207   -20.628    -7.46   10.20
-186300.141   -23.072    -6.51    9.31
-185925.060   -25.364    -6.11    4.87
-185549.965   -24.047     3.51    5.95
-185174.857   -20.536     9.36    8.16
-184799.734   -16.192    11.58   10.26
-184424.598    -9.504    17.83   15.68
-184049.447    -0.125    25.00   18.50
-183674.283     0.197     0.86   19.03
-183299.104    -4.099   -11.45   21.40
-182923.912   -13.269   -24.44   17.98
-182548.705   -17.456   -11.16   14.89
-182173.485   -13.706     9.99   17.52
-181798.250    -0.670    34.73   22.01
-181423.002    12.221    34.35   23.04
-181047.739    14.592     6.32   22.63
-180672.463    16.465     4.99   24.84
-180297.172     9.092   -19.64   25.76
-179921.867     8.221    -2.32   22.32
-179546.549    15.377    19.06   24.33
-179171.216    36.353    55.88   43.47
-178795.869    55.922    52.13   40.14
-178420.508    74.711    50.05   44.06
-178045.134    95.115    54.35   36.74
-177669.745   114.032    50.39   50.03
-177294.342   173.611   158.69   77.35
-176918.925   223.020   131.59   84.23
-176543.494   290.806   180.53   94.52
-176168.049   389.425   262.63  133.83
-175792.590   483.449   250.39  146.71
-175417.116   592.441   290.24  128.99
-175041.629   686.977   251.74   94.74
-174666.128   751.592   172.05  104.24
-174290.612   825.148   195.85  110.11
-173915.083   857.026    84.88   98.87
-173539.539   844.855   -32.40  110.17
-173163.981   766.332  -209.06  137.82
-172788.409   693.643  -193.52  146.68
-172412.824   594.357  -264.31  118.62
-172037.224   534.282  -159.92  100.64
-171661.609   470.068  -170.93  101.09
-171285.981   405.075  -173.00  100.30
-170910.339   362.247  -114.00  108.19
-170534.682   331.962   -80.61  104.13
-170159.012   291.009  -109.00  106.69
-169783.327   240.353  -134.82  110.61
-169407.628   200.663  -105.63  120.39
-169031.915   161.177  -105.08  101.44
-168656.188   125.072   -96.08   81.47
-168280.447   107.282   -47.34   74.22
-167904.692    91.557   -41.84   52.75
-167528.922   105.224    36.37   67.44
-167153.139   106.949     4.59   67.35
-166777.341   102.244   -12.52   68.03
-166401.529    85.646   -44.16   63.62
-166025.703    69.013   -44.25   34.81
-165649.863    83.489    38.51   45.67
-165274.008   114.544    82.61   54.60
-164898.140   150.367    95.30   53.02
-164522.257   210.168   159.07   76.79
-164146.360   265.124   146.18   97.84
-163770.449   350.401   226.82  135.83
-163394.524   459.619   290.49  132.50
-163018.584   557.245   259.65  116.41
-162642.631   619.224   164.84  106.11
-162266.663   674.038   145.78  103.77
-161890.681   750.353   202.95  131.86
-161514.685   821.353   188.81  140.13
-161138.674   896.949   201.02  127.14
-160762.650   958.925   164.80  111.71
-160386.611  1020.557   163.88  112.53
-160010.558  1090.172   185.10  140.05
-159634.491  1169.857   211.86  159.15
-159258.409  1291.099   322.34  149.99
-158882.313  1377.733   230.32   88.37
-158506.204  1397.949    53.74   59.36
-158130.079  1384.002   -37.08   65.40
-157753.941  1339.353  -118.69   85.29
-157377.788  1307.099   -85.74   84.38
-157001.622  1261.996  -119.89   76.20
-156625.441  1221.520  -107.58   72.72
-156249.245  1185.282   -96.32   65.23
-155873.036  1153.294   -85.02   53.08
-155496.812  1135.684   -46.80   49.15
-155120.574  1147.207    30.62   63.02
-154744.321  1171.660    64.98   61.20
-154368.055  1182.131    27.82   50.76
-153991.774  1159.465   -60.23   74.33
-153615.479  1115.663  -116.39   81.81
-153239.169  1075.496  -106.73   68.13
-152862.846  1081.709    16.51   66.82
-152486.508  1121.711   106.28   70.97
-152110.156  1165.949   117.53   57.80
-151733.789  1189.636    62.93   44.56
-151357.408  1194.733    13.54   54.14
-150981.013  1170.660   -63.95   59.66
-150604.604  1127.107  -115.69   58.17
-150228.180  1104.020   -61.32   75.50
-149851.742  1085.245   -49.87   81.01
-149475.290  1073.425   -31.40  100.91
-149098.823  1056.187   -45.78   99.65
-148722.342  1019.282   -98.01   83.44
-148345.847   992.330   -71.58   64.17
-147969.337   986.936   -14.32   56.50
-147592.813  1021.663    92.22   76.07
-147216.275  1070.306   129.17   73.40
-146839.722  1102.643    85.87   49.39
-146463.155  1097.068   -14.80   50.81
-146086.574  1082.064   -39.84   47.51
-145709.979  1079.850    -5.88   48.02
-145333.369  1086.270    17.04   44.84
-144956.744  1097.201    29.02   29.96
-144580.106  1090.211   -18.56   26.74
-144203.453  1065.729   -64.99   42.30
-143826.785  1003.305  -165.71   89.01
-143450.104   938.257  -172.67   94.73
-143073.408   897.211  -108.95   72.09
-142696.697   904.592    19.59   71.29
-142319.972   938.628    90.34   79.82
-141943.233   984.987   123.04   71.56
-141566.479  1036.731   137.33   41.53
-141189.711  1058.163    56.88   29.71
-140812.929  1065.473    19.40   31.97
-140436.132  1068.885     9.05   28.25
-140059.321  1057.850   -29.28   27.11
-139682.496  1038.966   -50.11   30.26
-139305.656  1016.782   -58.86   35.40
-138928.801   998.550   -48.38   31.49
-138551.933   980.563   -47.72   36.36
-138175.049   964.782   -41.87   45.60
-137798.152   957.650   -18.92   51.26
-137421.240   943.712   -36.98   55.72
-137044.313   931.131   -33.38   56.78
-136667.372   934.449     8.80   39.74
-136290.417   907.805   -70.67   46.95
-135913.447   881.885   -68.75   62.88
-135536.463   857.108   -65.72   70.03
-135159.465   826.401   -81.44   69.71
-134785.276   808.258   -48.48   71.11
-134411.120   790.425   -47.66   58.64
-134036.950   785.172   -14.04   50.96
-133662.765   760.061   -67.10   46.68
-133288.566   741.432   -49.78   42.97
-132914.353   757.148    41.99   47.13
-132540.126   773.139    42.73   57.84
-132165.885   791.075    47.92   53.76
-131791.629   810.925    53.03   47.14
-131417.359   830.015    51.00   50.73
-131043.075   838.953    23.88   49.25
-130668.777   850.806    31.66   43.92
-130294.464   863.387    33.61   40.33
-129920.138   870.901    20.07   39.38
-129545.796   876.805    15.77   33.61
-129171.441   878.115     3.50   41.94
-128797.071   858.092   -53.48   62.16
-128422.687   832.977   -67.08   72.04
-128048.289   816.319   -44.49   70.03
-127673.877   800.099   -43.32   55.02
-127299.450   793.002   -18.95   45.14
-126925.009   793.928     2.47   38.43
-126550.554   782.592   -30.27   31.06
-126176.084   769.925   -33.82   28.27
-125801.600   745.139   -66.18   35.00
-125427.102   714.962   -80.57   46.87
-125052.589   684.317   -81.82   55.50
-124678.062   640.758  -116.29   44.12
-124303.521   616.377   -65.09   26.68
-123928.966   600.996   -41.06   17.57
-123554.396   590.256   -28.67   17.20
-123179.812   580.191   -26.87   17.04
-122805.214   576.064   -11.02   15.56
-122430.601   571.687   -11.68   15.10
-122055.974   567.852   -10.24   15.57
-121681.332   565.449    -6.41   15.78
-121306.677   561.555   -10.39   10.81
-120932.007   561.124    -1.15    8.89
-120557.322   563.259     5.70   10.16
-120182.623   559.831    -9.15   12.62
-119807.910   555.922   -10.43   13.49
-119433.183   548.877   -18.80   10.16
-119058.441   544.141   -12.64    2.08
-118683.685   543.782    -0.96    0.00
-118308.914   543.782     0.00    0.00
-117934.129   543.806     0.07    0.16
-117559.330   546.639     7.56    7.09
-117184.516   554.172    20.10   14.58
-116809.688   566.487    32.85   20.68
-116434.846   582.090    41.62   23.17
-116059.989   592.949    28.97   23.22
-115685.118   601.480    22.76   24.34
-115310.232   610.139    23.10   22.79
-114935.332   621.734    30.93   24.31
-114560.418   631.757    26.73   21.32
-114185.489   640.449    23.18   15.71
-113810.546   642.582     5.69   16.20
-113435.588   641.319    -3.37   12.57
-113060.616   635.319   -16.00   14.66
-112685.630   624.758   -28.16   17.62
-112310.629   612.367   -33.04   19.67
-111935.614   602.433   -26.49   15.12
-111560.584   577.377   -66.80   45.61
-111185.540   534.782  -113.56   73.29
-110810.481   488.282  -123.97   83.20
-110435.408   457.154   -82.98   71.84
-110060.321   455.968    -3.16   76.77
-109685.219   454.901    -2.84   77.85
-109310.103   479.682    66.06   83.90
-108934.972   524.392   119.17   58.50
-108559.827   551.108    71.21   47.58
-108184.667   572.639    57.39   24.93
-107809.493   585.758    34.96   19.76
-107434.304   594.473    23.22   17.56
-107059.101   601.319    18.24   14.03
-106683.883   607.907    17.56   14.47
-106308.651   611.563     9.74   16.58
-105933.405   607.007   -12.14   19.69
-105558.144   602.425   -12.21   19.95
-105182.868   598.449   -10.59   17.42
-104807.578   600.782     6.22   18.87
-104432.274   610.353    25.50   20.78
-104056.955   619.295    23.82   27.32
-103681.621   631.214    31.75   31.85
-103306.273   649.831    49.60   27.97
-102930.911   658.224    22.36   21.12
-102555.534   665.611    19.68   20.42
-102180.142   666.414     2.14   23.91
-101804.736   665.350    -2.83   24.29
-101429.315   668.500     8.39   25.41
-101053.880   676.139    20.35   24.92
-100678.431   682.734    17.56   19.25
-100302.967   682.756     0.06   18.29
 -99927.488   673.464   -24.75   23.30
 -99551.995   657.397   -42.78   23.56
 -99176.487   645.996   -30.36   16.02
 -98800.964   637.068   -23.77   15.03
 -98425.428   627.709   -24.92   17.83
 -98049.876   616.691   -29.34   25.55
 -97674.310   600.466   -43.20   27.39
 -97298.730   577.305   -61.66   28.27
 -96923.134   554.392   -61.00   26.67
 -96547.525   534.131   -53.94   33.95
 -96171.901   493.687  -107.66   59.83
 -95796.262   463.551   -80.22   53.73
 -95420.608   455.691   -20.92   50.84
 -95044.940   455.308    -1.02   48.44
 -94669.258   440.353   -39.80   49.78
 -94293.560   424.377   -42.52   45.21
 -93917.849   410.953   -35.73   43.73
 -93542.122   388.328   -60.21   43.10
 -93166.381   373.603   -39.19   40.39
 -92790.626   371.496    -5.60   45.05
 -92414.856   383.875    32.94   60.69
 -92039.071   424.806   108.91   67.18
 -91663.271   464.115   104.59   60.76
 -91287.457   499.882    95.16   53.41
 -90911.629   526.449    70.68   36.10
 -90535.785   534.855    22.37   26.86
 -90159.928   536.949     5.57   18.23
 -89784.055   535.877    -2.85   20.69
 -89408.168   527.711   -21.72   26.88
 -89032.266   508.392   -51.39   38.05
 -88656.350   502.520   -15.62   39.48
 -88280.418   494.520   -21.28   45.20
 -87904.473   470.044   -65.10   61.26
 -87528.512   430.853  -104.23   92.78
 -87152.537   386.600  -117.69   89.46
 -86776.548   368.317   -48.62   75.40
 -86400.543   376.489    21.73   73.80
 -86024.524   425.457   130.22   76.35
 -85648.490   437.636    32.38   64.61
 -85272.442   429.061   -22.80   63.70
 -84896.379   414.550   -38.59   54.51
 -84520.301   417.687     8.34   58.72
 -84144.209   451.132    88.92   62.69
 -83768.101   459.449    22.11   57.28
 -83391.980   446.759   -33.74   48.22
 -83015.843   433.139   -36.21   38.67
 -82639.692   406.925   -69.69   25.69
 -82263.526   388.020   -50.25   28.94
 -81887.345   370.877   -45.57   29.47
 -81511.150   357.197   -36.36   25.54
 -81134.940   342.880   -38.05   33.10
 -80758.715   329.449   -35.70   40.13
 -80382.476   328.877    -1.52   40.75
 -80006.221   335.330    17.15   48.32
 -79629.952   350.050    39.12   47.13
 -79253.669   365.020    39.78   34.69
 -78877.370   360.807   -11.20   33.20
 -78501.057   349.330   -30.50   28.03
 -78124.729   346.465    -7.61   24.62
 -77748.386   358.968    33.22   46.06
 -77372.029   380.044    56.00   49.84
 -76995.657   400.141    53.39   43.96
 -76619.270   403.418     8.71   41.23
 -76242.868   384.489   -50.29   32.74
 -75866.452   372.925   -30.72   27.16
 -75490.021   365.853   -18.78   19.08
 -75113.575   372.182    16.81   20.19
 -74737.114   375.805     9.62   20.65
 -74360.638   377.936     5.66   21.72
 -73984.148   372.853   -13.50   20.40
 -73607.643   367.503   -14.21   19.00
 -73231.123   362.928   -12.15   18.16
 -72854.588   360.237    -7.15   16.19
 -72478.039   350.038   -27.08   16.64
 -72101.474   340.363   -25.69   18.92
 -71724.895   332.615   -20.57   16.93
 -71348.301   324.875   -20.55   20.33
 -70971.693   321.987    -7.67   23.87
 -70595.069   319.098    -7.67   29.92
 -70218.431   316.373    -7.23   35.83
 -69841.777   311.407   -13.18   43.08
 -69465.109   297.991   -35.61   58.51
 -69088.427   260.330   -99.98   94.36
 -68711.729   211.628  -129.28  111.45
 -68335.016   150.282  -162.84  105.94
 -67958.289    92.833  -152.49   73.14
 -67581.547    60.258   -86.46   53.10
 -67204.790    34.020   -69.64   30.49
 -66828.018    20.731   -35.27   10.22
 -66451.231    18.305    -6.44    5.05
 -66074.430    22.731    11.75   11.18
 -65697.613    30.258    19.98   15.88
 -65320.782    32.410     5.71   16.27
 -64943.935    30.082    -6.18   16.42
 -64567.074    23.532   -17.38   11.90
 -64190.198    17.045   -17.21    4.04
 -63813.308    15.387    -4.40    3.61
 -63436.402    13.922    -3.89    3.46
 -63059.481    12.806    -2.96    2.49
 -62682.546    17.487    12.42   11.35
 -62305.595    39.423    58.19   47.78
 -61928.630    97.350   153.66   88.22
 -61551.650   153.711   149.50   86.43
 -61174.655   198.898   119.86   62.68
 -60797.645   203.639    12.57   52.59
 -60420.620   172.141   -83.54   82.72
 -60043.955   118.509  -142.38   88.96
 -59669.862    73.607  -120.02   69.58
 -59295.755    51.949   -57.89   45.40
 -58921.633    53.615     4.45   52.78
 -58547.496    62.880    24.76   53.44
 -58173.345    75.131    32.74   46.15
 -57799.179    82.332    19.25   36.37
 -57424.999   102.187    53.06   36.54
 -57050.803   127.245    66.96   37.86
 -56676.593   146.433    51.27   37.11
 -56302.369   160.711    38.15   29.07
 -55928.129   169.496    23.48   29.86
 -55553.875   177.068    20.23   27.85
 -55179.606   179.639     6.87   22.46
 -54805.322   179.270    -0.99   20.97
 -54431.024   169.526   -26.03   24.32
 -54056.711   147.996   -57.52   39.63
 -53682.383   118.898   -77.73   51.10
 -53308.041    98.875   -53.49   45.50
 -52933.684    91.639   -19.33   36.21
 -52559.312   102.928    30.15   36.82
 -52184.925   125.563    60.45   23.73
 -51810.523   124.573    -2.64   30.97
 -51436.107   111.853   -33.97   42.36
 -51061.676    83.163   -76.62   51.71
 -50687.230    55.282   -74.46   46.77
 -50312.770    30.343   -66.60   36.80
 -49938.295    17.282   -34.88   24.55
 -49563.805     8.211   -24.22    8.45
 -49189.300     6.082    -5.68    2.95
 -48814.780     5.615    -1.25    2.52
 -48440.246     5.473    -0.38    1.84
 -48065.697     4.852    -1.66    1.78
 -47691.133     4.092    -2.03    1.92
 -47316.554     3.703    -1.04    2.10
 -46941.961     3.555    -0.40    2.24
 -46567.352     3.831     0.74    2.19
 -46192.729     3.855     0.07    2.03
 -45818.091     3.711    -0.39    1.94
 -45443.438     3.507    -0.54    1.88
 -45068.771     3.237    -0.72    1.73
 -44694.088     3.090    -0.39    1.58
 -44319.391     3.108     0.05    1.60
 -43944.679     3.456     0.93    1.76
 -43569.952     3.663     0.55    1.76
 -43195.211     3.850     0.50    1.86
 -42820.454     4.256     1.08    2.30
 -42445.683     3.941    -0.84    2.37
 -42070.897     3.654    -0.77    2.43
 -41696.096     3.270    -1.02    1.99
 -41321.280     3.020    -0.67    1.59
 -40946.449     2.808    -0.57    1.11
 -40571.603     3.691     2.36    2.18
 -40196.743     4.019     0.87    2.69
 -39821.868     5.099     2.88    2.93
 -39446.978     5.666     1.51    3.18
 -39072.072     5.473    -0.52    3.44
 -38697.153     5.373    -0.27    2.90
 -38322.218     4.551    -2.19    2.80
 -37947.268     4.258    -0.78    1.93
 -37572.304     4.639     1.02    1.98
 -37197.324     5.544     2.41    2.78
 -36822.330     6.687     3.05    2.90
 -36447.320     7.709     2.73    3.26
 -36072.296     8.568     2.29    3.15
 -35697.257     8.007    -1.50    3.46
 -35322.203     7.416    -1.58    3.77
 -34947.134     5.711    -4.55    3.12
 -34572.051     4.473    -3.30    2.48
 -34196.952     3.925    -1.46    1.95
 -33821.838     3.829    -0.26    1.77
 -33446.710     3.973     0.38    2.07
 -33071.566     4.996     2.73    2.79
 -32696.408     5.689     1.85    2.71
 -32321.235     7.115     3.80    2.76
 -31946.046     7.968     2.27    2.60
 -31570.843     8.387     1.12    2.85
 -31195.625     7.875    -1.36    3.29
 -30820.392     6.782    -2.91    3.58
 -30445.144     5.306    -3.93    3.45
 -30069.881     4.177    -3.01    2.56
 -29694.603     4.247     0.19    2.38
 -29319.310     4.433     0.50    2.65
 -28944.002     4.503     0.19    2.94
 -28568.679     3.853    -1.73    2.72
 -28193.341     3.245    -1.62    2.23
 -27817.988     2.968    -0.74    1.71
 -27442.620     3.496     1.41    2.29
 -27067.238     3.663     0.44    2.36
 -26691.840     3.736     0.19    2.19
 -26316.427     4.075     0.90    2.29
 -25940.999     4.157     0.22    1.98
 -25565.556     4.258     0.27    1.73
 -25190.099     3.684    -1.53    1.77
 -24814.626     3.115    -1.52    1.46
 -24439.138     2.425    -1.84    1.01
 -24063.635     2.615     0.51    1.32
 -23688.117     2.377    -0.63    1.82
 -23312.584     2.449     0.19    1.91
 -22937.036     2.480     0.08    2.25
 -22561.474     2.636     0.42    2.33
 -22185.896     3.131     1.32    2.02
 -21810.303     3.568     1.16    1.99
 -21434.694     3.387    -0.48    1.64
 -21059.071     3.282    -0.28    1.41
 -20683.433     3.587     0.81    1.63
 -20307.780     3.587     0.00    1.85
 -19932.112     3.596     0.02    1.67
 -19556.428     3.684     0.24    1.59
 -19180.730     3.623    -0.16    1.36
 -18805.017     3.731     0.29    1.26
 -18429.288     3.759     0.07    1.42
 -18053.544     3.456    -0.80    1.44
 -17677.786     3.945     1.30    1.85
 -17302.012     3.828    -0.31    1.92
 -16926.223     4.545     1.91    2.31
 -16550.419     5.009     1.23    2.44
 -16174.600     4.682    -0.87    2.47
 -15798.766     3.623    -2.82    2.35
 -15422.917     3.234    -1.03    2.13
 -15047.053     2.679    -1.48    2.02
 -14671.173     2.578    -0.27    1.79
 -14295.279     2.628     0.13    1.76
 -13919.369     2.306    -0.86    1.33
 -13543.444     2.643     0.90    1.57
 -13167.504     3.232     1.57    1.95
 -12791.549     3.578     0.92    1.85
 -12415.579     4.124     1.45    2.02
 -12039.594     3.714    -1.09    2.06
 -11663.593     3.666    -0.13    2.10
 -11287.578     4.712     2.78    3.20
 -10911.547     6.689     5.26    4.23
 -10535.501     8.346     4.41    3.80
 -10159.440     8.896     1.46    3.20
  -9783.364     7.758    -3.03    3.02
  -9407.273     6.711    -2.78    2.57
  -9031.166     6.684    -0.07    2.32
  -8655.045     7.294     1.62    2.54
  -8278.908     7.305     0.03    2.54
  -7902.756     6.707    -1.59    3.13
  -7526.589     5.441    -3.37    2.65
  -7150.406     4.224    -3.23    1.93
  -6774.209     4.075    -0.40    1.63
  -6397.996     4.550     1.26    1.48
  -6021.768     4.449    -0.27    1.71
  -5645.525     3.425    -2.72    2.87
  -5269.267     2.473    -2.53    2.84
  -4892.993     1.949    -1.39    2.71
  -4516.704     2.520     1.52    2.68
  -4140.400     3.032     1.36    2.20
  -3764.081     3.340     0.82    2.25
  -3387.747     3.507     0.44    2.08
  -3011.397     3.416    -0.24    2.22
  -2635.032     3.211    -0.55    2.31
  -2258.652     3.211     0.00    2.21
  -1882.257     3.401     0.51    2.24
  -1505.846     4.282     2.34    2.21
  -1129.421     3.526    -2.01    3.06
   -752.980     1.377    -5.71    4.00
   -376.523    -0.575    -5.19    3.71
     -0.052    -2.633    -5.47    1.88
    376.435    -2.985    -0.94    1.11
    752.937    -2.147     2.23    2.23
   1129.454    -0.551     4.24    3.29
   1505.987     0.805     3.60    3.27
   1882.535     2.211     3.73    3.39
   2259.098     3.596     3.68    3.16
   2635.676     5.092     3.97    2.84
   3012.270     6.270     3.13    2.10
   3388.879     6.615     0.92    1.91
   3765.503     6.211    -1.07    1.95
   4142.143     6.131    -0.21    1.40
   4518.797     6.055    -0.20    1.25
   4895.467     5.712    -0.91    1.30
   5272.153     5.211    -1.33    1.80
   5648.854     4.587    -1.66    1.81
   6025.570     4.568    -0.05    1.87
   6402.301     4.433    -0.36    1.90
   6779.048     4.294    -0.37    1.67
   7155.810     4.026    -0.71    1.56
   7532.587     5.880     4.92    4.71
   7909.380     9.568     9.79    6.03
   8286.188    13.270     9.83    5.48
   8663.011    16.191     7.75    3.48
   9039.850    17.108     2.43    2.74
   9416.704    17.464     0.95    2.81
   9793.573    17.782     0.84    2.68
  10170.458    18.666     2.34    2.21
  10547.358    19.363     1.85    2.35
  10924.274    19.503     0.37    2.23
  11301.204    20.154     1.73    2.07
  11678.151    20.619     1.23    2.27
  12055.112    21.377     2.01    1.96
  12432.089    22.020     1.71    2.08
  12809.081    22.619     1.59    2.20
  13186.089    23.456     2.22    2.33
  13563.112    24.615     3.07    2.67
  13940.151    25.830     3.22    2.25
  14317.205    26.758     2.46    2.26
  14694.274    27.131     0.99    2.31
  15070.550    27.666     1.42    2.45
  15444.591    28.258     1.58    2.22
  15818.647    28.464     0.55    1.86
  16192.718    28.806     0.91    1.79
  16566.804    29.806     2.67    2.63
  16940.905    30.925     2.99    3.23
  17315.022    31.557     1.69    3.39
  17689.154    31.806     0.67    3.56
  18063.301    32.139     0.89    3.26
  18437.463    32.270     0.35    3.03
  18811.640    32.758     1.30    3.06
  19185.832    33.423     1.78    3.31
  19560.040    33.668     0.66    3.24
  19934.263    34.392     1.93    3.17
  20308.501    34.392     0.00    3.29
  20682.754    34.666     0.73    2.38
  21057.022    35.855     3.18    2.74
  21431.306    36.509     1.75    2.73
  21805.604    37.115     1.62    2.74
  22179.918    38.396     3.42    2.55
  22554.247    39.131     1.96    2.28
  22928.592    39.852     1.93    2.15
  23302.951    41.258     3.76    2.19
  23677.326    42.474     3.25    2.51
  24051.716    43.237     2.04    2.43
  24426.122    44.321     2.90    2.09
  24800.542    44.592     0.72    1.60
  25174.978    44.759     0.45    1.61
  25549.429    45.507     2.00    1.91
  25923.895    46.759     3.34    2.27
  26298.377    47.545     2.10    2.40
  26672.873    48.509     2.57    2.42
  27047.385    49.712     3.21    2.18
  27421.913    50.526     2.17    2.28
  27796.455    52.294     4.72    2.45
  28171.013    53.423     3.02    2.92
  28545.586    53.828     1.08    2.81
  28920.174    54.632     2.15    2.76
  29294.778    56.115     3.96    2.87
  29669.397    56.852     1.97    2.72
  30044.031    58.563     4.57    2.64
  30418.681    60.410     4.93    2.25
  30793.345    61.882     3.93    2.04
  31168.025    63.282     3.74    2.37
  31542.721    64.880     4.26    2.66
  31917.431    67.068     5.84    2.77
  32292.157    69.592     6.74    3.58
  32666.899    71.258     4.45    3.81
  33041.655    74.568     8.83    4.97
  33416.427    77.520     7.88    4.55
  33791.214    79.639     5.65    4.08
  34166.017    81.078     3.84    3.97
  34540.835    81.973     2.39    4.02
  34915.668    82.234     0.70    4.73
  35290.517    84.084     4.94    5.75
  35665.381    86.425     6.24    6.07
  36040.260    87.806     3.68    7.31
  36415.155    89.852     5.46    7.64
  36790.065    92.108     6.02    6.85
  37164.990    94.084     5.27    6.86
  37539.931    97.015     7.82    6.89
  37914.887    99.387     6.33    7.12
  38289.858   101.925     6.77    6.72
  38664.845   104.568     7.05    5.85
  39039.847   106.425     4.95    5.71
  39414.864   109.805     9.01    6.14
  39789.897   114.294    11.97    6.20
  40164.946   118.830    12.09    7.18
  40540.009   124.294    14.57    7.42
  40915.088   129.968    15.13    8.92
  41290.183   136.615    17.72    9.19
  41665.293   142.544    15.81   10.12
  42040.418   149.711    19.11   10.09
  42415.559   156.639    18.47   11.24
  42790.715   173.550    45.08   26.92
  43165.887   190.977    46.45   31.75
  43541.073   222.615    84.33   49.49
  43916.276   253.758    83.00   42.74
  44291.494   275.830    58.83   38.71
  44666.727   300.163    64.85   40.03
  45041.976   317.224    45.47   46.84
  45417.240   350.734    89.30   55.57
  45792.519   372.332    57.55   46.84
  46167.814   396.668    64.85   39.61
  46543.125   426.611    79.78   46.20
  46918.451   452.973    70.24   55.59
  47293.792   504.317   136.80   78.54
  47669.149   561.639   152.72   79.61
  48044.521   629.600   181.06  103.03
  48419.909   710.372   215.18  111.27
  48795.312   799.896   238.48  132.16
  49170.731   939.425   371.68  158.92
  49546.165  1071.852   352.74  177.15
  49921.615  1230.224   421.84  202.67
  50297.080  1359.098   343.25  155.39
  50672.561  1428.737   185.47  146.61
  51048.057  1481.907   141.61  118.04
  51423.568  1491.904    26.62  135.83
  51799.096  1508.282    43.62  176.77
  52174.638  1518.657    27.63  183.80
  52550.196  1535.009    43.54  148.58
  52925.770  1568.628    89.52  107.72
  53301.359  1560.418   -21.86  116.76
  53676.964  1542.968   -46.46  114.26
  54052.584  1571.387    75.66  161.94
  54428.220  1588.578    45.77  202.46
  54803.871  1617.782    77.75  224.17
  55179.538  1700.759   220.89  212.88
  55555.221  1818.307   312.91  168.26
  55930.919  1863.305   119.78  159.37
  56306.632  1917.573   144.45  211.64
  56682.361  1907.244   -27.49  247.32
  57058.106  1879.282   -74.42  242.53
  57433.866  1882.098     7.49  210.18
  57809.642  1900.020    47.70  172.76
  58185.433  1965.084   173.15  165.19
  58561.240  2054.224   237.21  191.71
  58937.062  2182.396   341.06  226.27
  59312.900  2310.577   341.07  270.67
  59688.754  2473.214   432.73  316.27
  60064.623  2644.973   456.99  247.59
  60440.508  2742.968   260.72   75.46
  60816.408  2726.015   -45.10   86.53
  61192.324  2679.756  -123.06   95.71
  61568.256  2599.191  -214.32   96.56
  61944.203  2532.859  -176.45   93.62
  62320.166  2456.282  -203.69  110.90
  62696.144  2374.177  -218.39  137.11
  63072.138  2286.563  -233.03  136.33
  63448.148  2203.896  -219.86  109.25
  63824.173  2160.141  -116.37   86.18
  64200.214  2139.555   -54.75   80.15
  64576.270  2155.270    41.79   96.40
  64952.343  2186.044    81.83  108.53
  65328.430  2240.639   145.17  116.99
  65704.534  2261.474    55.40  100.33
  66080.653  2213.873  -126.57  122.56
  66456.788  2161.582  -139.03  125.46
  66832.938  2086.020  -200.89  101.90
  67209.104  2052.712   -88.55  105.70
  67585.286  2028.319   -64.85  114.42
  67961.483  2010.123   -48.37  116.73
  68337.696  2006.758    -8.95  103.78
  68713.925  2018.163    30.32  113.66
  69090.170  2056.294   101.35  147.66
  69466.430  2154.973   262.28  180.13
  69842.705  2289.592   357.79  219.73
  70218.997  2399.357   291.72  226.17
  70595.304  2482.247   220.29  199.63
  70971.627  2540.928   155.94  132.87
  71347.966  2531.449   -25.19  143.04
  71724.320  2467.211  -170.70  162.27
  72100.690  2415.343  -137.82  168.31
  72477.076  2335.363  -212.51  198.97
  72853.477  2243.957  -242.86  220.79
  73229.894  2120.829  -327.13  200.85
  73606.327  2016.687  -276.67  152.76
  73982.776  2002.044   -38.90  128.82
  74359.240  2027.852    68.56  140.81
  74735.720  2099.829   191.20  157.60
  75112.216  2174.425   198.15  147.23
  75488.727  2166.258   -21.69  178.57
  75865.255  2135.922   -80.57  162.00
  76241.798  2055.020  -214.87  163.51
  76618.356  1991.410  -168.94  161.69
  76994.931  1944.925  -123.45  133.21
  77371.521  1919.050   -68.71  117.64
  77748.127  2000.544   216.40  136.53
  78124.749  2087.987   232.19  137.94
  78501.387  2168.282   213.20  173.43
  78878.040  2288.687   319.69  175.76
  79254.709  2363.520   198.68  139.74
  79631.394  2444.191   214.17  126.15
  80008.095  2506.991   166.72  141.07
  80384.812  2603.177   255.34  165.48
  80761.544  2711.782   288.30  159.28
  81138.292  2787.689   201.49  140.03
  81515.056  2873.544   227.89  116.51
  81891.836  2956.711   220.75  101.33
  82268.632  3034.782   207.21   92.55
  82645.443  3070.224    94.06   68.74
  83022.270  3051.643   -49.31   96.57
  83399.113  2971.898  -211.63  160.64
  83775.972  2841.830  -345.16  165.55
  84152.847  2710.449  -348.63  151.00
  84529.738  2611.828  -261.69  147.71
  84906.644  2558.044  -142.71  142.70
  85283.566  2509.055  -129.98  160.01
  85660.504  2459.387  -131.78  162.65
  86037.458  2392.044  -178.66  188.81
  86414.428  2276.758  -305.84  171.07
  86791.414  2220.922  -148.12  149.04
  87168.415  2205.084   -42.01  144.81
  87545.433  2237.433    85.81  157.99
  87922.466  2245.449    21.26  154.60
  88299.515  2171.568  -195.96  191.84
  88676.580  2080.759  -240.85  163.53
  89053.661  2043.736   -98.19  113.15
  89430.758  2098.177   144.38  161.94
  89807.870  2220.456   324.28  212.38
  90183.746  2328.015   286.17  201.71
  90557.729  2404.211   203.76  152.74
  90931.727  2417.782    36.29  135.84
  91305.741  2357.496  -161.20  179.68
  91679.770  2282.736  -199.89  190.72
  92053.815  2203.875  -210.85  174.32
  92427.876  2151.898  -138.96  168.23
  92801.952  2141.182   -28.65  176.89
  93176.044  2148.026    18.30  176.44
  93550.151  2149.663     4.38  175.54
  93924.275  2136.234   -35.90  174.61
  94298.413  2043.991  -246.57  203.37
  94672.568  1931.852  -299.74  180.96
  95046.738  1815.131  -311.97  167.16
  95420.924  1716.853  -262.66  135.20
  95795.126  1693.643   -62.03  106.64
  96169.343  1697.663    10.74  122.29
  96543.576  1735.875   102.12  145.83
  96917.824  1743.877    21.38  140.90
  97292.089  1733.401   -27.99  135.83
  97666.369  1688.473  -120.05   94.46
  98040.664  1689.319     2.26   78.61
  98414.976  1705.666    43.68  102.71
  98789.303  1750.682   120.27  143.85
  99163.645  1791.805   109.86  161.74
  99538.004  1818.830    72.19  159.23
  99912.378  1856.503   100.64  176.63
 100286.768  1893.925    99.96  178.54
 100661.174  1943.332   131.97  193.11
 101035.595  1973.100    79.51  179.20
 101410.032  2002.141    77.57  153.33
 101784.485  2038.806    97.92  154.39
 102158.953  2047.061    22.05  150.57
 102533.438  2061.084    37.45  144.71
 102907.938  2081.782    55.27  107.63
 103282.453  2108.361    70.97   98.38
 103656.985  2187.509   211.34  125.73
 104031.532  2270.932   222.75  137.88
 104406.095  2363.828   248.03  159.81
 104780.674  2473.131   291.83  174.02
 105155.268  2599.782   338.13  186.50
 105529.879  2769.282   452.51  240.44
 105904.505  2953.885   492.81  265.47
 106279.147  3067.782   304.04  247.49
 106653.804  3198.061   347.76  204.83
 107028.478  3278.737   215.34  177.62
 107403.167  3276.555    -5.82  212.33
 107777.872  3282.038    14.64  220.52
 108152.593  3223.828  -155.36  228.87
 108527.329  3226.757     7.82  202.63
 108902.082  3275.805   130.89  205.95
 109276.850  3369.619   250.35  228.60
 109651.634  3438.307   183.29  200.34
 110026.434  3429.055   -24.69  233.50
 110401.250  3376.861  -139.26  229.32
 110776.081  3333.668  -115.24  201.07
 111150.929  3347.875    37.90  206.26
 111525.792  3469.247   323.81  230.05
 111900.671  3654.782   494.97  240.30
 112275.566  3821.038   443.52  176.41
 112650.476  3932.009   296.02  157.38
 113025.403  4024.082   245.60  154.49
 113400.345  4131.806   287.33  171.45
 113775.303  4235.456   276.46  172.53
 114150.277  4328.148   247.22  159.69
 114525.267  4408.532   214.38  166.69
 114900.273  4466.007   153.28  169.79
 115275.295  4541.805   202.14  124.24
 115650.332  4572.258    81.21   85.88
 116025.386  4571.068    -3.17   77.36
 116400.455  4541.234   -79.55   80.29
 116775.540  4518.489   -60.65   99.64
 117150.642  4467.191  -136.77  133.79
 117525.759  4416.332  -135.60  141.06
 117900.891  4374.619  -111.21  132.23
 118276.040  4363.550   -29.51  144.45
 118651.205  4352.224   -30.19  126.50
 119026.386  4315.925   -96.76  123.57
 119401.582  4217.363  -262.72  179.47
 119776.795  4069.234  -394.83  198.68
 120152.023  3975.020  -251.11  134.15
 120527.267  3962.945   -32.18  134.40
 120902.527  3997.782    92.84  185.79
 121277.803  4067.387   185.49  196.07
 121653.096  4157.270   239.53  181.11
 122028.404  4230.377   194.81  134.74
 122403.728  4239.532    24.39   99.01
 122779.067  4223.712   -42.15   87.66
 123154.423  4134.294  -238.25  144.83
 123529.795  4035.852  -262.28  158.75
 123905.183  3974.782  -162.70  129.63
 124280.587  3930.020  -119.25  102.65
 124656.006  3928.234    -4.76  106.68
 125031.442  3856.015  -192.38  150.92
 125406.894  3750.032  -282.31  146.10
 125782.361  3667.270  -220.45  161.02
 126157.845  3597.396  -186.11  165.83
 126533.345  3515.712  -217.56  184.13
 126908.860  3425.330  -240.72  169.77
 127284.392  3345.550  -212.47  153.83
 127659.939  3327.852   -47.13  127.44
 128035.503  3380.503   140.21  184.85
 128411.083  3513.646   354.54  234.47
 128786.678  3683.084   451.17  223.54
 129162.290  3845.550   432.58  183.43
 129537.917  3941.319   254.99  140.85
 129913.561  4017.736   203.45  116.79
 130289.221  4048.573    82.10  134.25
 130664.897  4061.009    33.11  175.35
 131040.588  4089.736    76.47  204.13
 131416.296  4181.573   244.46  237.17
 131792.020  4295.092   302.17  233.36
 132167.760  4451.996   417.64  224.95
 132543.516  4577.759   334.73  201.30
 132919.288  4701.600   329.60  200.55
 133295.076  4790.177   235.74  193.55
 133670.880  4778.623   -30.75  220.04
 134046.700  4721.092  -153.10  225.56
 134422.536  4634.163  -231.32  159.91
 134798.389  4651.387    45.83  125.32
 135174.257  4707.596   149.56  106.82
 135550.142  4762.828   146.95   92.95
 135926.042  4855.154   245.64  146.96
 136301.959  4934.520   211.15  171.84
 136677.891  4942.996    22.55  208.72
 137053.840  4840.759  -271.98  266.28
 137429.805  4683.619  -418.01  229.07
 137805.786  4560.163  -328.40  169.62
 138181.783  4500.850  -157.77  133.98
 138557.797  4453.853  -125.00  138.45
 138933.826  4413.099  -108.39  155.97
 139309.872  4327.154  -228.58  174.06
 139685.933  4217.712  -291.06  202.43
 140062.011  4150.898  -177.68  231.17
 140438.105  4130.945   -53.06  267.13
 140814.215  4158.115    72.25  280.07
 141190.341  4224.550   176.65  317.07
 141566.483  4380.270   414.04  353.29
 141942.642  4540.596   426.27  339.84
 142318.816  4759.758   582.68  203.49
 142695.007  4852.714   247.13   81.81
 143071.214  4871.270    49.33   70.48
 143447.437  4868.148    -8.30   59.99
 143823.677  4836.401   -84.39   78.33
 144199.932  4826.666   -25.88   89.19
 144576.204  4845.544    50.18  122.80
 144952.491  4902.340   150.96  122.03
 145328.795  4946.377   117.04  110.36
 145705.116  4972.317    68.94   99.68
 146081.452  5002.154    79.29  107.06
 146457.804  5014.805    33.62   99.10
 146834.173  5059.139   117.81   97.66
 147210.558  5078.305    50.93  159.70
 147586.959  5109.782    83.64  157.14
 147963.377  5144.953    93.45   86.71
 148339.810  5143.340    -4.28   87.63
 148716.260  5124.139   -51.01   97.94
 149092.726  5084.306  -105.82  115.50
 149469.208  5013.084  -189.20  143.33
 149845.707  4919.973  -247.34  163.53
 150222.222  4799.643  -319.63  171.23
 150598.753  4646.108  -407.81  173.09
 150975.300  4529.330  -310.17  156.49
 151351.863  4379.736  -397.31  156.43
 151728.443  4299.317  -213.58  119.77
 152105.039  4291.154   -21.68  121.18
 152481.651  4375.401   223.73  189.64
 152858.280  4503.480   340.11  199.30
 153234.924  4661.496   419.59  228.77
 153611.585  4771.377   291.76  202.86
 153988.263  4826.418   146.14  144.37
 154364.956  4852.294    68.70  107.66
 154741.666  4858.736    17.10  120.97
 155118.392  4898.949   106.76  141.74
 155495.135  4948.139   130.59  133.70
 155871.894  5009.038   161.66  106.04
 156248.669  5023.068    37.24  132.68
 156625.460  5041.139    47.97  146.80
 157002.268  5020.663   -54.35  161.21
 157379.092  5009.550   -29.50  148.23
 157755.932  5015.377    15.47  101.09
 158132.788  5013.433    -5.16   70.66
 158509.661  5049.759    96.40   80.46
 158886.551  5105.441   147.76   79.43
 159263.456  5148.600   114.53   71.39
 159640.378  5157.387    23.31   76.78
 160017.316  5156.615    -2.05   87.55
 160394.271  5176.270    52.15  102.44
 160771.242  5174.806    -3.89  100.13
 161148.229  5179.425    12.25   91.25
 161525.233  5160.596   -49.95  106.40
 161902.253  5120.689  -105.86  110.19
 162279.289  5033.711  -230.72  124.30
 162656.342  4954.464  -210.20  118.26
 163033.411  4851.532  -273.02  113.39
 163410.497  4747.782  -275.17  126.25
 163787.599  4651.224  -256.09  142.45
 164164.717  4573.615  -205.82  115.67
 164541.852  4541.758   -84.48  103.71
 164919.003  4564.410    60.07  148.99
 165294.482  4635.663   189.79  196.37
 165668.416  4674.600   104.14  199.99
