# NaN NaN NaN ;Mean Elev.(m), Avg Gradient(m/km), RMS Gradient(m/km) - SRTM1     
#   45.825  -0.044   2.873 ;Mean Elev.(m), Avg Gradient(m/km), RMS Gradient(m/km) - ASTER GDEM
#   57.218  -0.022   2.155 ;Mean Elev.(m), Avg Gradient(m/km), RMS Gradient(m/km) - GMTED2010 
  7  92.427695  26.545174    59.507    59.477  9 52464.64809443 43.459
  8  92.428729  26.546506    59.266    59.293  9 52499.64809084 38.918
  9  92.422874  26.534950    57.712    57.726  7 52534.64807626 30.035
 10  92.426897  26.543021    57.113    56.989  9 52569.64810747 26.294
 11  92.427816  26.542840    55.804    55.510  9 52604.64808824 43.750
 12  92.424835  26.536081    54.010    53.975  7 52639.64806969 40.936
 13  92.428486  26.544510    53.382    53.463  8 52674.64806618 48.146
 14  92.425488  26.540411    55.129    54.591  8 52709.64808249 22.942
 16  92.424416  26.536012    56.199    56.186  7 52779.64804635 35.104
 17  92.422975  26.536392    58.629    58.604  7 52814.64812995 41.482
 18  92.424304  26.545540    58.307    58.255  7 52849.64818424 37.610
 19  92.424450  26.541100    58.317    58.439  8 52884.64821868 26.990
 20  92.429180  26.545726    58.599    58.605  8 52919.64817560 46.271
 21  92.428645  26.548249    56.175    55.864  8 52954.64813948 46.955
 22  92.434664  26.546133    55.121    55.152  6 52989.64814901 49.176
 23  92.435605  26.547045    54.192    54.145  6 53024.64812924 43.946
 24  92.434488  26.547061    54.261    54.322  6 53059.64812793 47.466
 25  92.424786  26.536092    56.416    56.064  7 53094.64816312 20.777
 26  92.430557  26.546517    56.072    56.067  7 53129.64813711 45.885
 28  92.427088  26.542806    60.058    60.011  9 53199.64820698 46.522
 29  92.436002  26.547956    58.810    58.817  6 53234.64817746 48.247
 31  92.420685  26.533593    57.245    57.624  7 53304.64820174 44.659
 32  92.427790  26.543770    55.158    54.926  9 53339.64817206 47.474
 33  92.433037  26.545375    54.490    54.361  7 53374.64810351 49.806
 34  92.429034  26.545368    54.233    54.231  9 53409.64814639 50.034
 35  92.430523  26.546669    56.015    56.000  8 53444.64812973 43.961
 36  92.422458  26.532567    56.290    56.304  7 53479.64820679 31.226
 37  92.426877  26.544776    57.127    57.100  9 53514.64821644 45.575
 38  92.423673  26.539813    58.748    58.740  8 53549.64823455 42.115
 39  92.429463  26.546645    58.394    58.427  7 53584.64819747 41.575
 40  92.428030  26.544299    58.996    58.966  8 53619.64815397 48.961
 41  92.424500  26.545668    56.955    57.014  7 53654.64818082 49.709
 42  92.425667  26.542136    55.297    55.382  8 53689.64817468 49.478
 43  92.432609  26.546939    54.484    54.503  7 53724.64809985 49.799
 44  92.431579  26.547034    53.977    54.003  7 53759.64804292 48.523
 45  92.432161  26.546037    55.027    54.853  7 53794.64806139 25.629
 46  92.427991  26.543213    55.304    54.802  9 53829.64803755 20.081
 47  92.424711  26.536865    56.356    56.279  7 53864.64811541 44.490
 48  92.426827  26.542332    59.437    59.464  9 53899.64814224 36.016
 49  92.420432  26.531552    58.673    58.673  7 53934.64818384 47.346
 50  92.425329  26.536920    57.122    57.145  7 53969.64815435 46.531
 51  92.426717  26.543066    57.223    57.204  9 54004.64813009 47.212
 52  92.428881  26.545988    55.495    55.514  9 54039.64816237 47.471
 53  92.429215  26.544435    54.622    54.605  9 54074.64815625 49.121
 54  92.429595  26.546503    54.064    54.069  7 54109.64810152 47.077
 55  92.425915  26.542787    53.981    53.947  9 54144.64809462 49.736
 56  92.429308  26.544580    54.421    54.398  9 54179.64808610 49.150
 57  92.425977  26.540243    58.499    58.600  8 54214.64810178 25.276
 58  92.425947  26.543562    58.067    58.062  9 54249.64813038 47.430
 59  92.428892  26.543716    58.281    58.290  9 54284.64813767 47.380
 60  92.429430  26.543821    58.927    58.936  9 54319.64813482 38.682
 61  92.430254  26.546591    60.007    60.015  8 54354.64809835 40.373
 62  92.427795  26.545780    57.005    57.023  9 54389.64807552 39.999
 63  92.428897  26.544761    55.455    55.434  9 54424.64804773 46.267
 64  92.427210  26.541953    54.332    54.362  9 54459.64805044 48.467
 65  92.429161  26.547692    54.307    54.300  8 54494.64805332 29.451
 66  92.428363  26.544629    54.134    54.156  9 54529.64806366 28.613
 67  92.429571  26.546284    55.728    55.725  8 54564.64805990 51.486
 68  92.426825  26.544533    56.710    56.706  9 54599.64805968 51.606
 69  92.426103  26.544161    58.688    58.670  9 54634.64807183 37.742
 70  92.427398  26.542283    59.295    59.262  9 54669.64807605 47.224
 71  92.430304  26.546112    59.284    59.279  8 54704.64804005 40.141
 72  92.426395  26.544163    57.512    57.516  9 54739.64803926 50.982
 73  92.430001  26.545471    56.045    56.075  8 54774.64802060 46.797
 74  92.425692  26.541322    54.653    54.652  8 54809.64803196 41.258
 75  92.428580  26.545539    54.066    54.070  9 54844.64801959 50.296
 76  92.425786  26.542859    53.785    53.788  9 54879.64803552 48.310
 77  92.428118  26.544289    55.055    55.242  8 54914.64802284 21.162
 79  92.425430  26.542784    56.713    56.674  8 54984.64805345 51.474
 80  92.428401  26.546048    59.058    59.074  9 55019.64804909 43.677
 81  92.429055  26.545109    58.591    58.587  8 55054.64804549 48.730
 82  92.429190  26.544101    57.419    57.441  9 55089.64800535 50.094
 83  92.427508  26.545037    56.316    56.346  9 55124.64798263 48.500
 84  92.427981  26.544940    55.461    55.451  9 55159.64796618 48.729
 85  92.426136  26.540468    54.277    54.212  8 55194.64797227 47.236
 86  92.428877  26.543627    53.761    53.822  9 55229.64796836 48.953
 87  92.427660  26.544987    54.527    54.532  9 55264.64796789 47.443
 88  92.429914  26.546043    56.509    56.529  8 55299.64795170 44.069
 89  92.427673  26.542128    58.811    58.819  9 55334.64794518 44.470
 90  92.428584  26.545443    59.166    59.167  9 55369.64793636 47.525
 91  92.427238  26.543659    59.409    59.415  9 55404.64795343 46.031
 92  92.429278  26.546171    59.424    59.434  8 55439.64795518 44.891
 93  92.430838  26.545909    58.128    58.126  7 55474.64790051 51.531
