-203831.063    23.135     0.00    3.53
-203456.628    22.995    -0.37    3.85
-203082.207    23.234     0.64    3.80
-202707.802    22.391    -2.25    3.44
-202333.411    21.726    -1.78    2.88
-201959.035    21.137    -1.57    2.12
-201584.673    20.466    -1.79    1.34
-201210.326    20.507     0.11    1.64
-200835.994    20.890     1.02    1.74
-200461.677    21.626     1.97    2.36
-200087.374    22.556     2.49    2.61
-199713.086    23.297     1.98    2.39
-199338.812    24.154     2.29    2.46
-198964.553    24.466     0.83    2.68
-198590.309    25.075     1.63    3.05
-198216.079    25.241     0.44    3.05
-197841.864    25.083    -0.42    2.89
-197467.664    24.607    -1.27    2.74
-197093.478    24.319    -0.77    2.12
-196719.307    25.535     3.25    3.56
-196343.112    26.742     3.21    3.73
-195966.015    29.750     7.98    4.56
-195588.934    32.154     6.38    4.60
-195211.867    34.928     7.36    4.77
-194834.814    38.636     9.84    5.35
-194457.777    40.654     5.35    5.32
-194080.754    42.416     4.67    4.17
-193703.747    44.702     6.06    4.20
-193326.754    47.184     6.58    5.48
-192949.776    49.416     5.92    6.37
-192572.813    51.742     6.17    6.21
-192195.865    53.416     4.44    4.89
-191818.931    54.821     3.73    5.51
-191442.013    53.270    -4.12    5.45
-191065.109    52.797    -1.25    7.99
-190688.220    54.107     3.48   10.48
-190311.346    53.533    -1.52   11.45
-189934.486    55.207     4.44   10.72
-189557.642    55.488     0.75   10.08
-189180.812    56.514     2.72    9.04
-188803.997    60.514    10.62    8.90
-188427.197    64.439    10.42    9.48
-188050.411    69.556    13.58   12.01
-187673.641    75.797    16.57   15.72
-187296.885    83.491    20.42   16.40
-186920.144    86.294     7.44   17.36
-186543.418    86.184    -0.29   17.19
-186166.706    82.416   -10.00   17.99
-185790.010    76.678   -15.23   15.45
-185413.328    75.757    -2.45   15.43
-185036.661    79.892    10.98   17.28
-184660.008    84.583    12.45   17.80
-184283.371    88.369    10.05   17.30
-183906.748    93.607    13.91   14.67
-183530.140    95.392     4.74   12.34
-183153.547    96.831     3.82   11.38
-182776.968    95.891    -2.50   13.61
-182400.404    94.758    -3.01   13.54
-182023.855    96.341     4.21   14.10
-181647.321    99.416     8.17   15.25
-181270.801   102.321     7.72   16.39
-180894.296   106.464    11.01   17.68
-180517.806   103.654    -7.46   17.26
-180141.330   103.391    -0.70   19.06
-179764.869   107.951    12.12   20.33
-179388.423   108.489     1.43   18.43
-179011.992   112.114     9.63   16.57
-178635.575   114.940     7.51   18.78
-178259.173   117.864     7.77   18.91
-177882.786   120.871     7.99   17.72
-177506.414   125.002    10.98   19.50
-177130.056   134.270    24.63   23.25
-176753.712   144.345    26.77   23.01
-176377.384   154.969    28.23   18.85
-176001.070   157.598     6.99   18.68
-175624.771   158.955     3.61   18.50
-175248.486   162.988    10.72   16.97
-174872.217   169.091    16.22   16.81
-174495.961   175.050    15.84   17.14
-174119.721   178.530     9.25   17.04
-173743.495   181.852     8.83   15.87
-173367.284   184.166     6.15   15.55
-172991.087   195.672    30.59   25.63
-172614.906   215.511    52.75   34.42
-172238.738   233.486    47.79   29.53
-171862.586   245.521    32.00   20.40
-171486.448   252.916    19.66   20.20
-171110.324   253.091     0.47   22.44
-170734.216   260.230    18.98   24.46
-170358.122   270.059    26.14   23.11
-169982.042   274.852    12.75   22.20
-169605.977   280.575    15.22   21.50
-169229.927   286.750    16.42   22.93
-168853.892   292.489    15.27   23.72
-168477.871   299.988    19.94   20.16
-168101.864   304.148    11.07   16.42
-167725.872   303.166    -2.61   18.28
-167349.895   306.706     9.42   17.68
-166973.933   308.773     5.50   15.71
-166597.985   303.835   -13.14   16.71
-166222.051   295.178   -23.03   23.04
-165846.132   283.988   -29.77   23.19
-165470.228   278.673   -14.14   20.25
-165094.338   278.511    -0.43   19.76
-164718.463   283.026    12.01   15.28
-164342.603   279.702    -8.84   13.18
-163966.757   274.178   -14.70   12.53
-163590.925   270.270   -10.40    9.10
-163215.109   272.702     6.47   12.76
-162839.306   283.391    28.45   18.13
-162463.518   298.416    39.99   21.63
-162087.745   311.672    35.28   15.78
-161711.987   317.273    14.91   12.34
-161336.242   319.654     6.34   12.29
-160960.513   323.300     9.70   16.68
-160584.798   330.343    18.75   19.74
-160209.097   333.733     9.02   18.89
-159833.411   338.607    12.97   13.64
-159457.740   339.114     1.35   13.40
-159082.083   337.556    -4.15   11.43
-158706.440   339.750     5.84   12.47
-158330.813   347.124    19.63   13.23
-157955.199   355.178    21.45   14.94
-157579.600   366.300    29.61   13.10
-157204.016   375.321    24.02   12.63
-156828.446   400.464    66.95   43.47
-156452.891   446.511   122.63   84.21
-156077.350   494.631   128.15   81.37
-155701.823   507.489    34.25   74.27
-155326.311   466.611  -108.87  101.97
-154950.814   387.343  -211.13   90.98
-154575.331   317.587  -185.80   69.31
-154199.862   253.678  -170.23   72.73
-153824.408   195.654  -154.56   67.25
-153448.969   148.583  -125.39   48.44
-153073.543   120.032   -76.06   30.76
-152698.133    97.509   -60.00   38.83
-152322.737    76.367   -56.33   34.22
-151947.355    66.131   -27.27   27.24
-151571.988    65.026    -2.94   26.82
-151196.635    72.258    19.27   33.97
-150821.296    78.439    16.47   42.02
-150445.972    65.621   -34.15   41.91
-150070.663    52.392   -35.25   26.96
-149695.368    55.067     7.13   26.23
-149320.087    75.166    53.56   39.71
-148944.821    94.462    51.42   37.43
-148569.569   107.519    34.80   23.95
-148194.331   104.348    -8.45   20.63
-147819.108    91.733   -33.62   22.92
-147443.900    79.940   -31.43   26.94
-147068.706    64.011   -42.46   26.06
-146693.526    52.519   -30.64   19.21
-146318.360    53.484     2.57   19.95
-145943.209    58.083    12.26   25.05
-145568.073    65.750    20.44   27.58
-145192.951    67.880     5.68   25.30
-144817.843    60.185   -20.51   21.19
-144442.749    54.530   -15.08   16.95
-144067.670    51.443    -8.23   16.45
-143692.606    53.685     5.98   20.59
-143317.555    57.951    11.38   22.10
-142942.519    66.733    23.42   26.80
-142567.498    68.602     4.98   26.41
-142192.491    68.237    -0.97   27.39
-141817.498    71.988    10.00   27.94
-141442.519    68.131   -10.29   23.06
-141067.555    65.869    -6.03   22.12
-140692.605    72.726    18.29   24.19
-140317.670    80.821    21.59   32.89
-139942.749    96.514    41.86   36.04
-139567.842   107.563    29.47   34.19
-139192.949   109.440     5.01   30.96
-138818.071   105.035   -11.75   23.84
-138443.208   104.845    -0.51   20.78
-138068.358   105.053     0.55   18.27
-137693.523   107.649     6.93   15.67
-137318.702   110.246     6.93   12.85
-136943.896   110.041    -0.55   13.11
-136569.103   110.758     1.91   11.70
-136194.325   109.556    -3.21   13.66
-135819.562   108.107    -3.87   16.05
-135444.812   103.511   -12.26   17.84
-135070.077    97.654   -15.63   19.40
-134695.357    94.563    -8.25   18.27
-134320.650    94.091    -1.26   19.06
-133945.958    92.273    -4.85   18.69
-133571.280    90.733    -4.11   18.27
-133196.617    85.988   -12.67   19.17
-132821.967    77.940   -21.48   13.26
-132447.332    72.178   -15.38   12.99
-132072.712    66.892   -14.11   10.62
-131698.105    65.519    -3.67   12.92
-131323.513    64.894    -1.67   13.59
-130948.935    68.099     8.56   16.84
-130574.371    68.858     2.03   17.36
-130199.822    66.953    -5.09   17.17
-129825.286    70.706    10.02   16.58
-129450.765    71.371     1.78   15.54
-129076.259    68.570    -7.48   16.14
-128701.766    67.440    -3.02   14.43
-128327.288    69.702     6.04   13.94
-127952.824    67.816    -5.04   13.48
-127578.374    64.962    -7.62   13.44
-127203.938    65.206     0.65   15.96
-126829.517    68.742     9.45   17.00
-126455.110    70.300     4.16   16.23
-126080.717    66.583    -9.93   16.26
-125706.338    63.858    -7.28   15.43
-125331.973    60.109   -10.02   15.07
-124957.623    60.207     0.26   15.10
-124583.287    55.316   -13.07   15.12
-124208.965    49.441   -15.70   13.79
-123834.657    47.559    -5.03   12.18
-123460.364    51.075     9.39   14.66
-123086.084    53.869     7.47   14.97
-122711.819    57.465     9.61   13.40
-122337.568    54.806    -7.10   14.58
-121963.331    51.726    -8.23   14.79
-121589.108    48.702    -8.08   13.74
-121212.394    48.611    -0.24   12.20
-120835.342    53.137    12.00   11.44
-120458.304    59.343    16.46   13.62
-120081.281    67.391    21.35   11.22
-119704.272    70.797     9.04    7.38
-119327.277    70.297    -1.33    7.72
-118950.297    65.439   -12.89    8.56
-118573.331    59.538   -15.66    9.49
-118196.380    52.002   -20.00   10.75
-117819.443    45.702   -16.71   10.74
-117442.520    38.509   -19.08    8.57
-117065.612    33.695   -12.77    6.27
-116688.718    29.892   -10.09    5.42
-116311.838    26.345    -9.41    5.04
-115934.973    22.709    -9.65    4.54
-115558.122    19.977    -7.25    3.49
-115181.285    18.002    -5.24    2.55
-114804.463    16.750    -3.32    2.17
-114427.655    15.928    -2.18    2.19
-114050.861    14.556    -3.64    2.07
-113674.082    13.416    -3.02    2.17
-113297.317    12.416    -2.65    1.75
-112920.566    11.741    -1.79    1.53
-112543.830    11.538    -0.54    1.57
-112167.108    11.011    -1.40    1.56
-111790.400    10.750    -0.70    1.46
-111413.707    10.440    -0.82    1.41
-111037.028    10.160    -0.74    1.39
-110660.363    10.184     0.06    1.63
-110283.713     9.782    -1.07    1.30
-109907.077     9.488    -0.78    1.52
-109530.455     9.416    -0.19    1.64
-109153.847     9.074    -0.91    1.62
-108777.254     8.848    -0.60    1.47
-108400.675     8.563    -0.76    1.20
-108024.110     8.587     0.06    1.22
-107647.559     9.026     1.17    1.61
-107271.023     9.758     1.95    2.20
-106894.501    10.371     1.63    2.49
-106517.994    10.673     0.80    2.29
-106141.500    10.297    -1.00    2.14
-105765.021    10.230    -0.18    2.21
-105388.556    10.468     0.63    2.09
-105012.105    10.848     1.01    2.00
-104635.669    11.032     0.49    2.05
-104259.247    11.011    -0.05    2.37
-103882.839    10.742    -0.72    2.31
-103506.445    10.489    -0.67    2.41
-103130.066     9.962    -1.40    2.53
-102753.700     9.469    -1.31    1.64
-102377.349     9.348    -0.32    1.74
-102001.012     9.273    -0.20    1.47
-101624.690     9.131    -0.38    1.52
-101248.381     9.202     0.19    1.55
-100872.087     9.544     0.91    1.45
-100495.807     9.871     0.87    1.59
-100119.542    10.339     1.25    1.49
 -99743.290    10.488     0.39    1.66
 -99367.053    10.563     0.20    1.64
 -98990.829    10.365    -0.53    1.73
 -98614.620    10.984     1.65    2.19
 -98238.426    11.574     1.57    2.01
 -97862.245    11.367    -0.55    2.42
 -97486.079    10.702    -1.77    2.37
 -97109.926    10.050    -1.73    2.19
 -96733.788    10.131     0.21    2.26
 -96357.664    10.391     0.69    2.43
 -95981.554    10.654     0.70    2.77
 -95605.459    10.821     0.44    2.80
 -95229.377    10.831     0.03    2.78
 -94853.310    10.148    -1.82    2.61
 -94477.257     9.709    -1.17    2.29
 -94101.218     9.246    -1.23    2.53
 -93725.193     9.131    -0.31    2.73
 -93349.182     9.230     0.27    2.81
 -92973.186     9.607     1.00    2.60
 -92597.203    10.230     1.66    2.14
 -92221.235    10.440     0.56    1.99
 -91845.281    10.011    -1.14    2.11
 -91469.341     9.050    -2.56    2.08
 -91093.415     8.559    -1.31    2.05
 -90717.503     8.463    -0.26    1.86
 -90341.605     8.672     0.56    1.81
 -89965.722     9.297     1.66    1.70
 -89589.852     9.928     1.68    1.62
 -89213.997    10.345     1.11    1.57
 -88838.156     9.977    -0.98    1.69
 -88462.328     9.806    -0.45    1.88
 -88086.515     9.319    -1.30    1.88
 -87710.716     9.197    -0.32    1.92
 -87334.931     9.059    -0.37    2.13
 -86959.161     8.535    -1.39    2.20
 -86583.404     7.724    -2.16    1.79
 -86207.661     7.773     0.13    1.94
 -85831.932     8.124     0.93    1.62
 -85456.218     8.416     0.78    1.55
 -85080.517     8.855     1.17    1.58
 -84704.831     8.890     0.09    1.70
 -84329.159     9.257     0.98    1.83
 -83953.500     9.416     0.42    2.13
 -83577.856     8.904    -1.36    2.16
 -83202.226     8.178    -1.93    2.27
 -82826.610     7.262    -2.44    3.04
 -82451.008     7.212    -0.13    2.95
 -82075.420     7.314     0.27    2.87
 -81699.845     9.107     4.77    3.26
 -81324.285    10.672     4.17    2.49
 -80948.739    11.294     1.66    1.89
 -80573.208    11.462     0.45    1.58
 -80197.690    11.337    -0.33    1.46
 -79822.186    10.416    -2.45    2.05
 -79446.696     9.131    -3.42    2.68
 -79071.220     8.511    -1.65    2.52
 -78695.758     8.750     0.63    2.53
 -78320.310     9.185     1.16    2.31
 -77944.876    10.007     2.19    2.08
 -77569.456    10.544     1.43    1.72
 -77194.050    10.465    -0.21    1.76
 -76818.658     9.977    -1.30    2.01
 -76443.281    10.246     0.71    2.04
 -76067.917    10.137    -0.29    1.98
 -75692.567    10.100    -0.10    1.92
 -75317.231    10.091    -0.02    2.02
 -74941.909    10.464     0.99    1.83
 -74566.601     9.977    -1.30    1.76
 -74191.307     9.797    -0.48    2.21
 -73816.026     9.538    -0.69    2.00
 -73440.760     8.666    -2.32    2.15
 -73065.508     8.514    -0.41    2.25
 -72690.270     8.345    -0.45    1.96
 -72315.046     8.607     0.70    2.21
 -71939.835     8.988     1.02    1.91
 -71564.639     9.343     0.95    2.05
 -71189.456     9.343     0.00    1.98
 -70814.288     9.538     0.52    2.14
 -70439.133     9.393    -0.39    2.18
 -70063.992     9.607     0.57    1.94
 -69688.866     8.511    -2.92    2.45
 -69313.753     7.964    -1.46    2.36
 -68938.654     6.858    -2.95    2.13
 -68563.569     6.514    -0.92    1.85
 -68188.498     6.855     0.91    2.24
 -67813.441     6.816    -0.10    2.66
 -67438.398     7.050     0.62    2.49
 -67063.368     6.831    -0.59    2.49
 -66688.353     6.905     0.20    2.19
 -66313.351     7.821     2.44    2.46
 -65938.363     7.724    -0.26    2.39
 -65563.390     8.303     1.54    2.19
 -65188.430     8.587     0.76    1.87
 -64813.484     8.321    -0.71    1.75
 -64438.552     8.392     0.19    1.67
 -64063.633     8.724     0.89    2.03
 -63688.729     8.598    -0.34    2.27
 -63313.838     8.493    -0.28    2.43
 -62938.962     8.035    -1.22    2.02
 -62564.099     7.765    -0.72    1.95
 -62189.250     8.041     0.74    2.14
 -61814.415     7.712    -0.88    1.96
 -61439.594     8.258     1.46    1.88
 -61064.786     8.184    -0.20    1.82
 -60689.993     8.107    -0.21    1.76
 -60315.213     8.011    -0.25    1.73
 -59940.447     7.626    -1.03    1.46
 -59565.695     7.647     0.06    1.42
 -59190.957     7.511    -0.36    1.94
 -58816.233     7.266    -0.65    1.90
 -58441.522     7.221    -0.12    2.02
 -58066.825     7.465     0.65    1.86
 -57692.143     6.880    -1.56    1.58
 -57317.473     7.059     0.48    1.81
 -56942.818     7.319     0.69    1.81
 -56568.177     7.816     1.33    1.89
 -56193.549     8.059     0.65    1.76
 -55818.935     7.607    -1.21    1.88
 -55444.335     7.880     0.73    2.07
 -55069.749     7.277    -1.61    1.87
 -54695.176     7.367     0.24    1.92
 -54320.618     7.216    -0.40    1.95
 -53946.073     7.246     0.08    1.70
 -53571.542     7.439     0.52    2.05
 -53197.024     6.928    -1.36    2.09
 -52822.521     7.273     0.92    1.98
 -52448.031     7.636     0.97    2.21
 -52073.555     7.758     0.33    2.12
 -51699.093     7.691    -0.18    2.06
 -51324.644     6.831    -2.30    2.05
 -50950.209     5.691    -3.04    2.04
 -50575.788     5.369    -0.86    2.11
 -50201.381     5.250    -0.32    1.85
 -49826.988     5.250     0.00    1.86
 -49452.608     5.488     0.64    1.79
 -49078.242     5.596     0.29    2.19
 -48703.890     5.666     0.19    2.26
 -48329.551     5.636    -0.08    2.23
 -47955.226     5.393    -0.65    2.17
 -47580.915     5.733     0.91    1.97
 -47206.618     5.493    -0.64    1.84
 -46832.334     5.348    -0.39    1.96
 -46457.871     5.391     0.11    2.11
 -46080.849     5.855     1.23    2.01
 -45703.841     6.345     1.30    2.29
 -45326.847     6.185    -0.42    2.06
 -44949.867     5.984    -0.53    2.19
 -44572.900     5.837    -0.39    2.34
 -44195.948     6.221     1.02    2.22
 -43819.009     6.202    -0.05    2.41
 -43442.085     6.148    -0.14    2.10
 -43065.174     6.007    -0.37    1.97
 -42688.277     6.100     0.25    1.95
 -42311.394     5.559    -1.44    1.89
 -41934.525     5.137    -1.12    1.98
 -41557.670     4.855    -0.75    1.90
 -41180.829     4.765    -0.24    2.02
 -40804.002     5.083     0.84    1.63
 -40427.188     5.297     0.57    1.61
 -40050.388     5.773     1.26    2.20
 -39673.603     6.440     1.77    2.14
 -39296.831     6.321    -0.32    2.00
 -38920.073     6.516     0.52    2.01
 -38543.329     6.464    -0.14    2.21
 -38166.598     5.904    -1.49    2.17
 -37789.882     5.654    -0.66    2.16
 -37413.179     5.465    -0.50    1.92
 -37036.491     5.416    -0.13    2.12
 -36659.816     5.099    -0.84    2.01
 -36283.155     4.880    -0.58    1.86
 -35906.507     4.892     0.03    2.30
 -35529.874     5.083     0.51    2.51
 -35153.255     5.226     0.38    2.17
 -34776.649     5.631     1.07    2.31
 -34400.057     6.178     1.45    2.51
 -34023.479     6.343     0.44    2.15
 -33646.915     6.148    -0.52    2.41
 -33270.364     5.855    -0.78    2.41
 -32893.828     4.974    -2.34    2.67
 -32517.305     4.345    -1.67    3.16
 -32140.796     3.207    -3.02    4.09
 -31764.301     3.011    -0.52    4.13
 -31387.819     2.941    -0.19    4.04
 -31011.352     2.758    -0.49    3.53
 -30634.898     2.733    -0.06    2.31
 -30258.458     2.441    -0.78    2.58
 -29882.031     2.685     0.65    2.95
 -29505.619     3.611     2.46    3.72
 -29129.220     4.160     1.46    3.84
 -28752.835     4.369     0.55    4.36
 -28376.464     5.636     3.37    3.65
 -28000.107     6.321     1.82    2.34
 -27623.763     6.489     0.45    2.25
 -27247.433     6.706     0.57    2.82
 -26871.117     6.439    -0.71    2.87
 -26494.815     5.953    -1.29    2.93
 -26118.526     6.099     0.39    2.99
 -25742.252     5.855    -0.65    2.20
 -25365.990     5.916     0.16    2.20
 -24989.743     6.394     1.27    2.23
 -24613.510     6.647     0.67    2.26
 -24237.290     6.488    -0.42    2.12
 -23861.083     6.607     0.32    2.07
 -23484.891     6.006    -1.60    1.92
 -23108.712     5.416    -1.57    1.77
 -22732.547     5.288    -0.34    1.82
 -22356.396     5.226    -0.17    1.84
 -21980.259     5.297     0.19    1.92
 -21604.135     5.441     0.38    1.89
 -21228.025     5.825     1.02    2.27
 -20851.928     6.495     1.78    2.05
 -20475.846     6.369    -0.34    2.09
 -20099.777     5.654    -1.90    2.13
 -19723.721     5.464    -0.51    2.32
 -19347.680     4.672    -2.11    1.90
 -18971.652     5.032     0.96    1.94
 -18595.637     5.297     0.71    1.67
 -18219.637     5.294    -0.01    1.44
 -17843.650     5.321     0.07    1.54
 -17467.677     4.821    -1.33    1.74
 -17091.717     4.491    -0.88    2.53
 -16715.771     4.392    -0.26    2.77
 -16339.839     4.116    -0.73    3.55
 -15963.920     3.489    -1.67    4.20
 -15588.016     2.191    -3.45    4.50
 -15212.124     1.002    -3.16    4.40
 -14836.247     0.124    -2.34    3.77
 -14460.383     0.059    -0.17    3.41
 -14084.532    -0.334    -1.05    3.18
 -13708.696     0.050     1.02    3.19
 -13332.873     0.273     0.59    3.19
 -12957.063     0.464     0.51    3.07
 -12581.268     0.083    -1.01    3.61
 -12205.485    -0.925    -2.68    3.92
 -11829.717    -2.009    -2.88    4.22
 -11453.962    -3.120    -2.96    3.76
 -11078.221    -3.774    -1.74    3.50
 -10702.493    -4.218    -1.18    3.13
 -10326.779    -4.901    -1.82    2.05
  -9951.079    -4.893     0.02    1.32
  -9575.392    -4.608     0.76    2.26
  -9199.719    -3.884     1.93    2.94
  -8824.059    -3.036     2.26    3.72
  -8448.413    -2.998     0.10    3.79
  -8072.780    -3.072    -0.19    3.67
  -7697.162    -3.486    -1.10    3.93
  -7321.556    -4.057    -1.52    3.85
  -6945.965    -4.002     0.15    3.88
  -6570.386    -4.353    -0.93    2.30
  -6194.822    -4.096     0.68    2.23
  -5819.271    -3.227     2.31    2.70
  -5443.734    -1.943     3.42    2.53
  -5068.210    -0.925     2.71    2.44
  -4692.699     0.237     3.09    2.56
  -4317.203     1.440     3.20    2.82
  -3941.720     2.124     1.82    2.63
  -3566.250     2.880     2.01    2.09
  -3190.794     3.067     0.50    1.88
  -2815.351     3.364     0.79    1.27
  -2439.922     3.207    -0.42    1.58
  -2064.507     2.666    -1.44    1.56
  -1689.105     2.607    -0.16    1.55
  -1313.717     2.197    -1.09    1.84
   -938.342     1.621    -1.53    1.95
   -562.981     1.300    -0.86    2.12
   -187.633     0.179    -2.99    3.41
    187.702    -0.803    -2.62    3.88
    563.022    -1.535    -1.95    4.10
    938.330    -2.291    -2.01    4.20
   1313.623    -2.798    -1.35    4.02
   1688.904    -3.834    -2.76    3.44
   2064.170    -4.709    -2.33    2.90
   2439.424    -4.655     0.14    2.83
   2814.663    -4.965    -0.82    2.85
   3189.890    -4.250     1.90    3.54
   3565.102    -3.369     2.35    3.92
   3940.302    -2.413     2.55    3.37
   4315.487    -1.309     2.94    2.46
   4690.660    -1.340    -0.08    2.11
   5065.818    -2.026    -1.83    2.16
   5440.964    -2.633    -1.62    2.62
   5816.096    -3.512    -2.35    2.94
   6191.214    -3.512     0.00    3.65
   6566.319    -3.909    -1.06    3.76
   6941.411    -4.169    -0.69    3.91
   7316.489    -3.876     0.78    3.88
   7691.553    -4.437    -1.50    3.57
   8066.604    -3.901     1.43    3.80
   8441.642    -3.608     0.78    3.88
   8816.666    -3.534     0.20    3.86
   9191.677    -2.917     1.64    3.93
   9566.675    -2.225     1.85    4.10
   9941.658    -1.393     2.22    3.81
  10316.629    -0.489     2.41    3.18
  10691.586    -0.179     0.83    2.98
  11066.530    -0.036     0.38    2.23
  11441.460    -0.400    -0.97    2.12
  11816.377    -1.061    -1.76    2.65
  12191.280    -1.709    -1.73    2.84
  12566.170    -2.886    -3.14    3.50
  12941.047    -3.679    -2.12    3.99
  13315.910    -4.507    -2.21    4.09
  13690.760    -5.152    -1.72    3.94
  14065.596    -5.891    -1.97    3.66
  14440.419    -6.034    -0.38    3.57
  14815.229    -5.511     1.40    3.71
  15190.025    -5.120     1.04    3.77
  15564.808    -4.188     2.49    3.22
  15939.577    -4.268    -0.21    3.04
  16314.333    -4.659    -1.04    2.92
  16689.076    -5.131    -1.26    2.85
  17063.805    -5.194    -0.17    2.38
  17438.521    -5.036     0.42    2.46
  17813.224    -3.609     3.81    3.33
  18187.913    -2.834     2.07    3.11
  18562.589    -3.659    -2.20    3.08
  18937.252    -4.869    -3.23    3.64
  19311.901    -6.298    -3.81    3.18
  19686.537    -7.026    -1.94    2.81
  20061.159    -7.822    -2.13    1.79
  20435.768    -7.315     1.35    2.58
  20810.364    -6.754     1.50    3.27
  21184.946    -6.060     1.85    3.41
  21559.516    -5.145     2.44    3.78
  21934.071    -4.267     2.34    3.86
  22308.614    -3.096     3.13    3.64
  22683.143    -2.489     1.62    3.53
  23057.659    -2.109     1.01    3.17
  23432.161    -1.536     1.53    3.11
  23806.651    -1.404     0.35    2.90
  24181.126    -1.393     0.03    2.98
  24555.589    -1.803    -1.09    3.54
  24930.038    -1.328     1.27    3.30
  25304.474    -1.250     0.21    3.30
  25678.897    -1.452    -0.54    3.06
  26053.306    -0.743     1.89    2.92
  26427.702    -0.709     0.09    2.93
  26802.085    -0.012     1.86    2.70
  27176.455     0.273     0.76    2.64
  27550.811     0.032    -0.65    1.80
  27925.154    -0.288    -0.85    1.56
  28299.484    -0.821    -1.42    1.58
  28674.516    -1.389    -1.51    1.99
  29051.496    -1.925    -1.42    2.46
  29428.462    -2.315    -1.04    2.66
  29805.414    -2.629    -0.83    2.60
  30182.353    -3.031    -1.07    2.62
  30559.279    -3.876    -2.24    2.73
  30936.191    -5.227    -3.58    2.65
  31313.090    -5.486    -0.69    3.18
  31689.975    -6.084    -1.59    3.37
  32066.847    -6.917    -2.21    3.30
  32443.705    -7.291    -0.99    2.93
  32820.550    -7.250     0.11    2.95
  33197.382    -7.413    -0.43    2.21
  33574.200    -6.974     1.17    2.60
  33951.004    -7.059    -0.22    2.24
  34327.796    -7.434    -1.00    2.39
  34704.573    -7.734    -0.80    2.78
  35081.338    -8.155    -1.12    2.56
  35458.089    -8.047     0.29    3.09
  35834.826    -7.846     0.53    3.39
  36211.550    -8.218    -0.99    3.12
  36588.261    -8.259    -0.11    2.84
  36964.959    -8.413    -0.41    2.60
  37341.642    -8.846    -1.15    1.96
  37718.313    -8.706     0.37    2.27
  38094.970    -9.250    -1.45    1.51
  38471.614    -9.096     0.41    1.85
  38848.244    -9.404    -0.82    1.12
  39224.861    -8.893     1.36    2.35
  39601.465    -8.364     1.40    3.19
  39978.055    -7.364     2.66    3.93
  40354.632    -5.834     4.06    4.54
  40731.196    -4.145     4.49    4.81
  41107.746    -2.684     3.88    4.37
  41484.283    -0.876     4.80    3.00
  41860.806    -0.242     1.68    1.67
  42237.316    -0.194     0.13    1.45
  42613.813    -0.218    -0.06    1.39
  42990.296    -0.020     0.53    1.41
  43366.766    -0.155    -0.36    1.36
  43743.223    -0.225    -0.18    1.50
  44119.666    -0.145     0.21    1.32
  44496.096     0.083     0.60    1.62
  44872.513     0.016    -0.18    1.97
  45248.916    -0.654    -1.78    2.20
  45625.306    -2.045    -3.70    3.02
  46001.683    -4.584    -6.74    3.51
  46378.047    -6.608    -5.38    3.45
  46754.397    -8.315    -4.54    2.47
  47130.733    -8.584    -0.71    3.09
  47507.057    -6.400     5.80    4.92
  47883.367    -3.095     8.78    5.54
  48259.664    -0.384     7.21    4.12
  48635.947     1.297     4.47    2.11
  49012.218     1.535     0.63    2.38
  49388.475     2.160     1.66    1.85
  49764.718     2.392     0.62    2.15
  50140.949     2.673     0.74    2.88
  50517.166     2.416    -0.68    2.91
  50893.370     1.758    -1.75    2.71
  51269.560     1.041    -1.90    2.60
  51645.737     0.392    -1.72    2.64
  52021.901     0.091    -0.80    2.47
  52398.052    -0.486    -1.54    1.99
  52774.190     0.221     1.88    2.61
  53150.314     0.855     1.69    2.49
  53526.425     1.148     0.78    2.49
  53902.522     1.465     0.84    2.53
  54278.607     1.855     1.04    2.81
  54654.678     1.641    -0.57    2.81
  55030.736     1.440    -0.53    2.49
  55406.781     1.611     0.46    2.22
  55782.812     1.273    -0.90    2.08
  56158.830     1.246    -0.07    1.83
  56534.835     1.191    -0.14    2.25
  56910.827     1.392     0.53    2.52
  57286.806     1.202    -0.51    2.63
  57662.771     0.660    -1.44    2.22
  58038.723     1.154     1.31    2.25
  58414.662     0.929    -0.60    2.19
  58790.588     0.866    -0.17    1.80
  59166.500     1.134     0.71    1.93
  59542.399     0.869    -0.71    2.13
  59918.285     0.758    -0.30    2.45
  60294.158     0.321    -1.16    2.69
  60670.018    -1.034    -3.60    2.72
  61045.864    -2.163    -3.00    2.07
  61421.698    -3.002    -2.23    1.38
  61797.518    -2.803     0.53    1.80
  62173.325    -2.828    -0.06    1.93
  62549.118    -2.730     0.26    2.25
  62924.899    -3.110    -1.01    1.86
  63300.666    -3.402    -0.78    1.33
  63676.421    -3.532    -0.35    1.00
  64052.162    -3.608    -0.20    1.05
  64427.889    -3.267     0.91    1.33
  64803.604    -2.738     1.41    1.81
  65179.306    -2.425     0.83    2.31
  65554.994    -1.768     1.75    2.72
  65930.669    -1.462     0.81    2.75
  66306.332    -0.998     1.23    2.82
  66681.980    -0.950     0.13    2.87
  67057.616    -0.720     0.61    2.64
  67433.239    -0.661     0.16    3.10
  67808.849    -0.012     1.73    3.07
  68184.445     0.160     0.46    3.01
  68560.028    -0.120    -0.75    2.67
  68935.598    -0.925    -2.14    2.65
  69311.155    -1.234    -0.82    3.17
  69686.699    -1.465    -0.61    3.15
  70062.230    -1.384     0.22    3.28
  70437.748    -1.179     0.55    2.70
  70813.252    -0.779     1.07    2.47
  71188.744    -0.108     1.79    2.43
  71564.222     0.216     0.86    2.14
  71939.688     0.891     1.80    2.04
  72315.140     1.026     0.36    1.80
  72690.579     1.297     0.72    2.10
  73066.005     0.953    -0.92    2.20
  73441.418     0.678    -0.73    1.99
  73816.817     0.797     0.32    2.05
  74192.204     0.636    -0.43    2.06
  74567.578     0.691     0.15    1.75
  74942.938     0.733     0.11    1.82
  75318.286     0.491    -0.64    1.79
  75693.620     0.197    -0.78    1.64
  76068.942     0.083    -0.30    1.52
  76444.250    -0.084    -0.44    1.42
  76819.545     0.202     0.76    2.18
  77194.828     0.878     1.80    2.61
  77570.097     1.230     0.94    2.78
  77945.353     0.977    -0.67    2.51
  78320.596     0.702    -0.73    2.20
  78695.826    -0.194    -2.39    2.18
  79071.043    -0.584    -1.04    1.93
  79446.247    -0.447     0.36    1.96
  79821.438    -0.709    -0.70    1.98
  80196.616    -0.925    -0.58    1.71
  80571.781    -1.369    -1.18    1.52
  80946.932    -1.507    -0.37    1.22
  81322.071    -0.811     1.85    1.60
  81697.197    -0.481     0.88    2.85
  82072.310    -1.730    -3.33    4.10
  82447.410    -2.389    -1.76    4.37
  82822.496    -2.413    -0.07    4.30
  83197.570    -2.374     0.10    3.78
  83572.631    -0.584     4.77    2.31
  83947.679    -0.484     0.27    2.13
  84322.713    -0.560    -0.20    2.17
  84697.735    -0.584    -0.06    2.20
  85072.744    -0.681    -0.26    1.88
  85447.740    -0.734    -0.14    1.92
  85822.723    -0.884    -0.40    2.15
  86197.692    -1.484    -1.60    2.15
  86572.649    -2.036    -1.47    2.10
  86947.593    -1.608     1.14    2.21
  87322.524    -1.047     1.49    2.35
  87697.442    -0.798     0.66    2.27
  88072.347    -1.364    -1.51    1.94
  88447.239    -1.635    -0.72    1.99
  88822.118    -1.941    -0.82    1.88
  89196.984    -2.608    -1.78    1.51
  89571.837    -2.681    -0.20    1.26
  89946.678    -2.484     0.53    1.30
  90321.505    -1.584     2.40    2.37
  90696.319    -0.509     2.87    2.40
  91071.121    -0.108     1.07    2.25
  91445.909     0.314     1.12    2.26
  91820.685     0.026    -0.77    2.05
  92195.447    -0.084    -0.29    2.27
  92570.197    -0.209    -0.33    2.10
  92944.934    -0.703    -1.32    2.56
  93319.658    -1.821    -2.98    2.27
  93694.368    -2.281    -1.23    1.87
  94069.066    -2.334    -0.14    1.77
  94443.752    -1.893     1.18    1.76
  94818.424    -1.512     1.02    1.58
  95193.083    -1.276     0.63    1.64
  95567.729    -1.441    -0.44    1.66
  95942.363    -1.866    -1.13    1.67
  96316.984    -1.559     0.82    2.04
  96691.591    -2.072    -1.37    2.12
  97066.186    -1.901     0.46    2.25
  97440.768    -1.893     0.02    1.84
  97815.337    -2.189    -0.79    1.67
  98189.893    -2.509    -0.85    1.80
  98564.437    -2.459     0.13    1.74
  98938.967    -2.462    -0.01    2.18
  99313.485    -2.511    -0.13    2.26
  99687.989    -2.584    -0.20    2.02
 100062.481    -2.242     0.91    2.00
 100436.960    -2.259    -0.04    2.08
 100811.426    -2.803    -1.45    1.99
 101185.879    -3.179    -1.00    1.93
 101560.320    -3.852    -1.80    1.76
 101934.747    -4.462    -1.63    1.82
 102309.162    -4.876    -1.11    2.00
 102683.564    -4.876     0.00    2.36
 103057.953    -4.532     0.92    2.32
 103432.329    -4.774    -0.65    2.18
 103807.911    -4.559     0.57    1.51
 104184.854    -4.754    -0.52    1.51
 104561.783    -4.684     0.19    1.35
 104938.699    -5.005    -0.85    1.41
 105315.602    -5.281    -0.73    1.42
 105692.493    -5.484    -0.54    1.60
 106069.370    -5.584    -0.27    1.75
 106446.234    -5.334     0.66    1.64
 106823.086    -5.174     0.43    1.68
 107199.924    -4.629     1.44    1.52
 107576.749    -4.174     1.21    1.57
 107953.562    -3.681     1.31    1.55
 108330.361    -3.072     1.62    1.47
 108707.147    -2.456     1.63    1.40
 109083.921    -2.584    -0.34    1.46
 109460.681    -2.199     1.02    2.18
 109837.429    -1.291     2.41    3.10
 110214.163    -0.706     1.55    3.18
 110590.885     0.091     2.12    2.76
 110967.593    -0.629    -1.91    2.61
 111344.289    -1.873    -3.30    1.83
 111720.972    -2.633    -2.02    1.86
 112097.641    -3.631    -2.65    2.02
 112474.298    -3.706    -0.20    1.95
 112850.942    -3.965    -0.69    1.92
 113227.573    -4.045    -0.21    2.49
 113604.191    -4.169    -0.33    2.44
 113980.796    -4.512    -0.91    1.88
 114357.388    -4.779    -0.71    1.90
 114733.967    -4.023     2.01    2.39
 115110.533    -2.609     3.75    2.93
 115487.087    -1.809     2.12    3.09
 115863.627    -0.994     2.16    2.68
 116240.154    -1.437    -1.18    3.21
 116616.669    -1.779    -0.91    3.42
 116993.171    -1.047     1.94    3.61
 117369.659     0.075     2.98    3.77
 117746.135     0.591     1.37    3.20
 118122.598     0.099    -1.31    2.94
 118499.048    -0.727    -2.19    3.03
 118875.485    -1.657    -2.47    2.74
 119251.910    -1.608     0.13    2.87
 119628.321    -1.684    -0.20    2.79
 120004.720    -1.122     1.49    2.81
 120381.105    -0.984     0.37    2.81
 120757.478    -2.291    -3.47    3.20
 121133.838    -3.462    -3.11    2.72
 121510.185    -4.486    -2.72    2.31
 121886.519    -5.359    -2.32    1.69
 122262.840    -5.057     0.80    2.01
 122639.148    -4.514     1.44    2.43
 123015.444    -3.315     3.18    2.69
 123391.727    -2.120     3.18    2.69
 123767.997    -1.234     2.36    2.40
 124144.254    -1.302    -0.18    2.70
 124520.498    -2.243    -2.50    2.75
 124896.729    -1.968     0.73    2.77
 125272.947    -1.393     1.53    2.65
 125649.153    -0.959     1.15    2.36
 126025.346    -1.609    -1.73    2.70
 126401.526    -3.584    -5.25    2.97
 126777.693    -5.302    -4.57    2.55
 127153.847    -6.389    -2.89    1.95
 127529.989    -6.852    -1.23    1.61
 127906.117    -7.169    -0.84    1.20
 128282.233    -7.356    -0.50    1.03
 128658.336    -7.505    -0.39    0.88
 129034.426    -7.322     0.49    0.89
 129410.504    -7.369    -0.13    0.87
 129786.568    -7.340     0.08    1.11
 130162.620    -7.364    -0.06    1.35
 130538.659    -7.327     0.10    1.21
 130914.686    -7.227     0.27    1.12
 131290.699    -7.340    -0.30    1.48
 131666.700    -6.974     0.97    1.74
 132042.688    -5.998     2.59    2.13
 132418.663    -5.109     2.37    2.34
 132794.625    -5.009     0.27    2.42
 133170.574    -5.456    -1.19    2.42
 133546.511    -6.389    -2.48    2.05
 133922.435    -7.108    -1.91    1.58
 134298.347    -7.369    -0.70    1.57
 134674.245    -6.346     2.72    3.20
 135050.131    -4.803     4.10    3.43
 135426.004    -3.169     4.35    3.37
 135801.864    -1.989     3.14    2.64
 136177.711    -1.657     0.88    2.32
 136553.546    -2.925    -3.37    2.62
 136929.368    -3.634    -1.89    2.59
 137305.177    -3.998    -0.97    2.60
 137680.974    -2.909     2.90    3.16
 138056.758    -1.608     3.46    2.88
 138432.529    -1.434     0.46    2.64
 138808.287    -0.779     1.74    2.61
 139184.033    -0.536     0.65    2.78
 139559.765    -0.225     0.83    2.35
 139935.486    -0.846    -1.65    2.51
 140311.193    -0.866    -0.05    2.51
 140686.888    -0.893    -0.07    2.36
 141062.570    -0.869     0.06    2.60
 141438.239    -0.984    -0.30    2.24
 141813.896    -1.026    -0.11    1.88
 142189.540    -1.057    -0.08    1.96
 142565.171    -2.012    -2.54    2.71
 142940.789    -4.291    -6.07    3.03
 143316.395    -5.679    -3.69    2.94
 143691.988    -7.012    -3.55    2.20
 144067.569    -7.532    -1.38    1.85
 144443.137    -7.846    -0.83    1.33
 144818.692    -8.209    -0.97    0.90
 145194.234    -8.322    -0.30    0.91
 145569.764    -8.169     0.41    1.02
 145945.281    -8.384    -0.57    1.02
 146320.785    -8.486    -0.27    1.11
 146696.277    -8.584    -0.26    1.04
 147071.756    -8.364     0.58    0.96
 147447.223    -8.169     0.52    1.02
 147822.677    -7.846     0.86    1.17
 148198.118    -7.659     0.50    1.10
 148573.546    -7.803    -0.38    1.08
 148948.962    -7.608     0.52    1.13
 149324.365    -7.950    -0.91    1.41
 149699.756    -7.734     0.57    1.66
 150075.134    -7.917    -0.49    1.68
 150450.499    -8.096    -0.48    1.49
 150825.852    -7.608     1.30    1.57
 151201.192    -7.184     1.13    1.82
 151576.519    -6.884     0.80    1.95
 151951.834    -6.784     0.27    2.02
 152327.136    -7.023    -0.64    2.10
 152702.426    -7.291    -0.71    2.37
 153077.703    -7.514    -0.59    2.47
 153452.967    -7.536    -0.06    2.76
 153828.219    -7.686    -0.40    2.67
 154203.458    -7.266     1.12    2.63
 154578.685    -6.876     1.04    2.19
 154953.899    -7.072    -0.52    1.85
 155329.100    -7.584    -1.36    1.05
 155704.289    -7.900    -0.84    1.04
 156079.466    -7.902    -0.01    1.09
 156454.629    -7.917    -0.04    1.03
 156829.780    -7.909     0.02    0.94
 157204.919    -7.846     0.17    0.94
 157580.045    -7.584     0.70    1.47
 157955.158    -6.305     3.41    2.50
 158330.259    -5.294     2.69    2.71
 158705.347    -4.559     1.96    2.75
 159080.423    -4.876    -0.85    2.40
 159455.486    -4.828     0.13    2.23
 159830.536    -5.072    -0.65    2.12
 160205.574    -5.045     0.07    2.40
 160580.600    -4.909     0.36    2.49
 160955.613    -4.509     1.07    2.56
 161330.613    -4.846    -0.90    2.59
 161705.601    -5.359    -1.37    2.24
 162080.576    -5.462    -0.27    2.04
 162455.539    -6.145    -1.82    1.69
 162830.489    -6.109     0.10    1.84
 163205.427    -5.959     0.40    1.66
 163580.352    -6.120    -0.43    1.66
 163955.265    -6.437    -0.85    1.78
 164330.165    -6.267     0.46    1.71
 164705.053    -6.274    -0.02    1.83
 165079.928    -6.315    -0.11    1.98
 165454.791    -5.789     1.40    2.08
 165829.641    -6.108    -0.85    2.16
 166204.478    -5.876     0.62    2.27
 166579.303    -6.218    -0.91    2.03
 166954.116    -7.309    -2.91    1.95
 167328.916    -7.321    -0.03    1.73
 167703.704    -7.675    -0.94    1.31
 168078.479    -7.763    -0.24    1.45
 168453.242    -7.803    -0.11    1.71
 168827.992    -8.023    -0.59    1.34
 169202.730    -8.034    -0.03    1.52
 169577.455    -7.788     0.65    1.55
 169952.168    -7.794    -0.02    1.73
 170326.868    -7.925    -0.35    1.76
 170701.556    -7.846     0.21    1.91
 171076.231    -7.828     0.05    1.91
 171450.894    -7.941    -0.30    1.83
 171825.545    -7.815     0.34    1.63
 172200.183    -8.023    -0.56    1.64
 172574.808    -7.925     0.26    1.56
 172949.421    -7.462     1.24    1.17
 173324.022    -7.535    -0.20    1.00
 173698.610    -7.389     0.39    0.90
 174073.186    -7.509    -0.32    1.00
 174447.750    -7.532    -0.06    1.26
 174822.300    -7.934    -1.07    1.37
 175196.839    -7.941    -0.02    1.48
 175571.365    -8.096    -0.41    1.14
 175945.879    -7.901     0.52    1.13
 176320.380    -7.634     0.71    1.36
 176694.869    -7.511     0.33    1.35
 177069.345    -7.084     1.14    1.48
 177443.809    -7.267    -0.49    1.69
 177818.261    -7.059     0.56    2.05
 178192.700    -7.315    -0.69    2.09
 178567.127    -7.036     0.75    2.09
 178943.239    -6.917     0.32    1.87
 179320.137    -7.155    -0.63    1.68
 179697.022    -7.532    -1.00    1.79
 180073.895    -8.155    -1.65    1.70
 180450.755    -8.465    -0.82    1.42
 180827.603    -8.459     0.02    1.34
 181204.438    -7.467     2.63    1.62
 181581.261    -7.321     0.39    1.57
 181958.071    -7.437    -0.31    1.70
 182334.868    -7.852    -1.10    1.58
 182711.653    -8.034    -0.48    1.24
 183088.426    -7.902     0.35    1.09
 183465.186    -7.900     0.01    1.23
 183841.933    -7.893     0.02    1.44
 184218.668    -8.315    -1.12    1.41
 184595.390    -8.535    -0.58    1.14
 184972.100    -8.328     0.55    0.88
 185348.797    -8.174     0.41    0.85
 185725.482    -8.108     0.18    0.86
 186102.154    -8.145    -0.10    0.81
 186478.813    -8.145     0.00    0.81
 186855.461    -8.023     0.32    1.00
 187232.095    -8.234    -0.56    1.23
 187608.717    -8.209     0.07    1.51
 187985.327    -8.379    -0.45    1.63
 188361.924    -8.486    -0.29    1.76
 188738.509    -8.511    -0.06    1.75
 189115.081    -8.559    -0.13    1.81
 189491.641    -8.559     0.00    1.95
 189868.188    -8.559     0.00    1.87
 190244.723    -8.437     0.32    1.90
 190621.245    -8.774    -0.89    1.57
 190997.755    -9.023    -0.66    1.27
 191374.252    -8.965     0.15    1.23
 191750.737    -9.084    -0.32    1.32
 192127.209    -8.738     0.92    1.50
 192503.669    -8.174     1.50    1.76
 192880.117    -7.974     0.53    1.58
 193256.552    -7.559     1.10    1.27
 193632.974    -7.657    -0.26    1.15
 194009.384    -7.434     0.59    0.98
 194385.782    -7.505    -0.19    1.00
 194762.167    -7.351     0.41    1.15
 195138.540    -7.145     0.55    1.23
 195514.900    -7.291    -0.39    1.12
 195891.248    -7.034     0.68    1.06
 196267.584    -7.045    -0.03    1.10
 196643.907    -6.902     0.38    1.23
 197020.217    -6.891     0.03    1.30
 197396.515    -6.974    -0.22    1.32
 197772.801    -7.169    -0.52    1.22
 198149.074    -7.148     0.06    1.14
 198525.335    -7.652    -1.34    1.25
 198901.584    -7.661    -0.02    1.46
 199277.820    -7.901    -0.64    1.56
 199654.044    -7.684     0.58    1.63
 200030.255    -7.462     0.59    1.50
 200406.454    -7.072     1.04    1.40
 200782.640    -6.900     0.46    1.58
 201158.814    -6.959    -0.16    1.31
 201534.976    -7.131    -0.46    1.19
 201911.125    -7.291    -0.42    1.29
 202287.262    -7.584    -0.78    1.23
 202663.387    -7.738    -0.41    1.27
 203039.499    -7.950    -0.56    1.09
 203415.599    -8.291    -0.91    1.19
 203791.686    -8.145     0.39    1.16
 204167.762    -8.184    -0.10    1.26
 204543.824    -8.023     0.43    1.30
 204919.875    -7.734     0.77    1.14
 205295.913    -7.809    -0.20    1.21
 205671.938    -7.706     0.27    1.23
 206047.952    -7.559     0.39    1.29
 206423.952    -7.959    -1.06    1.63
 206799.941    -8.511    -1.47    1.54
 207175.917    -8.686    -0.47    1.48
 207551.881    -8.459     0.61    1.62
 207927.833    -8.276     0.49    1.51
 208303.772    -8.298    -0.06    1.29
 208679.699    -8.169     0.34    1.30
 209055.613    -8.298    -0.34    1.13
 209431.516    -8.409    -0.29    1.32
 209807.406    -8.005     1.07    1.45
 210183.283    -7.886     0.32    1.44
 210559.149    -7.706     0.48    1.33
 210935.001    -7.609     0.26    1.39
 211310.842    -7.608     0.00    1.51
 211686.671    -7.661    -0.14    1.48
 212062.487    -7.834    -0.46    1.48
 212438.290    -7.584     0.67    1.69
 212814.082    -7.584     0.00    1.72
 213189.861    -7.340     0.65    1.71
 213565.628    -7.430    -0.24    1.68
 213941.382    -7.606    -0.47    1.47
 214317.125    -7.794    -0.50    1.54
 214692.855    -7.909    -0.30    1.61
 215068.572    -8.120    -0.56    1.50
 215444.278    -7.730     1.04    1.85
 215819.971    -6.917     2.16    2.23
 216195.652    -6.242     1.80    2.08
 216571.321    -6.284    -0.11    2.13
 216946.977    -6.859    -1.53    2.22
 217322.621    -7.559    -1.86    2.07
 217698.253    -7.950    -1.04    1.76
 218073.872    -8.072    -0.32    1.52
 218449.480    -8.684    -1.63    1.43
 218825.075    -9.109    -1.13    1.45
 219200.658    -9.364    -0.68    1.42
 219576.228    -9.709    -0.92    1.26
 219951.787   -10.047    -0.90    0.98
 220327.333   -10.145    -0.26    0.95
 220702.867   -10.430    -0.76    0.54
 221078.388   -10.384     0.12    0.61
 221453.898   -10.334     0.13    0.67
 221829.395   -10.169     0.44    0.81
 222204.880    -9.998     0.45    1.14
 222580.353   -10.108    -0.29    1.04
 222955.813   -10.413    -0.81    0.67
 223331.262   -10.347     0.18    0.75
 223706.698   -10.235     0.30    0.78
 224082.122   -10.194     0.11    0.74
 224457.533   -10.120     0.19    0.81
 224832.933    -9.950     0.45    0.97
 225208.320   -10.020    -0.19    0.94
 225583.695    -9.947     0.19    0.92
 225959.058    -9.661     0.76    1.18
 226334.409    -9.634     0.07    1.26
 226709.747    -9.511     0.33    1.57
 227085.074    -9.071     1.17    1.92
 227460.388    -7.956     2.97    2.60
 227835.690    -6.400     4.15    2.25
 228210.980    -5.634     2.04    1.63
 228586.257    -5.413     0.59    1.55
 228961.523    -5.437    -0.06    1.61
 229336.776    -5.730    -0.78    1.28
 229712.017    -5.815    -0.22    1.51
 230087.246    -5.509     0.81    1.61
 230462.463    -5.509     0.00    1.54
 230837.668    -5.511    -0.00    1.63
 231212.860    -5.462     0.13    1.33
 231588.041    -5.535    -0.19    1.34
 231963.209    -5.535     0.00    1.18
 232338.365    -5.459     0.20    1.11
 232713.509    -5.584    -0.33    1.24
 233088.641    -5.218     0.98    1.51
 233463.761    -4.828     1.04    1.76
 233838.868    -4.779     0.13    1.94
 234213.964    -4.584     0.52    1.85
 234589.047    -4.852    -0.72    1.72
 234964.118    -4.891    -0.11    2.20
 235339.177    -5.108    -0.58    2.51
 235714.224    -5.096     0.03    2.64
 236089.259    -5.679    -1.55    2.83
 236464.282    -5.734    -0.15    2.42
 236839.292    -5.689     0.12    2.31
 237214.291    -5.311     1.01    1.98
 237589.277    -4.809     1.34    1.12
 237964.251    -4.950    -0.38    1.13
 238339.214    -5.437    -1.30    1.48
 238714.164    -5.584    -0.39    1.41
 239089.102    -6.288    -1.88    1.72
 239464.028    -6.891    -1.61    1.99
 239838.942    -7.734    -2.25    2.33
 240213.844    -8.730    -2.66    2.41
 240588.733    -8.584     0.39    3.32
 240963.611    -7.559     2.73    4.53
 241338.477    -5.163     6.39    5.05
 241713.330    -3.584     4.21    4.62
 242088.171    -2.984     1.60    3.40
 242463.001    -4.340    -3.62    3.70
 242837.818    -6.779    -6.51    3.33
 243212.623    -8.340    -4.16    2.76
 243587.417    -9.209    -2.32    2.34
 243962.198    -9.009     0.53    2.46
 244336.967    -8.409     1.60    2.80
 244711.724    -7.657     2.01    2.72
 245086.469    -7.184     1.26    2.81
 245461.202    -7.047     0.36    2.79
 245835.923    -7.218    -0.46    2.76
 246210.632    -7.925    -1.89    2.85
 246585.329    -8.738    -2.17    2.59
 246960.014    -8.869    -0.35    2.41
 247334.687    -9.218    -0.93    2.24
 247709.348    -9.072     0.39    2.27
 248083.996    -8.959     0.30    2.56
 248458.633    -8.294     1.77    2.96
 248833.258    -7.266     2.75    3.61
 249207.871    -6.174     2.91    3.92
 249582.472    -4.803     3.66    4.06
 249957.060    -3.584     3.26    3.33
 250331.637    -2.815     2.05    2.30
 250706.202    -2.788     0.07    1.82
 251080.755    -3.553    -2.04    2.57
