# NaN NaN NaN ;Mean Elev.(m), Avg Gradient(m/km), RMS Gradient(m/km) - SRTM1     
#   10.230  -0.085   0.649 ;Mean Elev.(m), Avg Gradient(m/km), RMS Gradient(m/km) - ASTER GDEM
#    8.850  -0.126   1.854 ;Mean Elev.(m), Avg Gradient(m/km), RMS Gradient(m/km) - GMTED2010 
  6  89.716472  24.004036     7.678     7.678  2 52442.17811839 35.347
  7  89.719780  23.997971    10.004    10.004  2 52477.17811516 39.380
  8  89.726834  23.980582    10.175    10.176  4 52512.17806362 50.792
  9  89.725141  23.990947     9.225     9.212  3 52547.17809568 33.049
 10  89.724630  23.989854     7.309     7.756  3 52582.17810723 34.101
 11  89.719102  23.998986     7.597     7.631  3 52617.17807776 19.580
 13  89.724158  23.992374     7.863     8.160  3 52687.17804968 18.969
 14  89.723248  23.991665     3.268     3.514  3 52722.17809789 25.456
 17  89.727006  23.980964    10.354    10.361  4 52827.17814144 24.440
 18  89.726185  23.972828     9.759     9.759  2 52862.17818835 31.174
 19  89.721944  23.996746    10.216    10.211  3 52897.17821385 30.345
 20  89.719635  23.999944     9.265     9.340  3 52932.17816020 36.957
 21  89.726236  23.986819     6.071     5.784  5 52967.17816524 44.190
 22  89.718565  24.001376     6.745     7.209  3 53002.17818925 22.040
 23  89.719210  23.998344     5.237     4.051  3 53037.17813884 21.029
 24  89.722435  23.993287     7.003     8.004  3 53072.17816427 28.305
 25  89.718676  23.999789     9.283     9.283  2 53107.17813929 16.945
 26  89.724520  23.990803     5.570     5.588  4 53142.17817270 27.612
 28  89.721601  23.993635    11.673    11.674  3 53212.17821760 45.290
 29  89.723062  23.992420     9.749     9.731  3 53247.17818632 31.680
 30  89.723490  23.994332     8.830     8.793  3 53282.17817436 34.004
 48  89.719829  23.998733     8.159     8.159  2 53912.17816823 30.628
 56  89.721679  23.994814     9.634     9.449  3 54192.17806591 15.746
 57  89.724132  23.992393     5.856     5.836  3 54227.17811549 25.086
 58  89.724697  23.991066     8.391     8.139  3 54262.17813512 34.848
 59  89.724199  23.991264     9.322     9.300  4 54297.17814021 36.020
 60  89.723960  23.990141    10.439    10.431  3 54332.17813081 47.222
 61  89.721932  23.993810    10.066    10.072  3 54367.17807175 35.283
 62  89.724635  23.992267     8.315     7.997  3 54402.17807332 32.297
 63  89.722118  23.994430     6.365     6.364  3 54437.17803013 41.009
 64  89.726194  23.986292     4.808     4.528  5 54472.17805937 26.835
 66  89.725133  23.991113     3.523     3.457  3 54542.17807297 27.927
 67  89.722407  23.995052     5.902     5.016  3 54577.17804343 19.450
 68  89.724456  23.990784     6.112     6.067  3 54612.17806415 33.177
 69  89.723424  23.991610     9.387     9.355  3 54647.17807129 30.817
 70  89.723518  23.993261    10.457    10.444  3 54682.17807145 45.292
 71  89.722935  23.994198    11.236    11.223  3 54717.17801971 49.056
 72  89.724419  23.991467     8.714     8.413  3 54752.17804428 32.910
 73  89.722293  23.992691     6.640     6.635  3 54787.17801040 31.152
 74  89.725504  23.990155     5.115     5.369  3 54822.17803819 27.993
 75  89.723480  23.992995     3.935     3.505  3 54857.17800630 27.963
 76  89.722081  23.992750     9.517     9.186  3 54892.17804123 30.102
 77  89.720562  23.995537    10.259    10.073  3 54927.17800370 18.133
 78  89.723833  23.992099     5.866     4.917  4 54962.17803962 18.671
 79  89.721702  23.993327     5.802     5.773  3 54997.17806090 20.700
 80  89.723078  23.992593     8.516     8.461  3 55032.17805048 25.271
 81  89.723521  23.991355    10.430    10.413  3 55067.17803944 50.423
 82  89.720593  23.996756     8.984     9.073  3 55102.17797886 33.941
 83  89.724472  23.990942     7.341     7.398  3 55137.17798631 31.168
 84  89.722651  23.993474     5.675     5.949  3 55172.17794730 31.950
 85  89.724507  23.990019     4.101     4.128  3 55207.17798036 31.263
 86  89.721063  23.994276    10.130    10.352  3 55242.17795259 28.049
 87  89.723075  23.993457     8.823     8.944  3 55277.17797343 24.107
 88  89.722154  23.992568     9.505     9.366  3 55312.17793728 14.481
 89  89.723957  23.990355     9.091     9.329  3 55347.17794398 34.295
 90  89.722888  23.992477     9.744     9.747  3 55382.17793506 42.074
 91  89.725550  23.991240     9.357     9.350  3 55417.17796265 39.377
 92  89.723108  23.991048    10.824    10.814  3 55452.17794526 49.457
 93  89.722478  23.993649     8.545     8.550  3 55487.17786762 36.779
