# NaN NaN NaN ;Mean Elev.(m), Avg Gradient(m/km), RMS Gradient(m/km) - SRTM1     
#   22.110  -1.279  14.055 ;Mean Elev.(m), Avg Gradient(m/km), RMS Gradient(m/km) - ASTER GDEM
#   30.815  -0.444  14.279 ;Mean Elev.(m), Avg Gradient(m/km), RMS Gradient(m/km) - GMTED2010 
  9    32.744 52521.65398312 26.37  90.365323  26.185595 28.039
  9    32.859 52521.65398376 30.94  90.364473  26.188885 28.039
  9    32.960 52521.65398441 37.42  90.363633  26.192175 28.039
 11    29.928 52591.65402745 52.68  90.359944  26.186365 26.521
 11    29.842 52591.65402810 50.54  90.359094  26.189655 26.521
 12    28.414 52626.65394483 43.97  90.369477  26.186198 17.771
 12    28.855 52626.65394548 51.08  90.368627  26.189488 17.771
 12    28.902 52626.65394612 52.35  90.367787  26.192778 17.771
 13    28.129 52661.65399124 26.54  90.363133  26.186245 20.996
 13    28.049 52661.65399189 21.45  90.362283  26.189535 20.996
 15    34.738 52731.65399416 16.71  90.371171  26.185093  9.685
 15    34.795 52731.65399481 20.26  90.370321  26.188383  9.685
 15    35.371 52731.65399545 24.51  90.369481  26.191673  9.685
 16    31.828 52766.65400370 12.39  90.361918  26.184848  4.654
 16    30.512 52766.65400434 12.57  90.361078  26.188138  4.654
 17    32.424 52801.65400794 41.91  90.361809  26.186600 18.479
 17    32.550 52801.65400859 41.53  90.360959  26.189890 18.479
 18    35.254 52836.65407404 36.54  90.364124  26.187131 28.055
 18    35.497 52836.65407468 39.03  90.363274  26.190421 28.055
 19    34.097 52871.65411422 51.01  90.365873  26.185691 27.861
 19    33.987 52871.65411486 54.02  90.365023  26.188981 27.861
 19    34.055 52871.65411551 48.94  90.364183  26.192271 27.861
 20    33.925 52906.65410767 51.28  90.367033  26.185180 28.194
 20    33.827 52906.65410832 48.41  90.366183  26.188470 28.194
 20    33.904 52906.65410896 47.01  90.365343  26.191760 28.194
 21    31.498 52941.65403835 55.47  90.364289  26.186980 29.659
 21    31.518 52941.65403899 52.55  90.363449  26.190270 29.659
 23    28.731 53011.65409110 50.91  90.361278  26.184913 27.533
 23    29.067 53011.65409175 54.77  90.360428  26.188203 27.533
 28    34.351 53186.65409643 48.46  90.371674  26.184487 30.996
 28    34.266 53186.65409708 46.66  90.370824  26.187777 30.996
 28    34.370 53186.65409772 44.05  90.369984  26.191067 30.996
 28    34.883 53186.65409837 42.52  90.369134  26.194357 30.996
 29    34.203 53221.65412221 48.10  90.365689  26.187494 38.925
 29    34.207 53221.65412285 46.47  90.364839  26.190784 38.925
 30    33.841 53256.65409838 41.55  90.361844  26.186492 29.783
 30    34.093 53256.65409902 42.76  90.360996  26.189791 33.645
 32    30.526 53326.65408749 50.38  90.367709  26.185604 31.813
 32    30.519 53326.65408813 53.02  90.366859  26.188894 31.813
 32    30.503 53326.65408877 50.35  90.366019  26.192194 31.813
 33    29.458 53361.65404402 30.80  90.370430  26.184731 25.118
 33    29.487 53361.65404467 31.33  90.369580  26.188021 25.118
 33    28.975 53361.65404531 29.06  90.368740  26.191311 25.118
 33    29.303 53361.65404596 27.18  90.367890  26.194601 25.118
 34    29.243 53396.65406490 44.06  90.360857  26.185703 17.381
 34    29.024 53396.65406554 31.05  90.360007  26.188993 17.381
 35    29.744 53431.65405644 22.03  90.368869  26.185530 15.333
 35    35.108 53431.65405708 19.12  90.368029  26.188820 15.333
 35    35.495 53431.65405773 25.94  90.367179  26.192110 15.333
 36    33.255 53466.65408942 20.84  90.361469  26.185561  9.897
 36    32.560 53466.65409006 21.79  90.360619  26.188861  9.897
 38    32.255 53536.65413636 52.18  90.364781  26.186407 29.045
 38    32.294 53536.65413700 50.76  90.363931  26.189697 29.045
 39    34.503 53571.65414259 46.12  90.359328  26.186584 31.455
 39    34.505 53571.65414324 44.95  90.358488  26.189874 31.455
 40    34.303 53606.65409056 49.17  90.367013  26.185610 31.485
 40    34.305 53606.65409120 46.20  90.366173  26.188900 31.485
 40    34.297 53606.65409185 43.68  90.365323  26.192190 31.485
 41    33.004 53641.65409121 32.03  90.358978  26.186240 20.849
 41    33.091 53641.65409186 39.74  90.358128  26.189530 20.849
 42    31.260 53676.65411015 50.85  90.358767  26.185522 25.992
 42    31.267 53676.65411080 50.95  90.357927  26.188812 25.992
 43    29.779 53711.65403908 53.89  90.370607  26.185126 35.247
 43    29.564 53711.65403972 47.83  90.369757  26.188416 35.247
 43    29.682 53711.65404037 53.69  90.368917  26.191706 35.247
 44    28.965 53746.65395068 47.90  90.363794  26.186030 33.428
 44    28.806 53746.65395132 52.29  90.362954  26.189320 33.428
 45    28.400 53781.65398152 33.45  90.368641  26.185142 26.220
 45    28.394 53781.65398217 35.71  90.367801  26.188432 26.220
 45    28.418 53781.65398281 40.45  90.366951  26.191722 26.220
 46    29.358 53816.65394814 25.28  90.371597  26.183734 18.695
 46    29.452 53816.65394878 23.56  90.370757  26.187024 18.695
 46    35.474 53816.65394942 17.45  90.369907  26.190314 18.695
 46    35.698 53816.65395007 25.28  90.369067  26.193604 18.695
 48    31.751 53886.65402535 47.81  90.372497  26.184352 25.787
 48    31.809 53886.65402599 47.37  90.371647  26.187642 25.787
 48    31.836 53886.65402664 47.64  90.370807  26.190932 25.787
 48    31.832 53886.65402728 45.02  90.369957  26.194232 25.787
 51    33.690 53991.65401411 50.37  90.363225  26.186291 24.400
 51    33.750 53991.65401476 47.08  90.362385  26.189581 24.400
 52    31.180 54026.65407928 55.06  90.362312  26.187553 32.112
 52    31.198 54026.65407992 46.95  90.361472  26.190843 32.112
 53    29.640 54061.65407188 48.80  90.369651  26.186070 35.562
 53    29.686 54061.65407253 49.90  90.368811  26.189360 35.562
 53    29.573 54061.65407317 52.10  90.367961  26.192650 35.562
 55    28.277 54131.65399372 46.82  90.362124  26.185157 26.827
 55    28.355 54131.65399436 46.69  90.361274  26.188457 26.827
 56    28.675 54166.65401722 50.29  90.363664  26.187736 25.291
 56    28.529 54166.65401786 43.73  90.362824  26.191026 25.291
 57    30.608 54201.65399706 21.11  90.361413  26.187057  7.871
 57    34.548 54201.65399770 19.32  90.360573  26.190347  7.871
 58    30.288 54236.65403292 30.69  90.364766  26.184875 19.840
 58    30.417 54236.65403356 38.02  90.363916  26.188165 19.840
 58    30.498 54236.65403421 41.44  90.363076  26.191455 19.840
 59    34.572 54271.65405371 48.60  90.364792  26.187369 23.348
 59    34.582 54271.65405436 44.86  90.363942  26.190659 23.348
 60    34.939 54306.65405551 31.47  90.364510  26.185462 20.724
 60    34.953 54306.65405616 31.41  90.363670  26.188752 20.724
 61    33.831 54341.65403649 47.64  90.366990  26.186339 25.182
 61    33.844 54341.65403713 48.25  90.366140  26.189629 25.182
 61    33.827 54341.65403778 50.02  90.365300  26.192919 25.182
 62    32.310 54376.65399042 47.48  90.363091  26.185832 27.342
 62    32.301 54376.65399107 47.27  90.362241  26.189122 27.342
 63    30.808 54411.65398346 46.76  90.364010  26.187051 26.301
 63    30.873 54411.65398410 49.85  90.363170  26.190341 26.301
 64    29.883 54446.65395525 51.12  90.361524  26.187155 29.862
 64    29.926 54446.65395589 49.20  90.360684  26.190455 29.862
 65    29.285 54481.65397539 48.22  90.365365  26.186682 30.920
 65    29.281 54481.65397604 45.92  90.364515  26.189972 30.920
 66    29.463 54516.65396889 49.73  90.363158  26.185496 26.781
 66    29.381 54516.65396953 52.11  90.362308  26.188786 26.781
 67    30.013 54551.65398833 49.93  90.365261  26.187514 31.690
 67    29.921 54551.65398898 51.25  90.364411  26.190814 31.690
 68    31.058 54586.65396514 49.33  90.363722  26.186260 26.519
 68    31.057 54586.65396578 50.71  90.362872  26.189550 26.519
 69    32.752 54621.65398391 30.49  90.363701  26.187068 16.255
 69    32.579 54621.65398456 36.94  90.362861  26.190358 16.255
 71    33.921 54691.65397736 27.40  90.365198  26.185008 26.225
 71    34.196 54691.65397800 28.95  90.364358  26.188298 26.225
 71    34.176 54691.65397865 39.69  90.363518  26.191588 26.225
 72    33.413 54726.65394589 33.81  90.362581  26.187830 19.595
 72    33.540 54726.65394653 38.86  90.361741  26.191120 19.595
 73    31.485 54761.65395432 51.47  90.363516  26.186161 31.407
 73    31.492 54761.65395496 51.98  90.362676  26.189461 31.407
 75    29.527 54831.65395534 50.55  90.363900  26.186284 31.041
 75    29.668 54831.65395599 50.96  90.363050  26.189574 31.041
 76    29.163 54866.65393391 47.79  90.362702  26.185586 27.809
 76    29.144 54866.65393455 36.82  90.361862  26.188876 27.809
 77    29.394 54901.65395401 21.87  90.363244  26.187853 18.353
 77    29.497 54901.65395465 21.21  90.362404  26.191143 18.353
 78    30.196 54936.65392401 49.45  90.363508  26.186373 25.775
 78    30.120 54936.65392465 47.64  90.362668  26.189663 25.775
 79    30.992 54971.65395701 45.68  90.364216  26.184726 27.253
 79    31.071 54971.65395765 45.60  90.363376  26.188016 27.253
 79    31.072 54971.65395830 38.46  90.362526  26.191306 27.253
 80    31.974 55006.65397548 44.62  90.362481  26.186019 29.984
 80    32.021 55006.65397613 46.36  90.361641  26.189309 29.984
 81    33.636 55041.65396416 34.63  90.364344  26.187831 28.231
 81    33.642 55041.65396481 43.96  90.363504  26.191121 28.231
 82    33.823 55076.65394445 50.92  90.365470  26.185779 34.673
 82    33.584 55076.65394509 45.78  90.364620  26.189069 34.673
 82    33.600 55076.65394574 42.78  90.363780  26.192359 34.673
 83    33.243 55111.65389610 23.35  90.363336  26.184758 14.707
 83    32.672 55111.65389674 24.90  90.362486  26.188058 14.707
 83    31.696 55111.65389739 33.20  90.361646  26.191348 14.707
 84    30.055 55146.65389774 30.90  90.363228  26.184798 22.909
 84    29.955 55146.65389838 44.32  90.362388  26.188088 22.909
 85    29.280 55181.65387493 52.51  90.361901  26.184914 32.933
 85    29.276 55181.65387558 52.99  90.361061  26.188204 32.933
 86    28.618 55216.65389251 35.26  90.364905  26.185142 24.728
 86    28.453 55216.65389315 27.79  90.364065  26.188432 24.728
 86    28.367 55216.65389380 21.11  90.363215  26.191732 24.728
 88    30.029 55286.65388641 45.64  90.364417  26.186758 23.062
 88    30.730 55286.65388706 49.43  90.363567  26.190058 23.062
 89    31.995 55321.65386145 47.27  90.362574  26.185778 27.230
 89    31.977 55321.65386210 47.85  90.361734  26.189068 27.230
 90    33.918 55356.65386100 37.74  90.363749  26.185645 19.959
 90    34.090 55356.65386164 42.60  90.362899  26.188945 19.959
 91    34.644 55391.65386253 47.81  90.361805  26.186815 30.136
 91    34.628 55391.65386317 44.72  90.360955  26.190105 30.136
 92    33.659 55426.65387797 49.34  90.364256  26.187652 29.789
 92    33.617 55426.65387862 44.58  90.363406  26.190952 29.789
 93    34.486 55461.65384408 46.70  90.367472  26.186495 38.567
 93    34.480 55461.65384472 44.14  90.366622  26.189785 38.567
 93    34.507 55461.65384536 43.80  90.365782  26.193075 38.567
