-289542.945   443.066     0.00   50.92
-289167.580   436.867   -16.51   51.80
-288792.201   441.144    11.39   69.91
-288416.809   468.477    72.80   89.76
-288041.402   507.103   102.87   89.85
-287665.981   526.770    52.37   77.62
-287290.546   522.413   -11.60   79.04
-286915.097   494.398   -74.60   80.43
-286539.634   442.794  -137.41   80.04
-286164.157   394.419  -128.81   73.43
-285788.665   350.413  -117.17   50.09
-285413.160   319.375   -82.64   38.60
-285037.640   300.724   -49.66   30.07
-284662.107   289.056   -31.06   32.11
-284286.559   269.069   -53.21   31.81
-283910.997   253.282   -42.03   30.76
-283535.421   247.236   -16.09   29.18
-283159.831   246.984    -0.67   29.48
-282784.227   254.127    19.01   31.54
-282408.609   262.199    21.48   31.42
-282032.976   262.086    -0.30   35.32
-281657.330   250.594   -30.59   37.08
-281281.669   238.574   -31.99   39.70
-280905.994   230.721   -20.90   38.93
-280530.306   229.937    -2.09   39.74
-280154.602   220.079   -26.23   45.60
-279778.885   200.519   -52.05   49.79
-279403.154   168.484   -85.24   42.99
-279027.408   141.537   -71.70   29.46
-278651.649   133.079   -22.50   24.22
-278275.875   126.460   -17.61   22.03
-277900.087   123.933    -6.72   22.80
-277524.285   121.318    -6.96   22.77
-277148.468   118.504    -7.48   20.72
-276772.638   109.726   -23.35   17.82
-276396.793   105.233   -11.95   13.24
-276020.934   105.422     0.50   14.13
-275645.061   108.599     8.45   12.05
-275269.174   111.537     7.82    8.32
-274893.272   111.112    -1.13    7.95
-274517.357   110.691    -1.12    7.63
-274141.427   108.032    -7.07    6.87
-273765.483   107.246    -2.09    6.51
-273389.525   106.178    -2.84    8.24
-273013.552   106.407     0.61    8.66
-272637.566   107.899     3.97    9.35
-272261.565   106.960    -2.50    9.51
-271885.550   107.398     1.16    6.87
-271509.520   105.306    -5.56    6.93
-271133.477   100.816   -11.94    8.32
-270757.419    93.531   -19.37   15.65
-270381.347    86.556   -18.54   16.87
-270005.261    82.305   -11.30   16.38
-269629.160    81.246    -2.82   16.68
-269253.046    90.460    24.49   16.75
-268876.917    99.845    24.95   11.88
-268500.774   104.008    11.07   12.26
-268124.616   108.867    12.91   17.12
-267748.444   113.294    11.77   11.98
-267372.258   114.341     2.78    9.94
-266996.058   115.721     3.67    8.30
-266619.844   116.352     1.68    7.15
-266243.615   120.819    11.87   10.88
-265867.372   125.452    12.31   12.26
-265491.115   128.940     9.27   10.66
-265114.843   128.160    -2.07   11.21
-264738.557   125.175    -7.93   11.02
-264362.257   122.270    -7.72   11.11
-263985.942   121.550    -1.91   13.53
-263609.614   124.437     7.67   16.09
-263233.271   129.770    14.17   17.01
-262856.913   136.794    18.66   16.72
-262480.542   140.538     9.95   18.01
-262104.156   143.428     7.68   18.67
-261727.755   141.044    -6.33   20.74
-261351.341   135.199   -15.53   18.86
-260974.912   140.236    13.38   22.21
-260598.468   143.259     8.03   23.97
-260222.011   149.222    15.84   23.22
-259845.539   162.647    35.65   23.92
-259469.053   170.355    20.47   25.09
-259092.552   179.933    25.44   20.01
-258716.037   177.651    -6.06   19.46
-258339.508   170.722   -18.40   19.50
-257962.964   160.865   -26.17   17.71
-257586.406   152.056   -23.39   17.04
-257209.834   147.038   -13.32   18.43
-256833.247   138.843   -21.76   20.01
-256456.646   124.389   -38.37   20.09
-256080.031   116.160   -21.85   17.95
-255703.401   111.818   -11.53   15.35
-255326.757   112.501     1.81   18.51
-254950.099   121.246    23.21   20.18
-254573.426   130.719    25.14   17.86
-254196.738   128.865    -4.92   22.39
-253820.037   131.079     5.88   24.69
-253443.321   138.818    20.54   30.45
-253066.590   147.818    23.88   29.30
-252689.846   157.358    25.32   20.36
-252313.086   150.887   -17.17   21.67
-251936.313   139.233   -30.92   18.75
-251559.525   133.556   -15.06   18.03
-251182.722   134.404     2.25   19.75
-250805.905   138.583    11.09   20.36
-250429.074   134.771   -10.11   20.90
-250052.228   125.111   -25.63   20.75
-249675.368   118.160   -18.44   13.20
-249298.494   117.550    -1.62   11.16
-248921.605   124.294    17.89   14.79
-248544.701   130.862    17.42   14.15
-248167.783   136.640    15.33   12.17
-247790.851   138.550     5.07   10.08
-247413.904   137.259    -3.42    8.00
-247036.943   135.999    -3.34    9.70
-246661.794   129.748   -16.66   10.29
-246287.679   123.307   -17.22    8.21
-245913.550   119.135   -11.15    6.10
-245539.407   115.651    -9.31    5.07
-245165.249   113.627    -5.41    5.10
-244791.077   111.329    -6.14    4.22
-244416.891   109.768    -4.17    4.37
-244042.691   106.930    -7.58    4.56
-243668.477   104.050    -7.69    4.71
-243294.248   103.460    -1.58    5.96
-242920.005   102.208    -3.34    7.63
-242545.748    98.989    -8.60    8.02
-242171.476    99.112     0.33    8.47
-241797.190    98.188    -2.47    8.24
-241422.890    96.603    -4.23    9.17
-241048.576    97.375     2.06    8.92
-240674.248    96.233    -3.05    9.22
-240299.905    95.794    -1.17    9.76
-239925.548    94.644    -3.07    9.35
-239551.176    93.721    -2.47    8.62
-239176.790    95.127     3.76    7.96
-238802.390    94.747    -1.01    8.01
-238427.976    97.222     6.61    5.86
-238053.547    98.437     3.24    7.65
-237679.104   100.413     5.28    7.78
-237304.647   103.073     7.10    4.29
-236930.176   102.008    -2.84    6.94
-236555.690    98.379    -9.69    8.61
-236181.190    97.379    -2.67    9.02
-235806.675    98.282     2.41    9.42
-235432.146   102.937    12.43    8.44
-235057.603   107.889    13.22    6.53
-234683.046   110.379     6.65    4.41
-234308.474   111.794     3.78    5.67
-233933.888   112.079     0.76    5.69
-233559.287   111.365    -1.91    6.84
-233184.673   107.769    -9.60    6.77
-232810.043   104.841    -7.81    7.39
-232435.400   102.404    -6.51    5.74
-232060.742   102.969     1.51    5.40
-231686.070   105.654     7.17    5.60
-231311.383   106.640     2.63    5.26
-230936.682   106.603    -0.10    5.17
-230561.967   102.508   -10.93    7.35
-230187.237    98.887    -9.66    7.88
-229812.493   100.841     5.21    8.05
-229437.735   102.320     3.95    7.34
-229062.962   104.794     6.60    4.41
-228688.175   105.169     1.00    4.10
-228313.373   105.119    -0.13    3.94
-227938.557   106.341     3.26    4.12
-227563.727   106.563     0.59    4.08
-227188.882   107.544     2.62    3.83
-226814.023   109.358     4.84    4.21
-226439.149   110.556     3.19    4.74
-226064.261   110.654     0.26    5.36
-225689.359   109.369    -3.43    5.15
-225314.442   106.066    -8.81    6.21
-224939.510   102.188   -10.34    7.81
-224564.565    98.398   -10.11    9.18
-224189.605    92.910   -14.63   11.07
-223814.630    88.937   -10.59   12.62
-223439.641    88.056    -2.35   12.40
-223064.638    90.332     6.07   11.31
-222689.620    92.887     6.81    9.11
-222314.587    95.769     7.68    5.50
-221939.541    97.160     3.71    5.43
-221564.479    98.111     2.54    3.96
-221189.404    99.306     3.19    2.87
-220814.314    99.937     1.68    2.75
-220439.209   100.989     2.80    3.01
-220064.090   102.574     4.23    3.52
-219688.956   104.889     6.17    4.42
-219313.808   106.270     3.68    4.06
-218938.646   106.696     1.14    3.46
-218563.469   106.460    -0.63    3.40
-218188.277   106.794     0.89    3.64
-217813.071   106.651    -0.38    3.25
-217437.851   107.422     2.05    4.00
-217062.616   107.627     0.55    4.18
-216687.367   107.375    -0.67    4.49
-216312.103   105.584    -4.77    5.37
-215936.824   103.532    -5.47    4.69
-215561.531   103.574     0.11    4.81
-215186.224   105.794     5.91    7.30
-214810.902   108.579     7.42    7.10
-214435.565   108.722     0.38    7.68
-214060.214   106.062    -7.09    8.74
-213684.849    97.724   -22.21   14.00
-213309.469    87.913   -26.13   17.75
-212934.074    81.413   -17.31   20.31
-212558.665    80.867    -1.45   23.00
-212183.241    83.079     5.89   23.16
-211807.803    79.184   -10.37   20.98
-211432.350    75.556    -9.66   17.49
-211056.883    79.675    10.97   20.77
-210681.401    90.919    29.94   24.33
-210305.904   105.050    37.63   23.10
-209930.393   120.160    40.23   11.41
-209554.868   121.556     3.72   11.67
-209179.328   111.103   -27.83   21.64
-208803.773   102.721   -22.32   30.59
-208428.204    92.657   -26.79   32.32
-208052.620    81.383   -30.01   32.22
-207677.021    73.770   -20.27   28.37
-207301.408    65.794   -21.23   18.27
-206925.781    67.561     4.70   15.71
-206550.138    71.654    10.89   15.35
-206174.481    81.267    25.59   17.79
-205798.810    93.816    33.40   24.55
-205423.124   105.019    29.81   25.98
-205047.423   108.794    10.05   22.81
-204671.708   105.365    -9.12   23.14
-204295.978    94.691   -28.40   24.94
-203920.234    86.430   -21.98   23.11
-203544.475    80.486   -15.82   26.22
-203168.701    68.246   -32.57   30.74
-202792.912    61.907   -16.87   31.25
-202417.109    56.269   -15.00   26.97
-202041.292    51.771   -11.97   17.25
-201665.459    59.899    21.62   12.30
-201289.612    65.096    13.83   13.39
-200913.751    75.910    28.77   23.90
-200537.875    94.127    48.46   36.09
-200161.984   111.976    47.48   36.61
-199786.078   121.871    26.32   31.90
-199410.158   123.112     3.30   30.63
-199034.223   117.672   -14.47   33.13
-198658.274   119.675     5.33   32.18
-198282.309   134.556    39.57   31.51
-197906.330   139.244    12.47   31.24
-197530.337   146.430    19.11   31.95
-197154.329   153.769    19.51   33.97
-196778.306   159.794    16.02   43.81
-196402.268   172.127    32.79   55.22
-196026.216   188.160    42.63   64.50
-195650.149   190.222     5.48   72.32
-195274.067   186.086   -11.00   63.02
-194897.971   195.556    25.17   61.88
-194521.859   202.887    19.49   66.92
-194145.734   229.818    71.59   60.59
-193769.593   251.525    57.70   45.47
-193393.438   263.937    32.99   36.24
-193017.268   272.550    22.89   32.03
-192641.083   279.318    17.99   36.79
-192264.883   301.561    59.12   45.97
-191888.669   336.889    93.89   52.45
-191512.440   378.189   109.76   64.55
-191136.197   429.246   135.68   72.07
-190759.938   481.413   138.62   79.39
-190383.665   524.111   113.46   80.55
-190007.377   571.413   125.69   87.61
-189631.074   616.603   120.07   84.15
-189254.757   618.515     5.08   80.32
-188878.425   591.677   -71.30  103.57
-188502.078   502.460  -237.02  145.90
-188125.716   376.062  -335.79  125.90
-187749.340   282.330  -249.00  106.16
-187372.948   250.119   -85.57   64.66
-186996.542   278.747    76.04   94.28
-186620.121   343.056   170.82  111.65
-186243.686   430.672   232.72   82.65
-185867.235   509.257   208.72   80.03
-185490.770   580.096   188.14   86.63
-185114.290   633.603   142.10   73.95
-184737.795   685.579   138.03   75.61
-184361.286   726.203   107.88   89.63
-183984.761   778.675   139.34   95.57
-183608.222   832.175   142.06  112.44
-183231.668   901.627   184.41  104.85
-182855.099   991.651   239.03  118.20
-182478.515  1053.841   165.12   97.62
-182101.917  1108.103   144.06   70.98
-181725.303  1136.696    75.91   57.84
-181348.675  1127.199   -25.21   65.72
-180972.032  1076.069  -135.73   82.64
-180595.374  1018.603  -152.54   99.96
-180218.701   957.389  -162.49   98.50
-179842.014   892.103  -173.29   94.68
-179465.311   838.865  -141.31   95.62
-179088.594   789.717  -130.45   99.63
-178711.862   728.584  -162.25  107.77
-178335.115   651.867  -203.60  121.74
-177958.353   581.282  -187.32  126.13
-177581.576   496.460  -225.09  124.30
-177204.784   448.153  -128.19   97.47
-176827.978   423.544   -65.30   71.80
-176451.157   427.208     9.72   74.72
-176074.320   457.330    79.92   92.31
-175697.469   494.603    98.89   95.62
-175320.603   538.619   116.78  108.29
-174943.722   573.839    93.44  111.39
-174566.826   617.204   115.04  105.67
-174189.915   635.508    48.56   97.68
-173812.990   589.864  -121.08  121.58
-173436.049   501.365  -234.75  140.28
-173059.094   392.635  -288.40  120.35
-172682.123   317.537  -199.18   58.06
-172305.138   285.654   -84.56   46.45
-171928.138   259.889   -68.33   54.38
-171553.432   246.398   -36.00   49.94
-171179.368   242.538   -10.32   49.12
-170805.289   259.425    45.14   63.43
-170431.196   317.407   154.97   95.33
-170057.088   388.153   189.08  122.11
-169682.965   439.631   137.58  126.14
-169308.828   483.960   118.47  118.24
-168934.676   504.178    54.03  119.28
-168560.509   524.112    53.27  109.45
-168186.327   540.478    43.73   90.48
-167812.131   605.817   174.59  104.97
-167437.920   655.352   132.35   82.26
-167063.694   652.389    -7.92   83.12
-166689.454   594.375  -155.00  116.27
-166315.199   515.358  -211.10  116.16
-165940.929   408.816  -284.63  109.41
-165566.644   339.594  -184.92   98.53
-165192.345   332.818   -18.10   88.10
-164818.031   342.841    26.77   99.55
-164443.702   386.062   115.45  118.13
-164069.358   457.175   189.94  121.48
-163695.000   490.525    89.08  129.13
-163320.627   534.270   116.83  130.01
-162946.239   600.699   177.41  141.55
-162571.836   675.556   199.91  156.49
-162197.419   752.574   205.68  168.28
-161822.987   828.841   203.66  164.56
-161448.540   911.079   219.60  173.02
-161074.078  1018.865   287.80  169.47
-160699.601  1140.135   323.80  197.42
-160325.110  1303.103   435.12  243.68
-159950.604  1444.212   376.74  246.45
-159576.083  1583.166   370.97  197.08
-159201.547  1661.538   209.22  143.06
-158826.997  1690.538    77.42   92.79
-158452.431  1675.413   -40.38   99.15
-158077.851  1623.355  -138.96  114.27
-157703.256  1550.910  -193.37  104.04
-157328.646  1479.365  -190.96  115.33
-156954.022  1357.270  -325.87  161.89
-156579.382  1245.375  -298.64  177.99
-156204.728  1083.696  -431.49  180.41
-155830.059   938.819  -386.63  135.97
-155455.375   828.913  -293.29  126.32
-155080.676   744.257  -225.90   94.96
-154705.963   681.937  -166.29   74.87
-154331.234   635.722  -123.31   66.61
-153956.491   622.627   -34.94   63.72
-153581.733   674.079   137.28  116.46
-153206.960   769.230   253.86  155.30
-152832.172   896.453   339.41  176.02
-152457.369  1028.428   352.07  140.13
-152082.552  1052.957    65.43  113.32
-151707.719  1001.404  -137.52  161.19
-151332.872   910.688  -241.98  158.13
-150958.010   861.566  -131.02  113.30
-150583.133   861.614     0.13   89.08
-150208.241   928.794   179.17  118.78
-149833.334  1050.980   325.87  153.80
-149458.412  1175.062   330.91  158.67
-149083.475  1304.726   345.79  156.64
-148708.524  1391.162   230.50  108.93
-148333.557  1386.953   -11.22  101.80
-147958.576  1321.008  -175.84  132.94
-147583.580  1236.352  -225.72  118.41
-147208.568  1185.840  -134.68   80.24
-146833.542  1193.281    19.84   86.61
-146458.501  1238.862   121.52   98.04
-146083.445  1307.255   182.33   98.67
-145708.374  1359.079   138.16  111.83
-145333.289  1436.651   206.79  123.41
-144958.188  1512.623   202.51  119.15
-144583.072  1570.907   155.36  115.17
-144207.941  1581.083    27.12  120.88
-143832.796  1511.770  -184.74  144.58
-143457.635  1416.468  -254.00  122.55
-143082.460  1341.484  -199.84   99.01
-142707.269  1287.770  -143.15   88.60
-142332.064  1254.768   -87.95  100.95
-141956.844  1232.561   -59.18  122.59
-141581.608  1186.369  -123.09  126.19
-141206.358  1100.460  -228.91  125.67
-140831.093  1049.199  -136.59   98.95
-140455.812  1035.184   -37.34   91.52
-140080.517  1076.484   110.03  135.43
-139705.207  1185.964   291.67  145.11
-139329.881  1314.957   343.64  151.51
-138954.541  1430.699   308.33  120.64
-138579.186  1498.556   180.76  107.20
-138203.816  1538.257   105.75  107.16
-137828.431  1521.840   -43.73  129.56
-137453.030  1482.818  -103.94  118.81
-137077.615  1480.103    -7.23  117.51
-136702.185  1568.561   235.59  179.00
-136326.739  1696.079   339.61  192.92
-135951.279  1798.026   271.49  155.11
-135575.804  1878.957   215.52  102.45
-135200.313  1899.840    55.61   88.13
-134824.808  1852.379  -126.38  144.20
-134449.287  1751.329  -269.06  182.48
-134073.752  1606.468  -385.70  189.24
-133698.201  1467.998  -368.67  156.97
-133322.636  1387.631  -213.97  157.21
-132947.055  1313.584  -197.13  156.93
-132571.459  1293.647   -53.08  175.36
-132195.849  1319.989    70.12  162.56
-131820.223  1322.073     5.55  145.83
-131444.582  1307.841   -37.88  135.87
-131068.926  1222.008  -228.46  151.94
-130693.255  1106.998  -306.11  147.70
-130317.569   980.627  -336.34  156.50
-129941.867   868.940  -297.24  135.04
-129566.151   763.484  -280.65  129.34
-129190.420   640.175  -328.15  129.75
-128814.673   543.818  -256.41  130.32
-128438.912   454.151  -238.60  105.79
-128063.135   430.233   -63.64   82.20
-127687.343   505.699   200.80  137.01
-127311.536   625.669   319.20  148.13
-126935.714   723.236   259.58  121.42
-126559.877   819.379   255.79  111.29
-126184.025   899.887   214.18  125.59
-125808.158  1002.008   271.67  153.50
-125432.275  1104.469   272.56  176.37
-125056.377  1208.203   275.94  172.13
-124680.465  1308.550   266.91  125.16
-124304.537  1331.696    61.56   87.11
-123928.594  1305.984   -68.39  101.02
-123552.636  1233.719  -192.20  133.57
-123176.662  1151.453  -218.79  137.86
-122800.674  1047.435  -276.62  132.98
-122424.670   927.460  -319.05  149.20
-122048.651   810.294  -311.57  144.56
-121672.617   754.398  -148.63  104.06
-121296.568   790.521    96.05  145.37
-120920.504   874.636   223.65  167.92
-120544.424   972.907   261.28  152.74
-120168.330  1067.282   250.91  145.66
-119792.220  1116.352   130.46  154.96
-119416.095  1155.032   102.83  121.47
-119039.955  1192.346    99.19  102.74
-118663.799  1236.271   116.76  127.48
-118287.629  1279.922   116.03  145.27
-117911.443  1324.199   117.69  155.76
-117535.242  1384.157   159.36  140.81
-117159.025  1436.896   140.17  128.61
-116782.794  1547.157   293.04  168.40
-116406.547  1692.153   385.34  189.08
-116030.286  1809.998   313.17  176.52
-115654.008  1896.865   230.84  162.07
-115277.716  1965.032   181.14  182.19
-114901.409  2025.021   159.40  183.80
-114525.086  2087.057   164.83  118.70
-114148.748  2081.907   -13.68   86.10
-113772.394  2006.579  -200.13  128.97
-113396.026  1894.701  -297.23  164.64
-113019.642  1746.746  -393.06  180.73
-112643.243  1603.435  -380.71  179.83
-112266.829  1455.476  -393.04  183.68
-111890.399  1329.025  -335.89  171.40
-111513.955  1210.722  -314.23  164.71
-111137.494  1102.631  -287.10  144.82
-110761.019  1005.069  -259.12  131.84
-110384.529   901.839  -274.16  123.39
-110008.023   797.978  -275.83  118.53
-109631.501   715.561  -218.87  113.38
-109254.965   666.980  -129.01   76.16
-108878.413   669.913     7.79   82.92
-108501.846   732.998   167.51  126.24
-108125.264   818.435   226.85  126.95
-107748.666   896.453   207.15  135.71
-107372.053   977.770   215.90  122.17
-106995.425  1070.119   245.18  130.81
-106618.781  1182.556   298.50  146.97
-106242.123  1276.512   249.42  137.65
-105865.448  1309.226    86.84  131.20
-105488.759  1298.319   -28.95  168.04
-105112.054  1194.913  -274.48  177.70
-104735.334  1121.770  -194.14  141.31
-104358.598  1119.208    -6.80  108.52
-103981.847  1159.953   108.14  136.95
-103605.081  1239.871   212.10  131.12
-103228.300  1332.627   246.16  138.95
-102851.503  1428.957   255.63  157.28
-102474.690  1506.008   204.47  148.05
-102097.863  1597.143   241.83  150.62
-101721.020  1662.922   174.54  127.33
-101344.161  1647.460   -41.02  135.03
-100967.288  1567.984  -210.87  162.29
-100590.399  1431.389  -362.40  181.90
-100213.494  1298.913  -351.46  119.94
 -99836.574  1257.844  -108.95  104.53
 -99459.639  1298.817   108.69  148.94
 -99082.688  1385.369   229.59  167.38
 -98705.722  1457.032   190.09  111.62
 -98328.741  1437.579   -51.60  106.02
 -97951.744  1358.038  -210.97  140.68
 -97574.732  1263.770  -250.02  110.33
 -97197.704  1184.282  -210.81  102.09
 -96820.661  1096.468  -232.88  116.89
 -96446.407  1007.143  -238.66  117.36
 -96072.394   943.532  -170.06   89.51
 -95698.365   900.175  -115.91   49.53
 -95324.321   896.318   -10.31   51.11
 -94950.263   925.341    77.59   71.12
 -94576.189   983.175   154.59   87.40
 -94202.099  1061.365   209.00  115.84
 -93827.995  1169.675   289.49  127.91
 -93453.875  1231.166   164.35  117.51
 -93079.741  1281.862   135.49   90.96
 -92705.591  1296.096    38.04   90.92
 -92331.426  1295.937    -0.43   87.63
 -91957.245  1288.889   -18.83   78.49
 -91583.050  1251.818   -99.06  100.02
 -91208.839  1183.166  -183.45  116.13
 -90834.613  1128.021  -147.35  103.19
 -90460.372  1076.532  -137.57   87.42
 -90086.116  1071.584   -13.22  106.77
 -89711.844  1083.341    31.41  110.63
 -89337.558  1079.062   -11.43   96.86
 -88963.256  1079.550     1.30   76.73
 -88588.939  1030.818  -130.18   86.40
 -88214.606   980.675  -133.94   94.19
 -87840.258   908.365  -193.15   89.50
 -87465.896   862.236  -123.21   76.75
 -87091.517   804.865  -153.23   68.58
 -86717.124   776.891   -74.71   68.73
 -86342.715   761.044   -42.32   70.24
 -85968.291   735.599   -67.95   60.11
 -85593.852   740.437    12.92   67.17
 -85219.398   736.980    -9.23   68.49
 -84844.928   758.769    58.18   98.41
 -84470.443   792.021    88.79  114.14
 -84095.943   862.512   188.21  123.77
 -83721.428   957.453   253.49  142.42
 -83346.897  1057.603   267.38  135.38
 -82972.351  1148.561   242.83  136.08
 -82597.789  1202.538   144.10  103.11
 -82223.213  1219.952    46.49   77.58
 -81848.621  1153.726  -176.78  131.72
 -81474.014  1033.230  -321.64  187.66
 -81099.391   910.079  -328.71  189.28
 -80724.753   818.566  -244.25  131.01
 -80350.100   771.940  -124.44  105.85
 -79975.432   757.748   -37.88   98.68
 -79600.748   733.952   -63.51   92.73
 -79226.049   675.089  -157.08  102.95
 -78851.334   649.143   -69.24   87.76
 -78476.605   654.584    14.52   83.50
 -78101.860   726.724   192.49  122.45
 -77727.099   814.178   233.35  141.48
 -77352.323   900.862   231.28  109.23
 -76977.532   939.969   104.34   92.17
 -76602.726   923.937   -42.77  116.08
 -76227.904   851.143  -194.20  137.93
 -75853.067   793.160  -154.68  115.98
 -75478.215   728.044  -173.70  106.80
 -75103.347   667.973  -160.23   78.46
 -74728.463   618.143  -132.91   71.94
 -74353.565   566.236  -138.45   69.88
 -73978.651   521.984  -118.02   66.62
 -73603.722   490.699   -83.44   68.98
 -73228.777   464.994   -68.55   73.36
 -72853.817   453.498   -30.66   72.90
 -72478.841   460.269    18.05   75.75
 -72103.850   504.127   116.95   80.10
 -71728.844   551.398   126.05   77.30
 -71353.822   579.013    73.63   57.21
 -70978.785   577.352    -4.43   60.61
 -70603.733   561.294   -42.81   66.60
 -70228.665   523.865   -99.79   76.85
 -69853.582   478.127  -121.93   75.35
 -69478.483   435.259  -114.28   70.76
 -69103.369   418.722   -44.08   69.39
 -68728.239   404.329   -38.37   71.44
 -68353.094   384.026   -54.12   90.77
 -67977.934   351.175   -87.56   80.30
 -67602.758   303.913  -125.97   58.78
 -67227.567   288.203   -41.87   46.87
 -66852.360   310.056    58.24   67.24
 -66477.138   336.089    69.38   76.65
 -66101.900   353.468    46.31   76.61
 -65726.647   331.452   -58.67   94.56
 -65351.378   270.103  -163.47   95.62
 -64976.094   211.375  -156.48   73.75
 -64600.795   176.561   -92.76   53.80
 -64225.480   164.726   -31.53   47.65
 -63850.149   153.352   -30.30   49.12
 -63474.804   144.003   -24.91   44.85
 -63099.442   122.477   -57.35   32.74
 -62724.065   109.508   -34.55   20.83
 -62348.673   123.365    36.91   33.25
 -61973.265   151.930    76.09   51.95
 -61597.842   174.375    59.78   49.40
 -61222.403   165.050   -24.84   70.14
 -60846.948   125.151  -106.26   90.24
 -60471.479    69.222  -148.95   74.21
 -60095.993    29.119  -106.80   22.89
 -59720.492    21.103   -21.35    3.85
 -59344.976    20.199    -2.41    4.24
 -58969.444    17.453    -7.31    5.72
 -58593.897    13.841    -9.62    5.75
 -58218.334    11.233    -6.95    4.53
 -57842.755     9.651    -4.21    2.47
 -57467.161     9.246    -1.08    2.21
 -57091.551     8.913    -0.89    2.32
 -56715.926     8.651    -0.70    2.20
 -56340.285     8.032    -1.65    2.32
 -55964.629     7.913    -0.32    2.53
 -55588.957     7.769    -0.38    2.59
 -55213.270     6.933    -2.23    2.55
 -54837.567     6.160    -2.06    2.79
 -54461.848     5.627    -1.42    2.58
 -54086.114     5.032    -1.58    1.88
 -53710.365     4.994    -0.10    1.90
 -53334.599     4.544    -1.20    1.67
 -52958.819     4.419    -0.33    1.72
 -52583.022     3.984    -1.16    1.85
 -52207.210     3.746    -0.63    1.85
 -51831.383     3.199    -1.46    1.53
 -51455.539     3.339     0.37    1.69
 -51079.681     3.666     0.87    1.63
 -50703.806     3.953     0.76    1.43
 -50327.916     4.246     0.78    1.48
 -49952.011     4.189    -0.15    1.43
 -49576.089     3.891    -0.79    1.09
 -49200.152     3.844    -0.13    1.24
 -48824.200     4.635     2.10    2.43
 -48448.232     5.119     1.29    2.71
 -48072.248     5.056    -0.17    2.82
 -47696.249     4.584    -1.25    2.88
 -47320.234     3.841    -1.98    2.14
 -46944.203     4.203     0.96    2.37
 -46568.157     4.999     2.12    2.21
 -46192.095     5.066     0.18    1.83
 -45816.017     5.026    -0.11    1.36
 -45439.924     4.701    -0.87    1.34
 -45063.815     4.771     0.19    1.49
 -44687.690     5.031     0.69    1.99
 -44311.550     5.339     0.82    1.93
 -43935.394     5.269    -0.19    1.89
 -43559.222     5.453     0.49    2.08
 -43183.035     5.538     0.23    2.24
 -42806.832     6.019     1.28    2.18
 -42430.613     6.089     0.19    2.13
 -42054.378     6.383     0.78    1.73
 -41678.128     5.910    -1.26    1.83
 -41301.863     5.589    -0.85    1.77
 -40925.581     5.119    -1.25    1.55
 -40549.284     5.226     0.28    1.44
 -40172.971     4.978    -0.66    1.50
 -39796.642     4.657    -0.85    1.66
 -39420.298     4.318    -0.90    1.50
 -39043.938     4.226    -0.24    1.39
 -38667.562     4.318     0.24    1.42
 -38291.170     4.255    -0.17    1.48
 -37914.763     4.430     0.46    1.59
 -37538.340     4.512     0.22    1.56
 -37161.901     4.556     0.12    1.45
 -36785.446     4.726     0.45    1.45
 -36408.976     4.869     0.38    2.27
 -36032.490     5.339     1.25    2.48
 -35655.988     5.110    -0.61    2.42
 -35279.471     4.998    -0.30    2.50
 -34902.937     4.608    -1.04    2.56
 -34526.388     4.840     0.62    2.33
 -34149.823     5.476     1.69    2.25
 -33773.243     5.563     0.23    2.30
 -33396.646     5.044    -1.38    2.35
 -33020.034     4.544    -1.33    1.81
 -32643.406     4.657     0.30    1.79
 -32266.762     4.937     0.74    1.96
 -31890.102     5.307     0.98    2.44
 -31513.427     5.930     1.66    2.86
 -31136.736     5.715    -0.57    2.63
 -30760.029     5.437    -0.74    2.43
 -30383.306     5.329    -0.29    2.19
 -30006.567     5.318    -0.03    2.03
 -29629.812     5.589     0.72    2.15
 -29253.042     5.136    -1.20    2.30
 -28876.256     4.180    -2.54    2.06
 -28499.454     4.050    -0.35    2.04
 -28122.636     3.677    -0.99    2.04
 -27745.802     3.817     0.37    2.35
 -27368.953     3.819     0.01    2.27
 -26992.088     4.271     1.20    1.93
 -26615.206     4.184    -0.23    1.97
 -26238.309     4.026    -0.42    1.80
 -25861.396     4.437     1.09    2.40
 -25484.467     4.069    -0.98    3.06
 -25107.523     4.135     0.17    2.99
 -24730.562     4.346     0.56    2.80
 -24353.586     4.887     1.43    2.02
 -23976.593     4.980     0.25    2.00
 -23599.585     5.151     0.45    1.87
 -23222.561     4.498    -1.73    2.26
 -22845.521     4.537     0.10    2.48
 -22468.465     4.066    -1.25    2.62
 -22091.394     4.119     0.14    2.50
 -21714.460     4.352     0.62    2.45
 -21340.521     4.889     1.44    2.56
 -20966.566     5.409     1.39    2.77
 -20592.596     5.135    -0.73    2.80
 -20218.610     4.319    -2.18    2.90
 -19844.608     4.282    -0.10    2.74
 -19470.591     4.073    -0.56    2.59
 -19096.557     4.103     0.08    2.45
 -18722.509     4.365     0.70    2.19
 -18348.444     4.204    -0.43    2.40
 -17974.364     3.747    -1.22    2.08
 -17600.269     3.233    -1.38    2.01
 -17226.157     3.294     0.16    2.07
 -16852.030     3.056    -0.64    1.78
 -16477.888     3.032    -0.06    1.90
 -16103.729     2.677    -0.95    1.87
 -15729.555     2.699     0.06    1.88
 -15355.365     3.305     1.62    2.32
 -14981.160     4.056     2.00    2.05
 -14606.939     4.584     1.41    1.91
 -14232.702     4.701     0.31    1.44
 -13858.449     4.840     0.37    1.45
 -13484.181     5.189     0.93    1.64
 -13109.897     4.794    -1.06    1.94
 -12735.598     4.484    -0.83    1.83
 -12361.282     4.398    -0.23    1.85
 -11986.951     3.770    -1.68    2.04
 -11612.604     3.003    -2.05    2.42
 -11238.242     2.375    -1.68    2.50
 -10863.863     2.933     1.49    3.08
 -10489.469     3.864     2.48    3.58
 -10115.060     4.770     2.42    2.94
  -9740.634     5.259     1.31    2.58
  -9366.193     4.953    -0.82    2.46
  -8991.736     5.143     0.51    2.32
  -8617.263     6.073     2.48    2.36
  -8242.775     6.515     1.18    2.21
  -7868.270     6.865     0.94    1.99
  -7493.750     6.579    -0.76    1.92
  -7119.215     6.305    -0.73    1.78
  -6744.663     6.246    -0.16    1.88
  -6370.096     6.341     0.25    1.99
  -5995.512     6.794     1.21    1.89
  -5620.913     6.887     0.25    1.82
  -5246.299     7.282     1.05    1.57
  -4871.668     7.445     0.44    1.65
  -4497.022     6.818    -1.67    1.65
  -4122.360     6.699    -0.32    1.87
  -3747.682     6.699     0.00    1.69
  -3372.988     6.445    -0.68    1.73
  -2998.279     6.746     0.80    1.67
  -2623.553     6.669    -0.21    1.88
  -2248.812     5.998    -1.79    2.00
  -1874.055     5.379    -1.65    2.04
  -1499.282     4.341    -2.77    2.49
  -1124.493     2.654    -4.50    2.86
   -749.689     0.508    -5.73    3.04
   -374.869    -0.343    -2.27    2.54
     -0.032    -1.181    -2.24    2.07
    374.820    -1.093     0.23    1.90
    749.688     0.294     3.70    2.86
   1124.571     1.631     3.57    3.07
   1499.471     3.032     3.74    2.48
   1874.386     4.025     2.65    1.39
   2249.318     4.294     0.72    1.21
   2624.265     4.204    -0.24    1.37
   2999.228     4.026    -0.47    1.60
   3374.207     4.050     0.06    1.80
   3749.202     4.050     0.00    1.65
   4124.213     4.385     0.89    1.51
   4499.239     4.294    -0.24    1.52
   4874.282     3.907    -1.03    1.30
   5249.340     3.389    -1.38    1.77
   5624.414     2.816    -1.53    1.86
   5999.505     2.675    -0.38    2.00
   6374.611     2.742     0.18    2.09
   6749.733     2.976     0.62    1.96
   7124.871     3.742     2.04    1.75
   7500.025     4.096     0.94    1.30
   7875.195     4.044    -0.14    1.20
   8250.380     4.056     0.03    1.45
   8625.582     3.907    -0.40    1.75
   9000.800     3.636    -0.72    1.72
   9376.033     3.498    -0.37    1.59
   9751.283     3.352    -0.39    1.10
  10126.548     3.248    -0.28    1.07
  10501.830     3.445     0.52    1.07
  10877.127     3.614     0.45    1.50
  11252.440     3.521    -0.25    1.66
  11627.770     3.294    -0.61    1.93
  12003.115     3.189    -0.28    1.84
  12378.476     3.119    -0.19    2.00
  12753.853     3.212     0.25    1.97
  13129.246     3.339     0.34    1.86
  13504.656     3.101    -0.63    2.04
  13880.081     2.930    -0.46    1.65
  14255.522     2.079    -2.27    1.20
  14630.979     1.631    -1.19    0.81
  15006.452     1.627    -0.01    0.70
  15381.941     1.647     0.05    0.76
  15757.446     1.748     0.27    0.83
  16132.968     1.994     0.65    0.97
  16508.505     2.026     0.09    0.97
  16884.058     2.096     0.19    0.99
  17259.627     2.175     0.21    0.94
  17635.212     1.841    -0.89    0.99
  18010.814     1.922     0.21    1.00
  18386.431     2.180     0.69    1.19
  18762.064     2.574     1.05    1.26
  19137.714     3.050     1.27    1.59
  19513.379     3.794     1.98    1.41
  19889.061     4.184     1.04    1.28
  20264.758     4.453     0.72    1.14
  20640.472     4.819     0.97    1.05
  21016.202     5.222     1.07    1.59
  21391.947     5.608     1.03    1.62
  21767.709     6.127     1.38    1.66
  22143.487     6.556     1.14    1.36
  22519.281     7.086     1.41    1.31
  22895.091     7.589     1.34    1.34
  23270.917     8.208     1.65    1.95
  23646.759    11.445     8.61    5.27
  24022.618    14.651     8.53    5.82
  24398.492    16.964     6.16    4.92
  24774.383    18.933     5.24    2.91
  25150.289    19.867     2.48    2.70
  25526.212    21.236     3.64    3.08
  25902.151    26.515    14.04   10.57
  26278.106    43.887    46.21   31.19
  26654.077    67.127    61.82   40.66
  27030.064    89.151    58.58   43.49
  27406.067   125.398    96.40   46.60
  27782.087   145.103    52.41   52.28
  28158.122   185.073   106.29   77.23
  28534.174   240.294   146.85   77.10
  28910.242   288.484   128.15   88.73
  29286.326   353.096   171.81  110.62
  29662.426   424.699   190.39  143.06
  30038.543   487.339   166.55  119.46
  30414.675   536.271   130.10   80.32
  30790.824   516.026   -53.82   96.04
  31166.989   436.722  -210.83   96.22
  31543.170   370.445  -176.19  100.49
  31919.367   332.864   -99.90   74.60
  32295.580   330.199    -7.08   60.53
  32671.810   342.747    33.35   60.64
  33048.056   359.887    45.56   66.67
  33424.318   347.957   -31.71   72.90
  33800.596   310.887   -98.52   60.76
  34176.890   284.413   -70.36   45.12
  34553.201   285.021     1.62   61.77
  34929.527   313.794    76.46   75.22
  35305.870   347.722    90.16   81.12
  35682.230   423.675   201.81  114.59
  36058.605   453.375    78.91  112.07
  36434.997   473.722    54.06   94.22
  36811.404   486.127    32.96   75.77
  37187.829   487.515     3.69   81.49
  37564.269   478.538   -23.85   97.06
  37940.725   484.189    15.01  111.90
  38317.198   460.677   -62.45  119.81
  38693.687   410.341  -133.70  126.43
  39070.193   336.271  -196.74  110.08
  39446.714   279.226  -151.51   92.26
  39823.252   236.103  -114.53   54.50
  40199.806   228.362   -20.56   40.51
  40576.377   236.096    20.54   37.33
  40952.963   256.119    53.17   28.86
  41329.566   262.056    15.76   27.21
  41706.185   265.329     8.69   30.67
  42082.821   267.352     5.37   38.64
  42459.473   260.654   -17.78   54.20
  42836.141   254.073   -17.47   70.08
  43212.825   228.891   -66.85   73.81
  43589.526   211.008   -47.48   53.18
  43966.243   215.907    13.01   54.51
  44342.976   219.413     9.31   52.53
  44719.725   231.584    32.31   52.42
  45096.491   242.398    28.70   62.64
  45473.274   275.135    86.89   96.57
  45850.072   325.579   133.88  135.62
  46226.887   346.770    56.24  126.20
  46603.718   373.770    71.65  112.45
  46980.566   393.957    53.57   97.44
  47357.430   461.584   179.46  110.98
  47734.310   549.413   233.05  112.20
  48111.206   619.282   185.39   99.19
  48488.119   659.096   105.64   83.69
  48865.049   668.515    24.99   99.67
  49241.994   649.468   -50.53  130.84
  49618.956   616.460   -87.57  136.11
  49995.935   558.748  -153.10  142.05
  50372.930   478.683  -212.39  139.96
  50749.941   429.073  -131.59  109.28
  51126.968   428.282    -2.10  103.83
  51504.012   478.747   133.85  143.59
  51881.072   606.677   339.30  201.03
  52258.149   731.222   330.31  188.76
  52635.242   812.073   214.41  171.78
  53012.352   851.556   104.70  151.19
  53388.918   888.305    97.60  140.38
  53762.810   994.654   284.45  194.08
  54136.718  1109.294   306.61  196.66
  54510.642  1169.362   160.65  138.85
  54884.583  1160.038   -24.93  155.39
  55258.540  1142.584   -46.68  151.50
  55632.512  1138.271   -11.53  147.11
  56006.501  1140.724     6.56  129.47
  56380.506  1132.889   -20.95  111.45
  56754.527  1050.865  -219.31  114.42
  57128.565   961.318  -239.42  112.23
  57502.618   930.660   -81.96  102.19
  57876.688   940.864    27.28  109.05
  58250.774   997.839   152.31  163.49
  58624.876  1099.910   272.86  163.82
  58998.994  1178.282   209.50  121.16
  59373.128  1202.282    64.15   93.48
  59747.278  1149.365  -141.44  114.75
  60121.445  1065.584  -223.92  114.84
  60495.628   981.794  -223.94  105.51
  60869.827   919.612  -166.18   81.69
  61244.042   924.862    14.03   88.74
  61618.273   998.980   198.06  150.82
  61992.521  1091.008   245.91  142.90
  62366.785  1121.841    82.39  108.47
  62741.065  1063.026  -157.15  156.17
  63115.361   934.073  -344.54  186.04
  63489.673   812.770  -324.08  135.04
  63864.002   773.135  -105.89   93.42
  64238.347   766.579   -17.51   87.25
  64612.708   784.246    47.19   75.37
  64987.085   811.066    71.64   81.62
  65361.479   872.724   164.70  128.25
  65735.888   937.389   172.72  120.83
  66110.314   927.515   -26.37  135.51
  66484.757   880.089  -126.66  157.48
  66859.215   781.654  -262.89  136.41
  67233.690   703.669  -208.26  105.69
  67608.181   677.612   -69.58   92.42
  67982.688   680.477     7.65   85.41
  68357.212   731.746   136.90  103.64
  68731.751   815.484   223.59  128.91
  69106.307   878.627   168.59  111.78
  69480.880   868.957   -25.82  118.34
  69855.468   793.989  -200.15  158.82
  70230.073   699.521  -252.19  159.72
  70604.694   610.038  -238.88  116.19
  70979.332   572.561  -100.04  113.63
  71353.986   526.166  -123.84  122.92
  71728.656   501.984   -64.55  109.80
  72103.342   510.044    21.51   87.26
  72478.045   518.332    22.12   90.55
  72852.764   526.476    21.73   91.34
  73227.499   511.445   -40.11   98.45
  73602.251   481.212   -80.68   96.38
  73977.019   457.907   -62.19   85.71
  74351.803   455.244    -7.11   85.08
  74726.604   438.680   -44.20   87.79
  75101.421   392.332  -123.66   65.22
  75476.254   366.677   -68.45   64.90
  75851.104   323.212  -115.96   75.85
  76225.970   268.166  -146.85   91.40
  76600.852   209.976  -155.23   89.71
  76975.751   159.083  -135.76   51.10
  77350.666   158.407    -1.80   46.80
  77725.597   212.969   145.53   95.37
  78100.545   280.050   178.92  107.31
  78475.509   384.143   277.63  134.77
  78850.490   519.647   361.39  147.50
  79225.487   650.203   348.17  167.37
  79600.500   747.332   259.02  121.55
  79975.530   756.498    24.44  122.51
  80350.576   720.862   -95.03  154.87
  80725.638   640.584  -214.05  148.76
  81100.717   563.430  -205.72  140.88
  81475.812   476.741  -231.13  125.70
  81850.924   402.157  -198.84  134.78
  82226.052   326.537  -201.60  105.27
  82601.197   300.907   -68.33   79.98
  82976.358   300.771    -0.36   77.41
  83351.535   334.282    89.33   90.94
  83726.729   381.112   124.82   86.11
  84101.939   423.399   112.71   78.60
  84477.166   473.021   132.25   93.63
  84852.409   541.398   182.23  116.20
  85227.668   611.771   187.54  133.63
  85602.944   633.468    57.82  124.23
  85978.237   622.717   -28.65  127.37
  86353.546   571.226  -137.21  133.28
  86728.871   515.742  -147.84  115.62
  87104.213   463.398  -139.47  137.05
  87479.571   409.329  -144.06  125.90
  87854.946   395.976   -35.58   94.75
  88230.337   413.430    46.50   96.91
  88605.745   443.819    80.96   95.64
  88981.169   486.907   114.78   89.13
  89356.610   525.056   101.62   84.01
  89732.067   578.135   141.38  107.59
  90107.541   668.549   240.82  130.19
  90483.031   764.794   256.34  148.30
  90858.538   887.226   326.07  137.89
  91234.061   950.215   167.75   95.00
  91609.601   930.407   -52.75  118.53
  91985.157   886.468  -117.01  126.42
  92360.730   831.612  -146.07   91.53
  92736.319   806.282   -67.45   80.41
  93111.925   802.512   -10.04   92.08
  93487.547   807.612    13.58  106.42
  93863.186   814.721    18.93  107.25
  94238.842   812.352    -6.31   99.28
  94614.514   826.259    37.02  110.49
  94990.202   858.127    84.83  145.30
  95365.907   913.953   148.60  159.07
  95741.629   928.662    39.15  169.59
  96117.367   939.930    29.99  174.31
  96493.122   984.189   117.80  175.60
  96868.893   994.544    27.56  169.39
  97244.681  1030.422    95.48  175.84
  97620.486  1071.127   108.32  156.30
  97996.307  1117.407   123.15  139.59
  98372.144  1186.319   183.37  144.53
  98747.999  1295.445   290.37  167.47
  99123.870  1420.236   332.03  157.00
  99499.757  1519.817   264.95  129.47
  99875.661  1563.521   116.27  119.88
 100251.582  1535.794   -73.76  151.70
 100627.519  1454.430  -216.45  177.02
 101003.473  1368.119  -229.60  163.28
 101379.443  1300.021  -181.14  151.41
 101755.431  1224.864  -199.91  145.33
 102131.434  1180.768  -117.28  162.54
 102507.455  1106.044  -198.74  188.32
 102883.492  1051.594  -144.81  198.77
 103259.545   955.375  -255.89  185.51
 103635.616   867.817  -232.84  155.50
 104011.703   812.584  -146.87  106.19
 104387.806   834.112    57.24  124.44
 104763.927   912.896   209.48  147.33
 105140.064  1067.953   412.27  191.65
 105516.217  1222.603   411.17  206.15
 105892.387  1376.203   408.36  206.80
 106268.574  1461.887   227.79  133.87
 106644.778  1470.768    23.61  113.59
 107020.998  1383.521  -231.93  162.76
 107397.235  1261.069  -325.50  163.51
 107773.489  1152.976  -287.31  193.83
 108149.759  1020.957  -350.89  189.06
 108526.046   962.282  -155.94  152.57
 108902.350   949.726   -33.37  121.54
 109278.670   994.768   119.70  143.96
 109655.008  1111.362   309.84  178.52
 110031.362  1255.413   382.79  204.83
 110407.732  1375.316   318.61  215.82
 110784.119  1520.703   386.30  195.93
 111160.523  1616.869   255.51  188.52
 111536.944  1704.794   233.60  195.67
 111913.382  1766.307   163.42  220.82
 112289.836  1764.521    -4.74  234.38
 112666.307  1659.747  -278.33  223.92
 113042.795  1626.282   -88.90  177.06
 113419.299  1640.998    39.09  199.83
 113795.820  1756.409   306.55  226.11
 114172.358  1924.521   446.51  221.68
 114548.913  2047.699   327.15  185.98
 114925.485  2094.453   124.17  131.45
 115302.073  2079.566   -39.53  117.94
 115678.678  2019.614  -159.21  119.85
 116055.300  1962.021  -152.94  141.38
 116431.939  1928.952   -87.81  166.25
 116808.594  1935.089    16.30  201.75
 117185.266  1899.840   -93.59  205.99
 117561.955  1862.135  -100.11  182.11
 117938.661  1769.726  -245.33  173.38
 118315.384  1674.899  -251.74  144.54
 118692.123  1610.589  -170.72  138.84
 119068.880  1548.724  -164.22  114.17
 119445.653  1551.976     8.63  136.66
 119822.442  1514.953   -98.27  131.17
 120199.249  1500.419   -38.58  129.46
 120576.073  1505.180    12.64  169.09
 120952.913  1517.614    33.00  181.73
 121329.770  1529.654    31.95  216.74
 121706.644  1477.362  -138.77  199.66
 122083.535  1435.724  -110.49  162.50
 122460.443  1389.521  -122.60  120.39
 122837.368  1366.610   -60.79  102.94
 123214.309  1371.794    13.75  131.14
 123591.267  1369.864    -5.12  138.03
 123968.243  1373.953    10.85  142.86
 124345.235  1371.248    -7.17  144.02
 124722.244  1363.843   -19.65  140.50
 125099.269  1335.839   -74.28  147.58
 125476.312  1282.409  -141.72  124.59
 125853.372  1274.143   -21.93  131.10
 126230.448  1273.203    -2.49  168.68
 126607.542  1305.631    86.00  194.82
 126984.652  1361.794   148.95  170.96
 127361.779  1444.373   218.99  157.87
 127738.923  1550.385   281.12  182.24
 128116.084  1666.236   307.20  176.95
 128492.277  1756.166   239.08  206.04
 128866.109  1808.096   138.93  202.99
 129239.958  1810.843     7.35  170.97
 129613.823  1760.453  -134.80  178.98
 129987.706  1713.666  -125.15  165.84
 130361.604  1707.657   -16.07  182.67
 130735.520  1700.476   -19.21  186.00
 131109.452  1721.515    56.27  179.76
 131483.400  1688.491   -88.32  172.84
 131857.366  1696.666    21.86  176.82
 132231.348  1711.589    39.91  184.85
 132605.346  1678.255   -89.14  177.18
 132979.361  1599.701  -210.05  215.92
 133353.393  1499.953  -266.71  211.01
 133727.442  1462.887   -99.11  205.65
 134101.507  1430.885   -85.56  209.74
 134475.589  1465.307    92.03  187.72
 134849.687  1481.794    44.08  180.70
 135223.802  1504.135    59.73  193.11
 135597.934  1613.864   293.32  204.04
 135972.083  1671.862   155.03  198.16
 136346.248  1680.654    23.50  219.61
 136720.430  1618.885  -165.10  244.13
 137094.629  1584.873   -90.90  225.09
 137468.844  1636.021   136.70  236.84
 137843.076  1662.960    71.99  213.74
 138217.325  1699.157    96.73  147.54
 138591.590  1683.248   -42.51  136.82
 138965.872  1618.469  -173.10  150.22
 139340.171  1541.885  -204.63  160.36
 139714.487  1479.869  -165.70  176.35
 140088.819  1358.930  -323.12  199.66
 140463.168  1250.770  -288.96  193.89
 140837.534  1162.701  -235.28  149.85
 141211.916  1095.675  -179.05  115.46
 141586.315  1072.845   -60.98  128.87
 141960.731  1115.907   115.03  172.37
 142335.164  1132.769    45.04  188.10
 142709.613  1169.862    99.07  197.54
 143084.080  1216.677   125.03  192.76
 143458.563  1288.654   192.23  203.26
 143833.062  1407.515   317.42  223.30
 144207.579  1498.255   242.32  199.31
 144582.112  1509.203    29.23  228.63
 144956.662  1422.344  -231.93  258.21
 145331.229  1222.008  -534.91  256.24
 145705.813  1074.362  -394.21  186.60
 146080.413   937.746  -364.74  158.84
 146455.030   811.953  -335.83  166.87
 146829.664   709.843  -272.59  158.72
 147204.315   625.862  -224.19  133.34
 147578.983   610.103   -42.07  139.56
 147953.667   708.701   263.18  221.20
 148328.369   906.318   527.47  243.78
 148703.087  1093.062   498.42  262.55
 149077.822  1258.407   441.29  249.39
 149452.573  1330.306   191.88  258.74
 149827.342  1326.680    -9.68  283.66
 150202.127  1274.413  -139.48  266.74
 150576.929  1261.703   -33.92  204.11
 150951.749  1300.889   104.56  169.28
 151326.584  1402.352   270.72  203.93
 151701.437  1610.362   554.98  246.92
 152076.307  1799.355   504.22  261.30
 152451.193  2034.430   627.14  313.08
 152826.097  2317.521   755.20  304.57
 153201.017  2502.491   493.42  269.84
 153575.954  2633.887   350.49  199.57
 153950.908  2644.538    28.41  192.68
 154325.879  2547.021  -260.10  250.71
 154700.867  2456.960  -240.20  304.13
 155075.871  2342.907  -304.18  321.02
 155450.893  2251.096  -244.85  329.11
 155825.931  2210.603  -107.98  250.84
 156200.987  2183.096   -73.35  200.71
 156576.059  2155.127   -74.58  174.36
 156951.148  2103.544  -137.54  203.43
 157326.254  1945.651  -420.99  278.81
 157701.377  1710.316  -627.44  308.79
 158076.517  1553.103  -419.14  186.67
 158451.674  1614.119   162.66  255.35
 158826.847  1855.294   642.92  380.90
 159202.038  2153.056   793.74  387.64
 159577.246  2463.362   827.14  348.12
 159952.470  2726.527   701.45  280.48
 160327.712  2921.050   518.46  218.65
 160702.970  3041.389   320.73  139.15
 161078.246  3006.491   -93.00  177.77
 161453.538  2919.083  -232.94  234.75
 161828.848  2781.818  -365.79  223.48
 162204.174  2704.003  -207.35  240.20
 162579.517  2595.135  -290.09  281.67
 162954.877  2536.056  -157.42  262.37
 163330.255  2492.953  -114.84  251.99
 163705.649  2434.579  -155.52  204.68
 164081.060  2463.066    75.89  184.22
 164456.488  2525.889   167.36  207.26
 164831.934  2662.468   363.83  249.10
 165207.396  2802.294   372.46  246.82
 165582.875  2865.531   168.44  256.96
 165958.371  2935.497   186.36  283.78
