# NaN NaN NaN ;Mean Elev.(m), Avg Gradient(m/km), RMS Gradient(m/km) - SRTM1     
#   98.391   8.023  10.464 ;Mean Elev.(m), Avg Gradient(m/km), RMS Gradient(m/km) - ASTER GDEM
#   86.778  -0.366   1.552 ;Mean Elev.(m), Avg Gradient(m/km), RMS Gradient(m/km) - GMTED2010 
  7    91.616 52477.64221872 33.87  94.454854  27.017194 24.320
  7    91.875 52477.64221936 33.97  94.454004  27.020484 24.320
  7    92.127 52477.64222001 39.04  94.453154  27.023774 24.320
  8    89.000 52512.64216096 48.53  94.470507  27.020459 38.489
  8    88.970 52512.64216161 45.82  94.469657  27.023749 38.489
  8    89.071 52512.64216225 51.36  94.468807  27.027039 38.489
  9    89.263 52547.64220044 30.94  94.456242  27.018005 20.650
  9    89.637 52547.64220108 30.70  94.455382  27.021295 20.650
  9    89.982 52547.64220173 31.76  94.454532  27.024585 20.650
 10    86.508 52582.64220684 52.00  94.461377  27.019382 30.140
 10    86.621 52582.64220748 50.34  94.460527  27.022682 30.140
 10    86.577 52582.64220812 49.88  94.459667  27.025972 30.140
 10    86.595 52582.64220877 46.70  94.458817  27.029262 30.140
 11    85.676 52617.64217994 51.92  94.458670  27.019098 32.791
 11    85.559 52617.64218058 56.61  94.457820  27.022388 32.791
 11    85.616 52617.64218123 53.88  94.456960  27.025678 32.791
 12    85.201 52652.64215467 50.21  94.466550  27.021140 38.268
 12    85.196 52652.64215532 50.61  94.465700  27.024440 38.268
 12    85.166 52652.64215596 51.65  94.464840  27.027730 38.268
 13    85.302 52687.64215251 44.88  94.464348  27.018398 36.065
 13    85.266 52687.64215315 53.66  94.463498  27.021688 36.065
 13    85.229 52687.64215380 52.67  94.462638  27.024978 36.065
 13    85.197 52687.64215444 49.82  94.461788  27.028268 36.065
 14    85.990 52722.64220007 52.89  94.459092  27.020101 18.937
 14    86.389 52722.64220072 52.99  94.458232  27.023391 18.937
 14    85.849 52722.64220136 49.71  94.457382  27.026681 18.937
 15    86.929 52757.64222084 50.13  94.451397  27.013477 31.953
 15    87.045 52757.64222149 47.28  94.450537  27.016767 31.953
 15    87.051 52757.64222213 46.81  94.449687  27.020057 31.953
 15    87.063 52757.64222278 50.01  94.448837  27.023347 31.953
 16    88.386 52792.64217402 49.02  94.458673  27.020195 37.124
 16    88.387 52792.64217467 46.91  94.457823  27.023485 37.124
 16    88.409 52792.64217531 48.19  94.456963  27.026775 37.124
 17    90.407 52827.64224200 20.05  94.461365  27.020235 28.016
 17    90.701 52827.64224265 19.47  94.460515  27.023525 28.016
 17    90.850 52827.64224329 22.39  94.459655  27.026815 28.016
 18    89.538 52862.64228698 44.21  94.463866  27.019649 32.100
 18    89.633 52862.64228762 47.58  94.463006  27.022939 32.100
 18    89.705 52862.64228827 47.14  94.462156  27.026229 32.100
 19    89.954 52897.64231667 45.28  94.458923  27.018912 31.548
 19    90.008 52897.64231732 47.09  94.458073  27.022202 31.548
 19    90.067 52897.64231796 50.89  94.457213  27.025492 31.548
 20    87.822 52932.64226302 51.89  94.459563  27.020228 34.365
 20    87.782 52932.64226367 50.59  94.458703  27.023518 34.365
 20    87.900 52932.64226431 43.04  94.457853  27.026808 34.365
 21    86.286 52967.64226807 54.14  94.458984  27.019798 30.617
 21    86.374 52967.64226871 48.85  94.458124  27.023088 30.617
 21    86.368 52967.64226936 35.43  94.457274  27.026378 30.617
 22    85.515 53002.64229207 51.11  94.454504  27.015178 27.991
 22    85.449 53002.64229272 56.40  94.453654  27.018468 27.991
 22    85.465 53002.64229336 50.38  94.452804  27.021758 27.991
 22    86.019 53002.64229401 38.10  94.451944  27.025048 27.991
 23    85.160 53037.64224231 50.87  94.458713  27.020366 34.008
 23    85.024 53037.64224296 50.28  94.457863  27.023656 34.008
 23    86.121 53037.64224360 37.67  94.457003  27.026946 34.008
 24    85.362 53072.64226774 51.97  94.458501  27.019427 31.919
 24    85.341 53072.64226839 49.05  94.457648  27.022724 16.330
 24    85.639 53072.64226903 37.33  94.456798  27.026014 16.330
 25    87.140 53107.64224244 49.37  94.459998  27.018786 30.154
 25    87.190 53107.64224308 47.48  94.459148  27.022076 30.154
 25    87.154 53107.64224373 46.67  94.458298  27.025366 30.154
 25    86.677 53107.64224437 34.48  94.457438  27.028656 30.154
 26    89.335 53142.64227650 48.03  94.458359  27.016904 36.076
 26    89.313 53142.64227714 47.06  94.457509  27.020194 36.076
 26    89.355 53142.64227779 50.60  94.456659  27.023484 36.076
 26    89.257 53142.64227843 49.18  94.455799  27.026774 36.076
 28    89.950 53212.64231978 47.60  94.458514  27.016995 34.069
 28    89.997 53212.64232042 48.72  94.457664  27.020285 34.069
 28    90.053 53212.64232107 49.32  94.456804  27.023575 34.069
 28    90.121 53212.64232171 46.22  94.455954  27.026865 34.069
 29    89.920 53247.64228915 46.32  94.462112  27.020628 34.089
 29    89.969 53247.64228979 48.40  94.461262  27.023918 34.089
 29    90.049 53247.64229044 53.85  94.460412  27.027208 34.089
 30    89.581 53282.64227848 24.56  94.454289  27.016791 23.247
 30    89.563 53282.64227912 25.54  94.453439  27.020081 23.247
 30    90.796 53282.64227977 28.09  94.452589  27.023371 23.247
 31    87.019 53317.64228072 54.41  94.462055  27.018745 37.040
 31    87.011 53317.64228136 50.76  94.461195  27.022035 37.040
 31    87.037 53317.64228201 39.64  94.460345  27.025325 37.040
 31    87.043 53317.64228265 50.59  94.459495  27.028615 37.040
 32    86.080 53352.64224642 51.47  94.466665  27.018874 40.563
 32    85.997 53352.64224706 55.20  94.465815  27.022164 40.563
 32    85.960 53352.64224771 42.32  94.464955  27.025454 40.563
 32    85.918 53352.64224835 24.99  94.464105  27.028744 40.563
 33    85.601 53387.64224005 54.57  94.456411  27.018661 27.322
 33    85.566 53387.64224069 49.06  94.455560  27.021957 36.196
 33    86.175 53387.64224134 40.37  94.454700  27.025247 36.196
 34    86.554 53422.64224093 39.42  94.467166  27.019405 28.915
 34    86.589 53422.64224157 43.01  94.466316  27.022695 28.915
 34    86.597 53422.64224222 37.33  94.465456  27.025985 28.915
 35    87.901 53457.64224662 38.95  94.461066  27.020584 34.186
 35    87.930 53457.64224726 35.30  94.460216  27.023874 34.186
 35    88.186 53457.64224791 31.73  94.459364  27.027169 27.160
 36    88.225 53492.64233147 51.53  94.452375  27.016352 34.288
 36    88.321 53492.64233211 51.77  94.451525  27.019642 34.288
 36    88.418 53492.64233276 52.06  94.450669  27.022938 39.285
 37    89.223 53527.64231150 48.19  94.464563  27.019968 30.729
 37    89.299 53527.64231214 48.63  94.463703  27.023258 30.729
 37    89.364 53527.64231279 51.86  94.462853  27.026548 30.729
 38    90.229 53562.64234005 33.67  94.455488  27.015570 27.294
 38    90.351 53562.64234069 35.30  94.454638  27.018860 27.294
 38    90.708 53562.64234134 40.10  94.453788  27.022150 27.294
 38    90.839 53562.64234198 41.24  94.452928  27.025440 27.294
 39    90.205 53597.64228011 44.90  94.466262  27.018598 32.669
 39    90.232 53597.64228075 46.73  94.465412  27.021888 32.669
 39    90.285 53597.64228140 48.13  94.464552  27.025178 32.669
 39    90.369 53597.64228204 48.72  94.463703  27.028475 39.491
 40    88.355 53632.64227509 49.70  94.453531  27.014424 33.126
 40    88.208 53632.64227573 53.78  94.452671  27.017714 33.126
 40    88.291 53632.64227638 51.39  94.451821  27.021004 33.126
 40    88.384 53632.64227702 45.57  94.450968  27.024300 40.014
 41    88.249 53667.64229771 51.41  94.455434  27.017242 31.693
 41    88.266 53667.64229836 50.97  94.454574  27.020532 31.693
 41    88.295 53667.64229900 53.39  94.453724  27.023822 31.693
 42    86.224 53702.64224316 51.37  94.465603  27.019992 35.250
 42    86.324 53702.64224381 38.40  94.464753  27.023282 35.250
 42    86.230 53702.64224445 31.55  94.463893  27.026572 35.250
 44    85.277 53772.64216379 52.58  94.465027  27.019100 38.397
 44    85.187 53772.64216444 43.64  94.464167  27.022390 38.397
 44    84.774 53772.64216508 31.25  94.463317  27.025680 38.397
 44    85.842 53772.64216573 26.56  94.462467  27.028970 38.397
 47    88.054 53877.64222108 52.04  94.461769  27.019294 30.751
 47    87.968 53877.64222173 50.63  94.460909  27.022584 30.751
 47    88.011 53877.64222237 50.53  94.460059  27.025874 30.751
 47    88.144 53877.64222302 49.36  94.459201  27.029170 44.397
 48    89.200 53912.64227271 51.80  94.453753  27.015784 36.404
 48    89.242 53912.64227335 52.05  94.452893  27.019074 36.404
 48    89.299 53912.64227400 46.71  94.452043  27.022364 36.404
 49    89.062 53947.64228772 51.13  94.452608  27.016315 35.459
 49    89.114 53947.64228837 50.50  94.451748  27.019605 35.459
 49    89.220 53947.64228901 43.59  94.450898  27.022895 35.459
 50    88.766 53982.64222994 37.57  94.461270  27.018727 26.385
 50    88.814 53982.64223059 37.70  94.460420  27.022017 26.385
 50    88.897 53982.64223123 35.03  94.459570  27.025307 26.385
 50    89.071 53982.64223188 34.63  94.458710  27.028597 26.385
 51    88.085 54017.64225758 51.59  94.459731  27.017368 32.168
 51    88.100 54017.64225822 50.55  94.458881  27.020658 32.168
 51    88.229 54017.64225887 46.14  94.458021  27.023948 32.168
 51    88.407 54017.64225951 49.90  94.457171  27.027238 32.168
 52    86.008 54052.64225263 51.39  94.468100  27.020228 36.661
 52    85.986 54052.64225327 43.01  94.467250  27.023518 36.661
 52    85.974 54052.64225392 37.13  94.466400  27.026808 36.661
 53    85.756 54087.64224427 46.18  94.463049  27.019127 32.248
 53    86.042 54087.64224491 41.24  94.462199  27.022417 32.248
 53    85.908 54087.64224556 32.62  94.461349  27.025707 32.248
 53    86.197 54087.64224620 34.67  94.460489  27.028997 32.248
 54    85.212 54122.64216820 52.07  94.465247  27.020298 35.615
 54    85.098 54122.64216884 35.56  94.464397  27.023588 35.615
 54    85.626 54122.64216949 27.14  94.463547  27.026878 35.615
 55    85.247 54157.64220702 43.78  94.459393  27.020117 28.550
 55    85.265 54157.64220767 33.83  94.458533  27.023407 28.550
 55    85.972 54157.64220831 35.31  94.457683  27.026697 28.550
 56    86.387 54192.64216766 47.51  94.463916  27.020487 28.417
 56    86.504 54192.64216830 40.03  94.463066  27.023777 28.417
 56    86.582 54192.64216894 34.72  94.462206  27.027067 28.417
 57    87.274 54227.64221894 44.64  94.459031  27.020106 31.552
 57    87.189 54227.64221958 37.12  94.458171  27.023396 31.552
 57    87.504 54227.64222023 33.98  94.457321  27.026686 31.552
 58    89.178 54262.64223765 45.46  94.460665  27.017414 34.685
 58    89.253 54262.64223829 48.78  94.459815  27.020704 34.685
 58    89.309 54262.64223894 50.78  94.458955  27.023994 34.685
 58    89.372 54262.64223958 48.74  94.458105  27.027284 34.685
 59    89.815 54297.64224277 43.89  94.461381  27.020291 31.068
 59    89.843 54297.64224342 43.85  94.460521  27.023581 31.068
 59    89.893 54297.64224406 44.90  94.459671  27.026871 31.068
 60    90.126 54332.64223269 44.16  94.463203  27.019759 31.409
 60    90.175 54332.64223334 43.78  94.462343  27.023049 31.409
 60    90.208 54332.64223398 45.42  94.461493  27.026339 31.409
 62    86.761 54402.64217582 49.58  94.461402  27.020704 40.263
 62    86.819 54402.64217646 49.69  94.460542  27.023994 40.263
 62    87.546 54402.64217711 41.41  94.459692  27.027284 40.263
 63    85.329 54437.64213254 49.07  94.462028  27.019129 34.169
 63    85.359 54437.64213319 51.48  94.461178  27.022419 34.169
 63    85.712 54437.64213383 41.36  94.460318  27.025709 34.169
 63    86.220 54437.64213447 40.95  94.459468  27.028999 34.169
 64    85.083 54472.64216094 50.06  94.461406  27.019489 38.288
 64    85.062 54472.64216159 51.80  94.460556  27.022779 38.288
 64    85.940 54472.64216223 38.81  94.459696  27.026069 38.288
 64    86.044 54472.64216288 42.81  94.458846  27.029359 38.288
 65    85.352 54507.64214406 48.54  94.463401  27.021125 29.642
 65    85.458 54507.64214470 50.97  94.462551  27.024415 29.642
 65    85.606 54507.64214535 39.75  94.461691  27.027705 29.642
 66    86.932 54542.64217516 50.18  94.462308  27.018286 24.923
 66    86.871 54542.64217581 46.25  94.461458  27.021576 24.923
 66    86.934 54542.64217645 42.81  94.460598  27.024866 24.923
 66    86.761 54542.64217710 39.48  94.459748  27.028156 24.923
 67    88.101 54577.64214626 48.50  94.463805  27.019102 28.794
 67    87.980 54577.64214691 45.71  94.462945  27.022392 28.794
 67    88.040 54577.64214755 45.83  94.462095  27.025682 28.794
 67    88.185 54577.64214819 41.48  94.461235  27.028972 28.794
 68    88.538 54612.64216698 45.55  94.461180  27.020922 34.460
 68    88.577 54612.64216763 47.07  94.460330  27.024212 34.460
 68    88.576 54612.64216827 47.24  94.459476  27.027511 39.546
 69    89.822 54647.64217348 47.94  94.459955  27.019837 37.427
 69    89.864 54647.64217412 48.93  94.459095  27.023127 37.427
 69    89.932 54647.64217477 50.69  94.458245  27.026417 37.427
 70    89.836 54682.64217429 52.57  94.461094  27.020493 36.859
 70    89.876 54682.64217493 50.92  94.460244  27.023783 36.859
 70    89.927 54682.64217558 51.13  94.459384  27.027073 36.859
 71    89.913 54717.64212190 49.04  94.464492  27.019232 34.015
 71    89.968 54717.64212254 51.58  94.463642  27.022522 34.015
 71    89.796 54717.64212319 46.66  94.462782  27.025812 34.015
 72    87.743 54752.64214647 52.43  94.459133  27.019893 27.738
 72    87.771 54752.64214712 48.02  94.458283  27.023183 27.738
 72    87.808 54752.64214776 49.46  94.457426  27.026480 39.559
 73    86.322 54787.64211195 47.64  94.462416  27.020067 28.275
 73    86.309 54787.64211260 37.14  94.461556  27.023357 28.275
 73    86.290 54787.64211324 33.01  94.460706  27.026647 28.275
 74    85.544 54822.64214102 48.82  94.459532  27.020576 31.948
 74    85.933 54822.64214167 35.89  94.458675  27.023872 28.766
 74    86.254 54822.64214231 31.35  94.457825  27.027162 28.766
 75    85.234 54857.64210785 47.26  94.463816  27.018060 28.669
 75    85.175 54857.64210849 38.07  94.462956  27.021350 28.669
 75    84.756 54857.64210914 35.65  94.462106  27.024640 28.669
 75    84.447 54857.64210978 32.50  94.461256  27.027930 28.669
 76    85.949 54892.64214342 46.69  94.459714  27.020415 25.032
 76    85.893 54892.64214406 40.06  94.458854  27.023705 25.032
 76    85.422 54892.64214471 34.14  94.458002  27.027001 26.923
 77    86.153 54927.64210590 45.71  94.462482  27.018949 26.653
 77    86.108 54927.64210654 44.45  94.461632  27.022239 26.653
 77    85.880 54927.64210719 37.59  94.460772  27.025529 26.653
 77    85.414 54927.64210783 33.63  94.459922  27.028819 26.653
 78    87.940 54962.64214278 41.86  94.459367  27.017597 30.125
 78    87.855 54962.64214342 43.66  94.458517  27.020887 30.125
 78    88.000 54962.64214407 48.91  94.457662  27.024185 33.619
 78    88.156 54962.64214471 46.43  94.456812  27.027475 33.619
 79    88.203 54997.64216373 51.55  94.458270  27.018991 31.635
 79    88.199 54997.64216438 49.42  94.457420  27.022281 31.635
 79    88.200 54997.64216502 51.59  94.456566  27.025579 35.380
 80    89.273 55032.64215331 29.94  94.459818  27.020585 28.008
 80    89.316 55032.64215396 36.99  94.458958  27.023875 28.008
 80    89.214 55032.64215460 43.88  94.458105  27.027172 37.034
 81    90.281 55067.64214163 47.97  94.463006  27.018484 32.297
 81    90.347 55067.64214228 47.79  94.462156  27.021774 32.297
 81    90.337 55067.64214292 43.83  94.461306  27.025064 32.297
 81    90.402 55067.64214357 49.49  94.460446  27.028354 32.297
 82    88.499 55102.64208098 51.72  94.462441  27.019857 34.279
 82    88.573 55102.64208163 43.13  94.461591  27.023147 34.279
 82    88.814 55102.64208227 37.81  94.460731  27.026437 34.279
 83    86.585 55137.64208786 49.70  94.460443  27.018850 24.982
 83    86.441 55137.64208850 41.02  94.459583  27.022140 24.982
 83    86.283 55137.64208915 34.88  94.458733  27.025430 24.982
 83    86.830 55137.64208979 31.92  94.457878  27.028725 34.362
 84    85.948 55172.64204950 40.41  94.462986  27.019939 23.622
 84    85.922 55172.64205014 39.37  94.462136  27.023229 23.622
 84    85.848 55172.64205079 36.80  94.461286  27.026519 23.622
 85    85.568 55207.64208256 43.83  94.459607  27.019334 27.201
 85    85.432 55207.64208320 35.30  94.458757  27.022624 27.201
 85    85.161 55207.64208385 33.89  94.457901  27.025922 30.922
 86    85.251 55242.64205414 40.05  94.462612  27.020558 28.375
 86    85.262 55242.64205478 37.96  94.461762  27.023848 28.375
 86    85.182 55242.64205543 36.88  94.460902  27.027138 28.375
 87    86.191 55277.64207627 35.33  94.460948  27.020107 16.969
 87    86.109 55277.64207692 30.41  94.460088  27.023397 16.969
 87    85.804 55277.64207756 28.23  94.459238  27.026693 15.619
 88    89.860 55312.64204012 37.94  94.463010  27.020612 29.300
 88    89.957 55312.64204076 38.31  94.462150  27.023902 29.300
 88    90.130 55312.64204141 45.45  94.461300  27.027192 29.300
 89    88.900 55347.64204682 48.80  94.461713  27.020178 34.601
 89    88.907 55347.64204746 50.35  94.460862  27.023476 36.175
 89    88.946 55347.64204811 49.37  94.460012  27.026766 36.175
 90    89.956 55382.64203726 46.72  94.461603  27.019240 35.466
 90    90.005 55382.64203790 45.47  94.460753  27.022530 35.466
 90    90.073 55382.64203854 46.67  94.459893  27.025820 35.466
 90    90.092 55382.64203919 50.05  94.459042  27.029117 36.608
 91    89.574 55417.64206549 48.23  94.460184  27.018332 35.109
 91    89.628 55417.64206614 48.81  94.459334  27.021622 35.109
 91    89.624 55417.64206678 48.21  94.458477  27.024919 39.853
 91    89.500 55417.64206743 50.80  94.457627  27.028209 39.853
 92    90.433 55452.64204681 46.33  94.463688  27.018034 30.378
 92    90.400 55452.64204746 48.04  94.462828  27.021324 30.378
 92    90.423 55452.64204810 47.03  94.461978  27.024614 30.378
 92    90.513 55452.64204875 45.50  94.461128  27.027904 30.378
 93    88.104 55487.64196853 48.76  94.465821  27.018753 36.816
 93    88.061 55487.64196918 45.06  94.464971  27.022043 36.816
 93    88.041 55487.64196982 52.26  94.464121  27.025333 36.816
 93    88.062 55487.64197046 50.47  94.463261  27.028623 36.816
