-216586.828    27.048     0.00    3.53
-216212.389    26.908    -0.37    3.85
-215837.965    27.147     0.64    3.80
-215463.555    26.303    -2.25    3.44
-215089.160    25.638    -1.78    2.88
-214714.780    25.050    -1.57    2.12
-214340.415    24.379    -1.79    1.34
-213966.064    24.420     0.11    1.64
-213591.728    24.803     1.02    1.74
-213217.407    25.538     1.97    2.36
-212843.100    26.468     2.49    2.61
-212468.808    27.210     1.98    2.39
-212094.531    28.067     2.29    2.46
-211720.268    28.379     0.83    2.68
-211346.020    28.988     1.63    3.05
-210971.786    29.154     0.44    3.05
-210597.568    28.996    -0.42    2.89
-210223.363    28.519    -1.27    2.74
-209849.174    28.231    -0.77    2.12
-209474.999    29.448     3.25    3.56
-209098.800    30.654     3.21    3.73
-208721.699    33.662     7.98    4.56
-208344.614    36.067     6.38    4.60
-207967.543    38.841     7.36    4.77
-207590.487    42.548     9.84    5.35
-207213.445    44.567     5.35    5.32
-206836.419    46.329     4.67    4.17
-206459.408    48.615     6.06    4.20
-206082.411    51.096     6.58    5.48
-205705.429    53.329     5.92    6.37
-205328.462    55.654     6.17    6.21
-204951.510    57.329     4.44    4.89
-204574.572    58.734     3.73    5.51
-204197.650    57.183    -4.12    5.45
-203820.742    56.710    -1.25    7.99
-203443.849    58.019     3.48   10.48
-203066.971    57.445    -1.52   11.45
-202690.108    59.120     4.44   10.72
-202313.260    59.400     0.75   10.08
-201936.426    60.426     2.72    9.04
-201559.607    64.426    10.62    8.90
-201182.803    68.352    10.42    9.48
-200806.014    73.468    13.58   12.01
-200429.240    79.710    16.57   15.72
-200052.480    87.404    20.42   16.40
-199675.735    90.207     7.44   17.36
-199299.005    90.096    -0.29   17.19
-198922.290    86.329   -10.00   17.99
-198545.589    80.591   -15.23   15.45
-198168.903    79.670    -2.45   15.43
-197792.232    83.805    10.98   17.28
-197415.576    88.496    12.45   17.80
-197038.935    92.281    10.05   17.30
-196662.308    97.519    13.91   14.67
-196285.696    99.305     4.74   12.34
-195909.099   100.744     3.82   11.38
-195532.516    99.804    -2.50   13.61
-195155.949    98.670    -3.01   13.54
-194779.396   100.254     4.21   14.10
-194402.857   103.329     8.17   15.25
-194026.334   106.234     7.72   16.39
-193649.825   110.377    11.01   17.68
-193273.331   107.567    -7.46   17.26
-192896.852   107.303    -0.70   19.06
-192520.387   111.864    12.12   20.33
-192143.937   112.402     1.43   18.43
-191767.502   116.027     9.63   16.57
-191391.081   118.853     7.51   18.78
-191014.675   121.776     7.77   18.91
-190638.284   124.783     7.99   17.72
-190261.908   128.914    10.98   19.50
-189885.546   138.183    24.63   23.25
-189509.199   148.257    26.77   23.01
-189132.867   158.882    28.23   18.85
-188756.549   161.511     6.99   18.68
-188380.246   162.867     3.61   18.50
-188003.958   166.900    10.72   16.97
-187627.684   173.003    16.22   16.81
-187251.425   178.963    15.84   17.14
-186875.181   182.443     9.25   17.04
-186498.951   185.765     8.83   15.87
-186122.736   188.079     6.15   15.55
-185746.536   199.585    30.59   25.63
-185370.350   219.424    52.75   34.42
-184994.179   237.399    47.79   29.53
-184618.022   249.434    32.00   20.40
-184241.880   256.829    19.66   20.20
-183865.753   257.004     0.47   22.44
-183489.641   264.143    18.98   24.46
-183113.543   273.972    26.14   23.11
-182737.460   278.765    12.75   22.20
-182361.391   284.488    15.22   21.50
-181985.337   290.662    16.42   22.93
-181609.297   296.402    15.27   23.72
-181233.273   303.900    19.94   20.16
-180857.262   308.061    11.07   16.42
-180481.267   307.079    -2.61   18.28
-180105.286   310.618     9.42   17.68
-179729.319   312.686     5.50   15.71
-179353.367   307.748   -13.14   16.71
-178977.430   299.091   -23.03   23.04
-178601.507   287.900   -29.77   23.19
-178225.599   282.585   -14.14   20.25
-177849.706   282.424    -0.43   19.76
-177473.827   286.939    12.01   15.28
-177097.962   283.615    -8.84   13.18
-176722.113   278.091   -14.70   12.53
-176346.277   274.183   -10.40    9.10
-175970.457   276.615     6.47   12.76
-175594.651   287.304    28.45   18.13
-175218.859   302.329    39.99   21.63
-174843.082   315.585    35.28   15.78
-174467.319   321.186    14.91   12.34
-174091.571   323.567     6.34   12.29
-173715.838   327.213     9.70   16.68
-173340.119   334.256    18.75   19.74
-172964.415   337.646     9.02   18.89
-172588.725   342.519    12.97   13.64
-172213.050   343.027     1.35   13.40
-171837.389   341.468    -4.15   11.43
-171461.743   343.662     5.84   12.47
-171086.111   351.036    19.63   13.23
-170710.494   359.091    21.45   14.94
-170334.891   370.213    29.61   13.10
-169959.303   379.234    24.02   12.63
-169583.729   404.377    66.95   43.47
-169208.170   450.424   122.63   84.21
-168832.625   498.543   128.15   81.37
-168457.095   511.402    34.25   74.27
-168081.579   470.524  -108.87  101.97
-167706.078   391.256  -211.13   90.98
-167330.591   321.500  -185.80   69.31
-166955.118   257.591  -170.23   72.73
-166579.661   199.567  -154.56   67.25
-166204.217   152.496  -125.39   48.44
-165828.788   123.944   -76.06   30.76
-165453.374   101.422   -60.00   38.83
-165077.974    80.280   -56.33   34.22
-164702.588    70.043   -27.27   27.24
-164327.217    68.939    -2.94   26.82
-163951.860    76.171    19.27   33.97
-163576.518    82.352    16.47   42.02
-163201.190    69.534   -34.15   41.91
-162825.877    56.305   -35.25   26.96
-162450.578    58.980     7.13   26.23
-162075.293    79.079    53.56   39.71
-161700.023    98.374    51.42   37.43
-161324.768   111.431    34.80   23.95
-160949.526   108.261    -8.45   20.63
-160574.300    95.646   -33.62   22.92
-160199.087    83.853   -31.43   26.94
-159823.889    67.924   -42.46   26.06
-159448.706    56.431   -30.64   19.21
-159073.536    57.397     2.57   19.95
-158698.382    61.996    12.26   25.05
-158323.241    69.662    20.44   27.58
-157948.115    71.792     5.68   25.30
-157573.004    64.098   -20.51   21.19
-157197.906    58.443   -15.08   16.95
-156822.823    55.355    -8.23   16.45
-156447.755    57.597     5.98   20.59
-156072.701    61.864    11.38   22.10
-155697.661    70.646    23.42   26.80
-155322.636    72.515     4.98   26.41
-154947.625    72.149    -0.97   27.39
-154572.628    75.900    10.00   27.94
-154197.646    72.043   -10.29   23.06
-153822.678    69.781    -6.03   22.12
-153447.724    76.638    18.29   24.19
-153072.785    84.734    21.59   32.89
-152697.860   100.426    41.86   36.04
-152322.949   111.475    29.47   34.19
-151948.053   113.353     5.01   30.96
-151573.171   108.948   -11.75   23.84
-151198.303   108.757    -0.51   20.78
-150823.450   108.965     0.55   18.27
-150448.611   111.561     6.93   15.67
-150073.787   114.158     6.93   12.85
-149698.976   113.954    -0.55   13.11
-149324.180   114.670     1.91   11.70
-148949.398   113.468    -3.21   13.66
-148574.631   112.019    -3.87   16.05
-148199.878   107.424   -12.26   17.84
-147825.139   101.567   -15.63   19.40
-147450.415    98.475    -8.25   18.27
-147075.704    98.004    -1.26   19.06
-146701.008    96.186    -4.85   18.69
-146326.327    94.646    -4.11   18.27
-145951.659    89.900   -12.67   19.17
-145577.006    81.853   -21.48   13.26
-145202.367    76.091   -15.38   12.99
-144827.743    70.805   -14.11   10.62
-144453.133    69.431    -3.67   12.92
-144078.536    68.806    -1.67   13.59
-143703.955    72.012     8.56   16.84
-143329.387    72.771     2.03   17.36
-142954.834    70.865    -5.09   17.17
-142580.295    74.618    10.02   16.58
-142205.770    75.283     1.78   15.54
-141831.259    72.483    -7.48   16.14
-141456.763    71.353    -3.02   14.43
-141082.281    73.615     6.04   13.94
-140707.813    71.729    -5.04   13.48
-140333.360    68.874    -7.62   13.44
-139958.920    69.118     0.65   15.96
-139584.495    72.654     9.45   17.00
-139210.084    74.213     4.16   16.23
-138835.687    70.496    -9.93   16.26
-138461.305    67.771    -7.28   15.43
-138086.936    64.021   -10.02   15.07
-137712.582    64.120     0.26   15.10
-137338.242    59.229   -13.07   15.12
-136963.917    53.353   -15.70   13.79
-136589.605    51.472    -5.03   12.18
-136215.308    54.987     9.39   14.66
-135841.024    57.781     7.47   14.97
-135466.755    61.378     9.61   13.40
-135092.501    58.719    -7.10   14.58
-134718.260    55.638    -8.23   14.79
-134344.034    52.615    -8.08   13.74
-133967.315    52.524    -0.24   12.20
-133590.259    57.050    12.00   11.44
-133213.218    63.256    16.46   13.62
-132836.191    71.304    21.35   11.22
-132459.178    74.710     9.04    7.38
-132082.179    74.210    -1.33    7.72
-131705.195    69.352   -12.89    8.56
-131328.226    63.451   -15.66    9.49
-130951.271    55.914   -20.00   10.75
-130574.330    49.615   -16.71   10.74
-130197.403    42.422   -19.08    8.57
-129820.491    37.608   -12.77    6.27
-129443.593    33.805   -10.09    5.42
-129066.710    30.257    -9.41    5.04
-128689.841    26.622    -9.65    4.54
-128312.986    23.890    -7.25    3.49
-127936.146    21.914    -5.24    2.55
-127559.319    20.662    -3.32    2.17
-127182.508    19.841    -2.18    2.19
-126805.710    18.468    -3.64    2.07
-126428.927    17.329    -3.02    2.17
-126052.158    16.329    -2.65    1.75
-125675.404    15.654    -1.79    1.53
-125298.664    15.451    -0.54    1.57
-124921.938    14.924    -1.40    1.56
-124545.227    14.662    -0.70    1.46
-124168.530    14.353    -0.82    1.41
-123791.847    14.072    -0.74    1.39
-123415.178    14.096     0.06    1.63
-123038.524    13.695    -1.07    1.30
-122661.884    13.400    -0.78    1.52
-122285.258    13.329    -0.19    1.64
-121908.647    12.987    -0.91    1.62
-121532.050    12.761    -0.60    1.47
-121155.467    12.475    -0.76    1.20
-120778.898    12.500     0.06    1.22
-120402.344    12.939     1.17    1.61
-120025.804    13.671     1.95    2.20
-119649.278    14.283     1.63    2.49
-119272.767    14.585     0.80    2.29
-118896.270    14.210    -1.00    2.14
-118519.787    14.143    -0.18    2.21
-118143.318    14.380     0.63    2.09
-117766.863    14.761     1.01    2.00
-117390.423    14.944     0.49    2.05
-117013.997    14.924    -0.05    2.37
-116637.585    14.654    -0.72    2.31
-116261.188    14.402    -0.67    2.41
-115884.805    13.874    -1.40    2.53
-115508.436    13.382    -1.31    1.64
-115132.081    13.261    -0.32    1.74
-114755.740    13.186    -0.20    1.47
-114379.414    13.043    -0.38    1.52
-114003.102    13.115     0.19    1.55
-113626.804    13.457     0.91    1.45
-113250.520    13.783     0.87    1.59
-112874.250    14.252     1.25    1.49
-112497.995    14.400     0.39    1.66
-112121.754    14.475     0.20    1.64
-111745.527    14.278    -0.53    1.73
-111369.314    14.897     1.65    2.19
-110993.115    15.487     1.57    2.01
-110616.931    15.280    -0.55    2.42
-110240.761    14.615    -1.77    2.37
-109864.605    13.963    -1.73    2.19
-109488.463    14.043     0.21    2.26
-109112.335    14.303     0.69    2.43
-108736.222    14.567     0.70    2.77
-108360.122    14.734     0.44    2.80
-107984.037    14.744     0.03    2.78
-107607.966    14.061    -1.82    2.61
-107231.909    13.622    -1.17    2.29
-106855.866    13.158    -1.23    2.53
-106479.838    13.043    -0.31    2.73
-106103.823    13.143     0.27    2.81
-105727.823    13.519     1.00    2.60
-105351.837    14.143     1.66    2.14
-104975.864    14.353     0.56    1.99
-104599.907    13.924    -1.14    2.11
-104223.963    12.963    -2.56    2.08
-103848.033    12.472    -1.31    2.05
-103472.117    12.375    -0.26    1.86
-103096.216    12.585     0.56    1.81
-102720.329    13.210     1.66    1.70
-102344.455    13.841     1.68    1.62
-101968.596    14.257     1.11    1.57
-101592.751    13.890    -0.98    1.69
-101216.920    13.719    -0.45    1.88
-100841.103    13.231    -1.30    1.88
-100465.300    13.109    -0.32    1.92
-100089.512    12.972    -0.37    2.13
 -99713.737    12.448    -1.39    2.20
 -99337.977    11.637    -2.16    1.79
 -98962.230    11.686     0.13    1.94
 -98586.498    12.036     0.93    1.62
 -98210.779    12.329     0.78    1.55
 -97835.075    12.768     1.17    1.58
 -97459.385    12.803     0.09    1.70
 -97083.709    13.170     0.98    1.83
 -96708.047    13.329     0.42    2.13
 -96332.399    12.817    -1.36    2.16
 -95956.765    12.091    -1.93    2.27
 -95581.145    11.175    -2.44    3.04
 -95205.539    11.124    -0.13    2.95
 -94829.947    11.226     0.27    2.87
 -94454.369    13.019     4.77    3.26
 -94078.806    14.585     4.17    2.49
 -93703.256    15.207     1.66    1.89
 -93327.720    15.374     0.45    1.58
 -92952.198    15.250    -0.33    1.46
 -92576.691    14.329    -2.45    2.05
 -92201.197    13.043    -3.42    2.68
 -91825.717    12.424    -1.65    2.52
 -91450.252    12.662     0.63    2.53
 -91074.800    13.098     1.16    2.31
 -90699.363    13.920     2.19    2.08
 -90323.939    14.457     1.43    1.72
 -89948.529    14.378    -0.21    1.76
 -89573.134    13.890    -1.30    2.01
 -89197.752    14.158     0.71    2.04
 -88822.384    14.050    -0.29    1.98
 -88447.030    14.013    -0.10    1.92
 -88071.691    14.004    -0.02    2.02
 -87696.365    14.377     0.99    1.83
 -87321.053    13.890    -1.30    1.76
 -86945.755    13.710    -0.48    2.21
 -86570.472    13.451    -0.69    2.00
 -86195.202    12.579    -2.32    2.15
 -85819.946    12.426    -0.41    2.25
 -85444.704    12.257    -0.45    1.96
 -85069.476    12.519     0.70    2.21
 -84694.262    12.900     1.02    1.91
 -84319.061    13.256     0.95    2.05
 -83943.875    13.256     0.00    1.98
 -83568.703    13.451     0.52    2.14
 -83193.545    13.306    -0.39    2.18
 -82818.400    13.519     0.57    1.94
 -82443.270    12.424    -2.92    2.45
 -82068.153    11.877    -1.46    2.36
 -81693.050    10.771    -2.95    2.13
 -81317.962    10.426    -0.92    1.85
 -80942.887    10.768     0.91    2.24
 -80567.826    10.729    -0.10    2.66
 -80192.779    10.963     0.62    2.49
 -79817.746    10.744    -0.59    2.49
 -79442.727    10.817     0.20    2.19
 -79067.721    11.734     2.44    2.46
 -78692.730    11.637    -0.26    2.39
 -78317.753    12.215     1.54    2.19
 -77942.789    12.500     0.76    1.87
 -77567.839    12.234    -0.71    1.75
 -77192.903    12.305     0.19    1.67
 -76817.981    12.637     0.89    2.03
 -76443.073    12.511    -0.34    2.27
 -76068.179    12.406    -0.28    2.43
 -75693.298    11.948    -1.22    2.02
 -75318.432    11.678    -0.72    1.95
 -74943.579    11.954     0.74    2.14
 -74568.740    11.624    -0.88    1.96
 -74193.916    12.171     1.46    1.88
 -73819.104    12.096    -0.20    1.82
 -73444.307    12.019    -0.21    1.76
 -73069.524    11.924    -0.25    1.73
 -72694.754    11.538    -1.03    1.46
 -72319.998    11.560     0.06    1.42
 -71945.256    11.424    -0.36    1.94
 -71570.528    11.179    -0.65    1.90
 -71195.814    11.134    -0.12    2.02
 -70821.114    11.378     0.65    1.86
 -70446.427    10.792    -1.56    1.58
 -70071.754    10.972     0.48    1.81
 -69697.095    11.231     0.69    1.81
 -69322.450    11.729     1.33    1.89
 -68947.819    11.972     0.65    1.76
 -68573.201    11.519    -1.21    1.88
 -68198.597    11.792     0.73    2.07
 -67824.007    11.189    -1.61    1.87
 -67449.431    11.280     0.24    1.92
 -67074.869    11.129    -0.40    1.95
 -66700.320    11.158     0.08    1.70
 -66325.785    11.352     0.52    2.05
 -65951.264    10.841    -1.36    2.09
 -65576.757    11.186     0.92    1.98
 -65202.263    11.548     0.97    2.21
 -64827.783    11.670     0.33    2.12
 -64453.317    11.604    -0.18    2.06
 -64078.865    10.744    -2.30    2.05
 -63704.427     9.604    -3.04    2.04
 -63330.002     9.281    -0.86    2.11
 -62955.591     9.162    -0.32    1.85
 -62581.194     9.162     0.00    1.86
 -62206.810     9.400     0.64    1.79
 -61832.441     9.508     0.29    2.19
 -61458.085     9.579     0.19    2.26
 -61083.742     9.548    -0.08    2.23
 -60709.414     9.306    -0.65    2.17
 -60335.099     9.646     0.91    1.97
 -59960.798     9.406    -0.64    1.84
 -59586.511     9.261    -0.39    1.96
 -59212.044     9.303     0.11    2.11
 -58835.019     9.768     1.23    2.01
 -58458.007    10.257     1.30    2.29
 -58081.009    10.098    -0.42    2.06
 -57704.025     9.897    -0.53    2.19
 -57327.055     9.750    -0.39    2.34
 -56950.099    10.134     1.02    2.22
 -56573.156    10.115    -0.05    2.41
 -56196.228    10.061    -0.14    2.10
 -55819.313     9.920    -0.37    1.97
 -55442.413    10.013     0.25    1.95
 -55065.526     9.472    -1.44    1.89
 -54688.653     9.050    -1.12    1.98
 -54311.795     8.768    -0.75    1.90
 -53934.950     8.678    -0.24    2.02
 -53558.118     8.996     0.84    1.63
 -53181.301     9.210     0.57    1.61
 -52804.498     9.686     1.26    2.20
 -52427.708    10.353     1.77    2.14
 -52050.933    10.234    -0.32    2.00
 -51674.171    10.429     0.52    2.01
 -51297.423    10.377    -0.14    2.21
 -50920.689     9.817    -1.49    2.17
 -50543.969     9.567    -0.66    2.16
 -50167.263     9.378    -0.50    1.92
 -49790.570     9.329    -0.13    2.12
 -49413.892     9.012    -0.84    2.01
 -49037.227     8.792    -0.58    1.86
 -48660.576     8.805     0.03    2.30
 -48283.939     8.996     0.51    2.51
 -47907.315     9.138     0.38    2.17
 -47530.706     9.543     1.07    2.31
 -47154.110    10.091     1.45    2.51
 -46777.529    10.256     0.44    2.15
 -46400.961    10.061    -0.52    2.41
 -46024.407     9.768    -0.78    2.41
 -45647.866     8.887    -2.34    2.67
 -45271.340     8.257    -1.67    3.16
 -44894.827     7.120    -3.02    4.09
 -44518.328     6.924    -0.52    4.13
 -44141.843     6.854    -0.19    4.04
 -43765.372     6.670    -0.49    3.53
 -43388.914     6.646    -0.06    2.31
 -43012.470     6.353    -0.78    2.58
 -42636.040     6.597     0.65    2.95
 -42259.624     7.524     2.46    3.72
 -41883.222     8.072     1.46    3.84
 -41506.833     8.281     0.55    4.36
 -41130.458     9.548     3.37    3.65
 -40754.097    10.234     1.82    2.34
 -40377.750    10.402     0.45    2.25
 -40001.416    10.618     0.57    2.82
 -39625.096    10.352    -0.71    2.87
 -39248.790     9.865    -1.29    2.93
 -38872.498    10.012     0.39    2.99
 -38496.220     9.768    -0.65    2.20
 -38119.955     9.829     0.16    2.20
 -37743.704    10.306     1.27    2.23
 -37367.466    10.560     0.67    2.26
 -36991.243    10.400    -0.42    2.12
 -36615.033    10.519     0.32    2.07
 -36238.837     9.919    -1.60    1.92
 -35862.654     9.329    -1.57    1.77
 -35486.486     9.201    -0.34    1.82
 -35110.331     9.138    -0.17    1.84
 -34734.190     9.210     0.19    1.92
 -34358.062     9.354     0.38    1.89
 -33981.948     9.738     1.02    2.27
 -33605.848    10.408     1.78    2.05
 -33229.762    10.281    -0.34    2.09
 -32853.689     9.567    -1.90    2.13
 -32477.630     9.377    -0.51    2.32
 -32101.585     8.585    -2.11    1.90
 -31725.553     8.944     0.96    1.94
 -31349.535     9.210     0.71    1.67
 -30973.531     9.207    -0.01    1.44
 -30597.540     9.234     0.07    1.54
 -30221.563     8.734    -1.33    1.74
 -29845.600     8.404    -0.88    2.53
 -29469.650     8.305    -0.26    2.77
 -29093.714     8.029    -0.73    3.55
 -28717.792     7.402    -1.67    4.20
 -28341.884     6.104    -3.45    4.50
 -27965.989     4.914    -3.16    4.40
 -27590.107     4.036    -2.34    3.77
 -27214.240     3.972    -0.17    3.41
 -26838.386     3.579    -1.05    3.18
 -26462.545     3.963     1.02    3.19
 -26086.719     4.186     0.59    3.19
 -25710.905     4.377     0.51    3.07
 -25335.106     3.996    -1.01    3.61
 -24959.320     2.987    -2.68    3.92
 -24583.548     1.904    -2.88    4.22
 -24207.789     0.792    -2.96    3.76
 -23832.044     0.138    -1.74    3.50
 -23456.313    -0.305    -1.18    3.13
 -23080.595    -0.988    -1.82    2.05
 -22704.891    -0.981     0.02    1.32
 -22329.201    -0.695     0.76    2.26
 -21953.524     0.029     1.93    2.94
 -21577.860     0.877     2.26    3.72
 -21202.211     0.914     0.10    3.79
 -20826.575     0.841    -0.19    3.67
 -20450.952     0.426    -1.10    3.93
 -20075.343    -0.145    -1.52    3.85
 -19699.748    -0.090     0.15    3.88
 -19324.166    -0.440    -0.93    2.30
 -18948.598    -0.183     0.68    2.23
 -18573.043     0.686     2.31    2.70
 -18197.502     1.970     3.42    2.53
 -17821.974     2.988     2.71    2.44
 -17446.460     4.149     3.09    2.56
 -17070.960     5.353     3.20    2.82
 -16695.473     6.036     1.82    2.63
 -16320.000     6.792     2.01    2.09
 -15944.540     6.980     0.50    1.88
 -15569.094     7.276     0.79    1.27
 -15193.661     7.120    -0.42    1.58
 -14818.242     6.579    -1.44    1.56
 -14442.837     6.519    -0.16    1.55
 -14067.445     6.109    -1.09    1.84
 -13692.066     5.534    -1.53    1.95
 -13316.701     5.213    -0.86    2.12
 -12941.350     4.092    -2.99    3.41
 -12566.012     3.109    -2.62    3.88
 -12190.687     2.378    -1.95    4.10
 -11815.376     1.622    -2.01    4.20
 -11440.079     1.115    -1.35    4.02
 -11064.795     0.079    -2.76    3.44
 -10689.525    -0.796    -2.33    2.90
 -10314.268    -0.743     0.14    2.83
  -9939.024    -1.052    -0.82    2.85
  -9563.794    -0.338     1.90    3.54
  -9188.578     0.543     2.35    3.92
  -8813.375     1.500     2.55    3.37
  -8438.185     2.604     2.94    2.46
  -8063.009     2.573    -0.08    2.11
  -7687.847     1.887    -1.83    2.16
  -7312.698     1.280    -1.62    2.62
  -6937.562     0.400    -2.35    2.94
  -6562.440     0.400     0.00    3.65
  -6187.332     0.004    -1.06    3.76
  -5812.236    -0.256    -0.69    3.91
  -5437.155     0.036     0.78    3.88
  -5062.087    -0.525    -1.50    3.57
  -4687.032     0.012     1.43    3.80
  -4311.990     0.305     0.78    3.88
  -3936.962     0.379     0.20    3.86
  -3561.948     0.996     1.64    3.93
  -3186.947     1.688     1.85    4.10
  -2811.959     2.519     2.22    3.81
  -2436.985     3.424     2.41    3.18
  -2062.024     3.734     0.83    2.98
  -1687.077     3.877     0.38    2.23
  -1312.143     3.513    -0.97    2.12
   -937.223     2.852    -1.76    2.65
   -562.316     2.204    -1.73    2.84
   -187.422     1.027    -3.14    3.50
    187.458     0.234    -2.12    3.99
    562.325    -0.594    -2.21    4.09
    937.179    -1.239    -1.72    3.94
   1312.019    -1.979    -1.97    3.66
   1686.845    -2.121    -0.38    3.57
   2061.659    -1.598     1.40    3.71
   2436.458    -1.208     1.04    3.77
   2811.245    -0.276     2.49    3.22
   3186.018    -0.355    -0.21    3.04
   3560.778    -0.746    -1.04    2.92
   3935.524    -1.219    -1.26    2.85
   4310.257    -1.281    -0.17    2.38
   4684.977    -1.123     0.42    2.46
   5059.683     0.304     3.81    3.33
   5434.376     1.079     2.07    3.11
   5809.055     0.254    -2.20    3.08
   6183.722    -0.957    -3.23    3.64
   6558.374    -2.385    -3.81    3.18
   6933.014    -3.113    -1.94    2.81
   7307.640    -3.909    -2.13    1.79
   7682.253    -3.403     1.35    2.58
   8056.852    -2.842     1.50    3.27
   8431.438    -2.147     1.85    3.41
   8806.011    -1.232     2.44    3.78
   9180.571    -0.354     2.34    3.86
   9555.117     0.817     3.13    3.64
   9929.649     1.424     1.62    3.53
  10304.169     1.804     1.01    3.17
  10678.675     2.377     1.53    3.11
  11053.168     2.508     0.35    2.90
  11427.647     2.519     0.03    2.98
  11802.114     2.109    -1.09    3.54
  12176.567     2.585     1.27    3.30
  12551.006     2.662     0.21    3.30
  12925.433     2.460    -0.54    3.06
  13299.846     3.170     1.89    2.92
  13674.245     3.204     0.09    2.93
  14048.632     3.900     1.86    2.70
  14423.005     4.186     0.76    2.64
  14797.365     3.944    -0.65    1.80
  15171.711     3.624    -0.85    1.56
  15546.045     3.092    -1.42    1.58
  15921.081     2.524    -1.51    1.99
  16298.064     1.987    -1.42    2.46
  16675.034     1.597    -1.04    2.66
  17051.990     1.283    -0.83    2.60
  17428.932     0.882    -1.07    2.62
  17805.862     0.036    -2.24    2.73
  18182.778    -1.314    -3.58    2.65
  18559.680    -1.574    -0.69    3.18
  18936.569    -2.171    -1.59    3.37
  19313.444    -3.004    -2.21    3.30
  19690.306    -3.378    -0.99    2.93
  20067.155    -3.338     0.11    2.95
  20443.990    -3.500    -0.43    2.21
  20820.812    -3.061     1.17    2.60
  21197.620    -3.146    -0.22    2.24
  21574.415    -3.521    -1.00    2.39
  21951.197    -3.821    -0.80    2.78
  22327.965    -4.243    -1.12    2.56
  22704.719    -4.135     0.29    3.09
  23081.460    -3.933     0.53    3.39
  23458.188    -4.305    -0.99    3.12
  23834.903    -4.346    -0.11    2.84
  24211.604    -4.500    -0.41    2.60
  24588.291    -4.933    -1.15    1.96
  24964.966    -4.793     0.37    2.27
  25341.626    -5.338    -1.45    1.51
  25718.274    -5.183     0.41    1.85
  26094.908    -5.492    -0.82    1.12
  26471.528    -4.981     1.36    2.35
  26848.136    -4.452     1.40    3.19
  27224.730    -3.452     2.66    3.93
  27601.310    -1.921     4.06    4.54
  27977.877    -0.232     4.49    4.81
  28354.431     1.229     3.88    4.37
  28730.972     3.036     4.80    3.00
  29107.499     3.670     1.68    1.67
  29484.012     3.719     0.13    1.45
  29860.513     3.695    -0.06    1.39
  30237.000     3.893     0.53    1.41
  30613.474     3.757    -0.36    1.36
  30989.934     3.688    -0.18    1.50
  31366.381     3.768     0.21    1.32
  31742.815     3.996     0.60    1.62
  32119.235     3.929    -0.18    1.97
  32495.642     3.259    -1.78    2.20
  32872.036     1.867    -3.70    3.02
  33248.416    -0.671    -6.74    3.51
  33624.783    -2.695    -5.38    3.45
  34001.137    -4.403    -4.54    2.47
  34377.477    -4.671    -0.71    3.09
  34753.804    -2.487     5.80    4.92
  35130.118     0.817     8.78    5.54
  35506.418     3.529     7.21    4.12
  35882.706     5.210     4.47    2.11
  36258.979     5.448     0.63    2.38
  36635.240     6.072     1.66    1.85
  37011.487     6.305     0.62    2.15
  37387.721     6.585     0.74    2.88
  37763.942     6.329    -0.68    2.91
  38140.150     5.670    -1.75    2.71
  38516.344     4.954    -1.90    2.60
  38892.525     4.305    -1.72    2.64
  39268.692     4.004    -0.80    2.47
  39644.847     3.426    -1.54    1.99
  40020.988     4.134     1.88    2.61
  40397.115     4.768     1.69    2.49
  40773.230     5.061     0.78    2.49
  41149.331     5.378     0.84    2.53
  41525.419     5.768     1.04    2.81
  41901.494     5.554    -0.57    2.81
  42277.556     5.353    -0.53    2.49
  42653.604     5.524     0.46    2.22
  43029.639     5.186    -0.90    2.08
  43405.661     5.158    -0.07    1.83
  43781.670     5.104    -0.14    2.25
  44157.665     5.305     0.53    2.52
  44533.647     5.115    -0.51    2.63
  44909.616     4.573    -1.44    2.22
  45285.572     5.067     1.31    2.25
  45661.514     4.842    -0.60    2.19
  46037.444     4.779    -0.17    1.80
  46413.360     5.047     0.71    1.93
  46789.263     4.781    -0.71    2.13
  47165.152     4.670    -0.30    2.45
  47541.029     4.234    -1.16    2.69
  47916.892     2.879    -3.60    2.72
  48292.742     1.750    -3.00    2.07
  48668.579     0.910    -2.23    1.38
  49044.403     1.109     0.53    1.80
  49420.213     1.085    -0.06    1.93
  49796.011     1.183     0.26    2.25
  50171.795     0.803    -1.01    1.86
  50547.566     0.511    -0.78    1.33
  50923.324     0.380    -0.35    1.00
  51299.068     0.305    -0.20    1.05
  51674.800     0.646     0.91    1.33
  52050.518     1.175     1.41    1.81
  52426.223     1.488     0.83    2.31
  52801.915     2.145     1.75    2.72
  53177.594     2.451     0.81    2.75
  53553.260     2.914     1.23    2.82
  53928.913     2.963     0.13    2.87
  54304.552     3.193     0.61    2.64
  54680.178     3.252     0.16    3.10
  55055.791     3.900     1.73    3.07
  55431.392     4.073     0.46    3.01
  55806.978     3.792    -0.75    2.67
  56182.552     2.987    -2.14    2.65
  56558.113     2.679    -0.82    3.17
  56933.660     2.448    -0.61    3.15
  57309.195     2.529     0.22    3.28
  57684.716     2.734     0.55    2.70
  58060.224     3.134     1.07    2.47
  58435.719     3.805     1.79    2.43
  58811.201     4.129     0.86    2.14
  59186.670     4.804     1.80    2.04
  59562.126     4.939     0.36    1.80
  59937.569     5.210     0.72    2.10
  60312.998     4.865    -0.92    2.20
  60688.415     4.591    -0.73    1.99
  61063.818     4.710     0.32    2.05
  61439.209     4.548    -0.43    2.06
  61814.586     4.604     0.15    1.75
  62189.950     4.646     0.11    1.82
  62565.301     4.404    -0.64    1.79
  62940.639     4.109    -0.78    1.64
  63315.964     3.996    -0.30    1.52
  63691.276     3.829    -0.44    1.42
  64066.575     4.115     0.76    2.18
  64441.861     4.790     1.80    2.61
  64817.133     5.143     0.94    2.78
  65192.393     4.890    -0.67    2.51
  65567.640     4.615    -0.73    2.20
  65942.873     3.719    -2.39    2.18
  66318.094     3.329    -1.04    1.93
  66693.302     3.465     0.36    1.96
  67068.496     3.204    -0.70    1.98
  67443.678     2.987    -0.58    1.71
  67818.846     2.543    -1.18    1.52
  68194.001     2.406    -0.37    1.22
  68569.144     3.102     1.85    1.60
  68944.273     3.431     0.88    2.85
  69319.390     2.183    -3.33    4.10
  69694.493     1.524    -1.76    4.37
  70069.583     1.500    -0.07    4.30
  70444.661     1.538     0.10    3.78
  70819.725     3.329     4.77    2.31
  71194.776     3.429     0.27    2.13
  71569.815     3.353    -0.20    2.17
  71944.840     3.329    -0.06    2.20
  72319.852     3.231    -0.26    1.88
  72694.852     3.179    -0.14    1.92
  73069.838     3.029    -0.40    2.15
  73444.812     2.429    -1.60    2.15
  73819.772     1.877    -1.47    2.10
  74194.720     2.305     1.14    2.21
  74569.654     2.865     1.49    2.35
  74944.576     3.115     0.66    2.27
  75319.484     2.548    -1.51    1.94
  75694.380     2.278    -0.72    1.99
  76069.262     1.972    -0.82    1.88
  76444.132     1.305    -1.78    1.51
  76818.989     1.231    -0.20    1.26
  77193.833     1.429     0.53    1.30
  77568.664     2.329     2.40    2.37
  77943.481     3.404     2.87    2.40
  78318.286     3.805     1.07    2.25
  78693.079     4.226     1.12    2.26
  79067.858     3.939    -0.77    2.05
  79442.624     3.829    -0.29    2.27
  79817.377     3.704    -0.33    2.10
  80192.117     3.210    -1.32    2.56
  80566.845     2.092    -2.98    2.27
  80941.559     1.631    -1.23    1.87
  81316.261     1.579    -0.14    1.77
  81690.950     2.019     1.18    1.76
  82065.625     2.400     1.02    1.58
  82440.288     2.637     0.63    1.64
  82814.938     2.472    -0.44    1.66
  83189.575     2.047    -1.13    1.67
  83564.199     2.353     0.82    2.04
  83938.811     1.841    -1.37    2.12
  84313.409     2.012     0.46    2.25
  84687.995     2.019     0.02    1.84
  85062.567     1.724    -0.79    1.67
  85437.127     1.404    -0.85    1.80
  85811.674     1.454     0.13    1.74
  86186.208     1.451    -0.01    2.18
  86560.729     1.402    -0.13    2.26
  86935.237     1.329    -0.20    2.02
  87309.733     1.670     0.91    2.00
  87684.215     1.654    -0.04    2.08
  88058.685     1.109    -1.45    1.99
  88433.142     0.734    -1.00    1.93
  88807.586     0.061    -1.80    1.76
  89182.017    -0.549    -1.63    1.82
  89556.435    -0.964    -1.11    2.00
  89930.841    -0.964     0.00    2.36
  90305.233    -0.620     0.92    2.32
  90679.613    -0.862    -0.65    2.18
  91055.198    -0.647     0.57    1.51
  91432.144    -0.842    -0.52    1.51
  91809.077    -0.771     0.19    1.35
  92185.997    -1.092    -0.85    1.41
  92562.904    -1.369    -0.73    1.42
  92939.798    -1.571    -0.54    1.60
  93316.679    -1.671    -0.27    1.75
  93693.547    -1.421     0.66    1.64
  94070.402    -1.261     0.43    1.68
  94447.243    -0.717     1.44    1.52
  94824.072    -0.261     1.21    1.57
  95200.888     0.231     1.31    1.55
  95577.691     0.841     1.62    1.47
  95954.481     1.457     1.63    1.40
  96331.258     1.329    -0.34    1.46
  96708.022     1.714     1.02    2.18
  97084.773     2.622     2.41    3.10
  97461.511     3.207     1.55    3.18
  97838.236     4.004     2.12    2.76
  98214.949     3.283    -1.91    2.61
  98591.648     2.039    -3.30    1.83
  98968.334     1.280    -2.02    1.86
  99345.007     0.281    -2.65    2.02
  99721.668     0.207    -0.20    1.95
 100098.315    -0.052    -0.69    1.92
 100474.950    -0.133    -0.21    2.49
 100851.571    -0.256    -0.33    2.44
 101228.180    -0.600    -0.91    1.88
 101604.775    -0.866    -0.71    1.90
 101981.358    -0.110     2.01    2.39
 102357.928     1.304     3.75    2.93
 102734.485     2.104     2.12    3.09
 103111.029     2.919     2.16    2.68
 103487.560     2.475    -1.18    3.21
 103864.078     2.134    -0.91    3.42
 104240.583     2.865     1.94    3.61
 104617.075     3.987     2.98    3.77
 104993.555     4.504     1.37    3.20
 105370.021     4.012    -1.31    2.94
 105746.475     3.186    -2.19    3.03
 106122.916     2.256    -2.47    2.74
 106499.343     2.305     0.13    2.87
 106875.758     2.229    -0.20    2.79
 107252.160     2.790     1.49    2.81
 107628.550     2.929     0.37    2.81
 108004.926     1.622    -3.47    3.20
 108381.289     0.451    -3.11    2.72
 108757.640    -0.574    -2.72    2.31
 109133.978    -1.446    -2.32    1.69
 109510.302    -1.145     0.80    2.01
 109886.614    -0.601     1.44    2.43
 110262.914     0.597     3.18    2.69
 110639.200     1.792     3.18    2.69
 111015.473     2.679     2.36    2.40
 111391.734     2.611    -0.18    2.70
 111767.981     1.670    -2.50    2.75
 112144.216     1.944     0.73    2.77
 112520.438     2.519     1.53    2.65
 112896.647     2.954     1.15    2.36
 113272.844     2.303    -1.73    2.70
 113649.027     0.329    -5.25    2.97
 114025.198    -1.389    -4.57    2.55
 114401.356    -2.476    -2.89    1.95
 114777.501    -2.939    -1.23    1.61
 115153.633    -3.256    -0.84    1.20
 115529.752    -3.444    -0.50    1.03
 115905.859    -3.592    -0.39    0.88
 116281.953    -3.409     0.49    0.89
 116658.034    -3.457    -0.13    0.87
 117034.102    -3.427     0.08    1.11
 117410.157    -3.452    -0.06    1.35
 117786.200    -3.415     0.10    1.21
 118162.230    -3.314     0.27    1.12
 118538.247    -3.427    -0.30    1.48
 118914.251    -3.061     0.97    1.74
 119290.242    -2.086     2.59    2.13
 119666.221    -1.196     2.37    2.34
 120042.187    -1.096     0.27    2.42
 120418.140    -1.543    -1.19    2.42
 120794.080    -2.476    -2.48    2.05
 121170.008    -3.195    -1.91    1.58
 121545.923    -3.457    -0.70    1.57
 121921.825    -2.433     2.72    3.20
 122297.714    -0.891     4.10    3.43
 122673.590     0.744     4.35    3.37
 123049.454     1.924     3.14    2.64
 123425.305     2.256     0.88    2.32
 123801.143     0.987    -3.37    2.62
 124176.969     0.279    -1.89    2.59
 124552.782    -0.086    -0.97    2.60
 124928.582     1.004     2.90    3.16
 125304.369     2.305     3.46    2.88
 125680.144     2.479     0.46    2.64
 126055.906     3.134     1.74    2.61
 126431.655     3.377     0.65    2.78
 126807.391     3.688     0.83    2.35
 127183.115     3.067    -1.65    2.51
 127558.826     3.047    -0.05    2.51
 127934.524     3.019    -0.07    2.36
 128310.210     3.043     0.06    2.60
 128685.882     2.929    -0.30    2.24
 129061.543     2.887    -0.11    1.88
 129437.190     2.855    -0.08    1.96
 129812.825     1.900    -2.54    2.71
 130188.447    -0.378    -6.07    3.03
 130564.056    -1.766    -3.69    2.94
 130939.653    -3.100    -3.55    2.20
 131315.237    -3.620    -1.38    1.85
 131690.808    -3.933    -0.83    1.33
 132066.367    -4.296    -0.97    0.90
 132441.913    -4.409    -0.30    0.91
 132817.446    -4.256     0.41    1.02
 133192.967    -4.471    -0.57    1.02
 133568.475    -4.574    -0.27    1.11
 133943.970    -4.671    -0.26    1.04
 134319.453    -4.452     0.58    0.96
 134694.923    -4.256     0.52    1.02
 135070.380    -3.933     0.86    1.17
 135445.825    -3.746     0.50    1.10
 135821.257    -3.891    -0.38    1.08
 136196.676    -3.695     0.52    1.13
 136572.083    -4.037    -0.91    1.41
 136947.477    -3.821     0.57    1.66
 137322.858    -4.004    -0.49    1.68
 137698.227    -4.183    -0.48    1.49
 138073.583    -3.695     1.30    1.57
 138448.927    -3.271     1.13    1.82
 138824.258    -2.971     0.80    1.95
 139199.576    -2.871     0.27    2.02
 139574.882    -3.110    -0.64    2.10
 139950.175    -3.378    -0.71    2.37
 140325.456    -3.601    -0.59    2.47
 140700.724    -3.623    -0.06    2.76
 141075.979    -3.774    -0.40    2.67
 141451.222    -3.353     1.12    2.63
 141826.452    -2.964     1.04    2.19
 142201.669    -3.159    -0.52    1.85
 142576.874    -3.671    -1.36    1.05
 142952.067    -3.987    -0.84    1.04
 143327.246    -3.989    -0.01    1.09
 143702.413    -4.004    -0.04    1.03
 144077.568    -3.996     0.02    0.94
 144452.710    -3.933     0.17    0.94
 144827.840    -3.671     0.70    1.47
 145202.956    -2.392     3.41    2.50
 145578.061    -1.382     2.69    2.71
 145953.152    -0.646     1.96    2.75
 146328.232    -0.964    -0.85    2.40
 146703.298    -0.915     0.13    2.23
 147078.352    -1.159    -0.65    2.12
 147453.394    -1.133     0.07    2.40
 147828.423    -0.996     0.36    2.49
 148203.439    -0.596     1.07    2.56
 148578.443    -0.933    -0.90    2.59
 148953.435    -1.446    -1.37    2.24
 149328.413    -1.549    -0.27    2.04
 149703.380    -2.232    -1.82    1.69
 150078.333    -2.196     0.10    1.84
 150453.275    -2.046     0.40    1.66
 150828.203    -2.208    -0.43    1.66
 151203.120    -2.525    -0.85    1.78
 151578.023    -2.354     0.46    1.71
 151952.914    -2.362    -0.02    1.83
 152327.793    -2.403    -0.11    1.98
 152702.659    -1.876     1.40    2.08
 153077.513    -2.195    -0.85    2.16
 153452.354    -1.964     0.62    2.27
 153827.183    -2.305    -0.91    2.03
 154201.999    -3.396    -2.91    1.95
 154576.802    -3.408    -0.03    1.73
 154951.593    -3.762    -0.94    1.31
 155326.372    -3.851    -0.24    1.45
 155701.138    -3.891    -0.11    1.71
 156075.892    -4.110    -0.59    1.34
 156450.633    -4.121    -0.03    1.52
 156825.362    -3.876     0.65    1.55
 157200.078    -3.882    -0.02    1.73
 157574.782    -4.013    -0.35    1.76
 157949.473    -3.933     0.21    1.91
 158324.152    -3.915     0.05    1.91
 158698.819    -4.028    -0.30    1.83
 159073.473    -3.902     0.34    1.63
 159448.114    -4.110    -0.56    1.64
 159822.743    -4.013     0.26    1.56
 160197.360    -3.549     1.24    1.17
 160571.964    -3.622    -0.20    1.00
 160946.556    -3.476     0.39    0.90
 161321.135    -3.596    -0.32    1.00
 161695.702    -3.620    -0.06    1.26
 162070.256    -4.021    -1.07    1.37
 162444.798    -4.028    -0.02    1.48
 162819.328    -4.183    -0.41    1.14
 163193.845    -3.988     0.52    1.13
 163568.350    -3.721     0.71    1.36
 163942.842    -3.598     0.33    1.35
 164317.322    -3.171     1.14    1.48
 164691.790    -3.354    -0.49    1.69
 165066.245    -3.146     0.56    2.05
 165440.687    -3.403    -0.69    2.09
 165815.118    -3.123     0.75    2.09
 166191.233    -3.004     0.32    1.87
 166568.135    -3.243    -0.63    1.68
 166945.024    -3.620    -1.00    1.79
 167321.900    -4.243    -1.65    1.70
 167698.764    -4.552    -0.82    1.42
 168075.615    -4.546     0.02    1.34
 168452.454    -3.555     2.63    1.62
 168829.280    -3.408     0.39    1.57
 169206.093    -3.525    -0.31    1.70
 169582.894    -3.939    -1.10    1.58
 169959.683    -4.121    -0.48    1.24
 170336.458    -3.989     0.35    1.09
 170713.222    -3.987     0.01    1.23
 171089.973    -3.981     0.02    1.44
 171466.711    -4.403    -1.12    1.41
 171843.437    -4.622    -0.58    1.14
 172220.150    -4.415     0.55    0.88
 172596.851    -4.261     0.41    0.85
 172973.539    -4.195     0.18    0.86
 173350.215    -4.232    -0.10    0.81
 173726.878    -4.232     0.00    0.81
 174103.528    -4.110     0.32    1.00
 174480.167    -4.321    -0.56    1.23
 174856.792    -4.296     0.07    1.51
 175233.405    -4.466    -0.45    1.63
 175610.006    -4.574    -0.29    1.76
 175986.594    -4.598    -0.06    1.75
 176363.170    -4.647    -0.13    1.81
 176739.733    -4.646     0.00    1.95
 177116.284    -4.646     0.00    1.87
 177492.822    -4.525     0.32    1.90
 177869.348    -4.862    -0.89    1.57
 178245.861    -5.110    -0.66    1.27
 178622.362    -5.052     0.15    1.23
 178998.850    -5.171    -0.32    1.32
 179375.326    -4.825     0.92    1.50
 179751.789    -4.261     1.50    1.76
 180128.240    -4.061     0.53    1.58
 180504.679    -3.647     1.10    1.27
 180881.105    -3.744    -0.26    1.15
 181257.518    -3.521     0.59    0.98
 181633.920    -3.592    -0.19    1.00
 182010.308    -3.439     0.41    1.15
 182386.685    -3.232     0.55    1.23
 182763.048    -3.378    -0.39    1.12
 183139.400    -3.121     0.68    1.06
 183515.739    -3.133    -0.03    1.10
 183892.065    -2.989     0.38    1.23
 184268.379    -2.979     0.03    1.30
 184644.681    -3.061    -0.22    1.32
 185020.970    -3.256    -0.52    1.22
 185397.247    -3.235     0.06    1.14
 185773.511    -3.739    -1.34    1.25
 186149.763    -3.748    -0.02    1.46
 186526.003    -3.988    -0.64    1.56
 186902.230    -3.771     0.58    1.63
 187278.445    -3.549     0.59    1.50
 187654.647    -3.159     1.04    1.40
 188030.837    -2.987     0.46    1.58
 188407.015    -3.046    -0.16    1.31
 188783.180    -3.219    -0.46    1.19
 189159.333    -3.378    -0.42    1.29
 189535.473    -3.671    -0.78    1.23
 189911.601    -3.825    -0.41    1.27
 190287.717    -4.037    -0.56    1.09
 190663.820    -4.378    -0.91    1.19
 191039.911    -4.232     0.39    1.16
 191415.990    -4.271    -0.10    1.26
 191792.056    -4.110     0.43    1.30
 192168.110    -3.821     0.77    1.14
 192544.151    -3.896    -0.20    1.21
 192920.180    -3.793     0.27    1.23
 193296.197    -3.647     0.39    1.29
 193672.201    -4.046    -1.06    1.63
 194048.193    -4.598    -1.47    1.54
 194424.173    -4.774    -0.47    1.48
 194800.141    -4.546     0.61    1.62
 195176.096    -4.363     0.49    1.51
 195552.038    -4.385    -0.06    1.29
 195927.969    -4.256     0.34    1.30
 196303.887    -4.385    -0.34    1.13
 196679.792    -4.496    -0.29    1.32
 197055.686    -4.092     1.07    1.45
 197431.567    -3.973     0.32    1.44
 197807.436    -3.793     0.48    1.33
 198183.292    -3.696     0.26    1.39
 198559.136    -3.695     0.00    1.51
 198934.968    -3.748    -0.14    1.48
 199310.787    -3.921    -0.46    1.48
 199686.595    -3.671     0.67    1.69
 200062.390    -3.671     0.00    1.72
 200438.172    -3.427     0.65    1.71
 200813.943    -3.517    -0.24    1.68
 201189.701    -3.694    -0.47    1.47
 201565.446    -3.882    -0.50    1.54
 201941.180    -3.996    -0.30    1.61
 202316.901    -4.208    -0.56    1.50
 202692.610    -3.817     1.04    1.85
 203068.307    -3.004     2.16    2.23
 203443.991    -2.329     1.80    2.08
 203819.663    -2.371    -0.11    2.13
 204195.323    -2.946    -1.53    2.22
 204570.970    -3.647    -1.86    2.07
 204946.606    -4.037    -1.04    1.76
 205322.229    -4.159    -0.32    1.52
 205697.840    -4.771    -1.63    1.43
 206073.438    -5.196    -1.13    1.45
 206449.024    -5.452    -0.68    1.42
 206824.598    -5.796    -0.92    1.26
 207200.160    -6.135    -0.90    0.98
 207575.710    -6.232    -0.26    0.95
 207951.247    -6.517    -0.76    0.54
 208326.772    -6.471     0.12    0.61
 208702.285    -6.421     0.13    0.67
 209077.786    -6.256     0.44    0.81
 209453.274    -6.086     0.45    1.14
 209828.750    -6.195    -0.29    1.04
 210204.214    -6.500    -0.81    0.67
 210579.666    -6.434     0.18    0.75
 210955.106    -6.322     0.30    0.78
 211330.533    -6.281     0.11    0.74
 211705.948    -6.208     0.19    0.81
 212081.351    -6.037     0.45    0.97
 212456.742    -6.107    -0.19    0.94
 212832.120    -6.035     0.19    0.92
 213207.487    -5.748     0.76    1.18
 213582.841    -5.721     0.07    1.26
 213958.183    -5.598     0.33    1.57
 214333.513    -5.158     1.17    1.92
 214708.830    -4.043     2.97    2.60
 215084.136    -2.487     4.15    2.25
 215459.429    -1.721     2.04    1.63
 215834.710    -1.500     0.59    1.55
 216209.979    -1.525    -0.06    1.61
 216585.236    -1.817    -0.78    1.28
 216960.480    -1.902    -0.22    1.51
 217335.713    -1.596     0.81    1.61
 217710.933    -1.596     0.00    1.54
 218086.141    -1.598    -0.00    1.63
 218461.337    -1.549     0.13    1.33
 218836.521    -1.622    -0.19    1.34
 219211.693    -1.622     0.00    1.18
 219586.852    -1.546     0.20    1.11
 219962.000    -1.671    -0.33    1.24
 220337.135    -1.305     0.98    1.51
 220712.258    -0.915     1.04    1.76
 221087.369    -0.866     0.13    1.94
 221462.468    -0.671     0.52    1.85
 221837.555    -0.939    -0.72    1.72
 222212.629    -0.979    -0.11    2.20
 222587.692    -1.195    -0.58    2.51
 222962.742    -1.183     0.03    2.64
 223337.780    -1.766    -1.55    2.83
 223712.806    -1.821    -0.15    2.42
 224087.821    -1.776     0.12    2.31
 224462.822    -1.398     1.01    1.98
 224837.812    -0.896     1.34    1.12
 225212.790    -1.037    -0.38    1.13
 225587.756    -1.525    -1.30    1.48
 225962.709    -1.671    -0.39    1.41
 226337.651    -2.376    -1.88    1.72
 226712.580    -2.979    -1.61    1.99
 227087.497    -3.821    -2.25    2.33
 227462.403    -4.817    -2.66    2.41
 227837.296    -4.671     0.39    3.32
 228212.177    -3.647     2.73    4.53
 228587.046    -1.250     6.39    5.05
 228961.903     0.329     4.21    4.62
 229336.748     0.929     1.60    3.40
 229711.581    -0.427    -3.62    3.70
 230086.401    -2.866    -6.51    3.33
 230461.210    -4.427    -4.16    2.76
 230836.007    -5.296    -2.32    2.34
 231210.791    -5.096     0.53    2.46
 231585.564    -4.496     1.60    2.80
 231960.324    -3.744     2.01    2.72
 232335.073    -3.271     1.26    2.81
 232709.809    -3.135     0.36    2.79
 233084.534    -3.305    -0.46    2.76
 233459.246    -4.013    -1.89    2.85
 233833.946    -4.825    -2.17    2.59
 234208.635    -4.957    -0.35    2.41
 234583.311    -5.305    -0.93    2.24
 234957.975    -5.159     0.39    2.27
 235332.627    -5.046     0.30    2.56
 235707.268    -4.382     1.77    2.96
 236081.896    -3.353     2.75    3.61
 236456.512    -2.261     2.91    3.92
 236831.116    -0.891     3.66    4.06
 237205.708     0.329     3.26    3.33
 237580.288     1.098     2.05    2.30
 237954.857     1.124     0.07    1.82
 238329.413     0.359    -2.04    2.57
