-207336.049  4973.232     0.00   86.75
-206961.473  5004.596    83.75  103.51
-206586.913  5036.650    85.59  122.15
-206212.369  5089.610   141.43  119.78
-205837.841  5119.292    79.27  119.41
-205463.329  5119.715     1.13  115.22
-205088.834  5081.005  -103.39  116.88
-204714.355  5049.284   -84.72   94.38
-204339.892  5063.424    37.77   80.92
-203965.445  5099.308    95.85   84.95
-203591.014  5153.197   143.95   89.89
-203216.599  5205.245   139.03   88.94
-202842.200  5208.184     7.85   86.86
-202467.818  5188.641   -52.21   84.94
-202093.451  5146.034  -113.83   82.16
-201719.101  5120.054   -69.41   78.47
-201344.767  5110.391   -25.82   71.95
-200970.449  5112.578     5.84   74.65
-200596.147  5105.796   -18.12   84.01
-200221.861  5109.378     9.57   76.04
-199847.591  5107.261    -5.66   76.04
-199473.337  5119.840    33.62   93.45
-199099.100  5125.168    14.24  101.62
-198724.878  5091.889   -88.94  122.19
-198350.673  5058.634   -88.89  129.00
-197976.483  4978.471  -214.27  130.80
-197602.310  4912.820  -175.49  128.82
-197228.153  4813.122  -266.50  144.61
-196854.012  4692.221  -323.20  163.15
-196479.886  4582.936  -292.16  164.20
-196105.777  4516.773  -176.88  105.03
-195731.684  4511.777   -13.36  106.15
-195357.607  4553.936   112.72  149.46
-194983.546  4591.727   101.04  181.53
-194609.502  4637.316   121.90  190.45
-194235.473  4657.587    54.20  172.78
-193861.460  4653.866    -9.95  140.48
-193487.463  4695.354   110.95  144.28
-193113.482  4793.238   261.78  180.89
-192739.517  4931.378   369.45  166.62
-192365.569  5035.781   279.24  135.47
-191989.645  5131.173   253.80  109.55
-191612.493  5186.364   146.36  101.46
-191235.357  5225.186   102.96   98.33
-190858.237  5253.215    74.33  109.72
-190481.134  5210.800  -112.49  209.43
-190104.047  5181.331   -78.16  233.55
-189726.976  5136.197  -119.72  237.49
-189349.921  5132.221   -10.55  236.58
-188972.883  5168.075    95.11  167.43
-188595.861  5180.634    33.31  143.72
-188218.855  5178.197    -6.46  126.21
-187841.866  5142.888   -93.68  149.21
-187464.893  5051.531  -242.38  186.45
-187087.936  4926.936  -330.58  195.79
-186710.995  4813.346  -301.40  236.08
-186334.071  4648.331  -437.86  260.84
-185957.162  4520.255  -339.86  246.56
-185580.271  4410.697  -290.73  180.44
-185203.395  4353.054  -152.97  144.66
-184826.535  4338.052   -39.81  166.20
-184449.692  4350.641    33.41  177.85
-184072.865  4349.703    -2.49  169.10
-183696.054  4361.820    32.16  143.12
-183319.259  4387.078    67.05  111.99
-182942.481  4456.517   184.33  123.17
-182565.719  4557.145   267.13  124.17
-182188.973  4636.959   211.88  154.09
-181812.243  4664.634    73.47  159.15
-181435.529  4654.159   -27.81  173.54
-181058.832  4656.301     5.69  176.94
-180682.151  4643.626   -33.65  115.46
-180305.486  4621.414   -58.98  103.80
-179928.837  4613.118   -22.03  130.23
-179552.204  4649.261    95.98  188.87
-179175.588  4737.820   235.18  259.72
-178798.987  4876.173   367.43  255.84
-178422.403  4932.792   150.37  197.90
-178045.835  4915.680   -45.45  158.41
-177669.283  4834.913  -214.52  148.31
-177292.747  4776.102  -156.21  121.87
-176916.228  4741.388   -92.21  134.37
-176539.724  4782.578   109.42  188.54
-176163.237  4899.820   311.46  205.51
-175786.766  4987.573   233.13  206.56
-175410.311  5080.959   248.10  186.76
-175033.872  5132.823   137.79  151.92
-174657.449  5146.215    35.58  131.03
-174281.042  5102.126  -117.15  152.66
-173904.652  4982.173  -318.74  196.28
-173528.277  4817.587  -437.36  206.02
-173151.919  4688.936  -341.88  178.97
-172775.577  4571.750  -311.43  154.35
-172399.251  4455.331  -309.40  161.32
-172022.941  4336.610  -315.53  188.31
-171646.647  4181.634  -411.91  197.55
-171270.369  4049.889  -350.18  199.16
-170894.107  3891.889  -419.98  175.12
-170517.861  3780.517  -296.05  152.54
-170141.632  3635.721  -384.92  187.98
-169765.418  3504.102  -349.90  209.30
-169389.221  3329.816  -463.35  199.50
-169013.039  3173.215  -416.35  178.92
-168636.874  3049.820  -328.08  177.36
-168260.724  2975.727  -197.01  167.07
-167884.591  2976.578     2.26  189.10
-167508.474  3045.232   182.56  221.55
-167132.373  3165.075   318.69  182.41
-166756.288  3233.602   182.24  185.36
-166380.218  3259.054    67.69  239.53
-166004.165  3284.391    67.38  279.46
-165628.128  3333.959   131.84  255.44
-165252.107  3402.715   182.88  231.38
-164876.102  3457.889   146.76  215.77
-164500.113  3544.935   231.54  208.74
-164124.140  3630.792   228.39  196.05
-163748.183  3719.494   235.97  151.13
-163372.243  3815.750   256.08  157.70
-162996.318  3923.122   285.66  169.53
-162620.409  4025.769   273.10  175.29
-162244.516  4112.354   230.38  144.80
-161868.639  4194.435   218.40  104.72
-161492.778  4213.448    50.59  131.25
-161116.933  4238.507    66.68  134.47
-160741.104  4235.059    -9.17  160.82
-160365.291  4242.391    19.51  169.38
-159989.494  4259.484    45.49  166.88
-159613.712  4318.483   157.02  174.40
-159237.947  4416.245   260.20  163.46
-158862.198  4488.031   191.07  119.08
-158486.465  4461.221   -71.36  122.21
-158110.747  4393.910  -179.18  140.00
-157735.046  4292.913  -268.86  123.26
-157359.361  4179.837  -301.02  143.02
-156983.691  4105.959  -196.68  128.17
-156608.038  4060.792  -120.25  111.86
-156232.400  4070.159    24.94  139.33
-155856.778  4168.391   261.55  150.55
-155481.173  4258.809   240.76  100.98
-155105.583  4273.745    39.77  109.22
-154730.009  4182.448  -243.12  186.76
-154354.451  4042.703  -372.15  217.26
-153978.909  3965.118  -206.62  158.93
-153603.383  3954.985   -26.99  145.53
-153227.872  4024.686   185.64  160.64
-152852.378  4143.105   315.41  128.61
-152476.899  4169.145    69.36  130.60
-152101.437  4162.483   -17.75  125.66
-151725.990  4147.813   -39.08  129.21
-151350.559  4118.368   -78.44  136.31
-150975.144  4103.549   -39.48  139.28
-150599.745  4082.401   -56.34  134.18
-150224.362  4012.517  -186.19  142.45
-149848.994  3945.168  -179.44  138.47
-149473.643  3839.005  -282.87  137.28
-149098.307  3743.091  -255.57  139.16
-148722.987  3652.505  -241.39  152.44
-148347.683  3540.134  -299.45  166.05
-147972.395  3418.527  -324.08  183.89
-147597.123  3294.238  -331.24  174.24
-147221.866  3210.109  -224.22  139.67
-146846.626  3221.641    30.74  146.64
-146471.401  3325.703   277.37  174.11
-146096.192  3463.823   368.16  193.20
-145720.999  3628.073   437.83  188.35
-145345.822  3769.750   377.67  156.19
-144970.660  3896.664   338.33  135.90
-144595.514  3990.113   249.13  107.41
-144220.385  4068.073   207.85   96.18
-143845.270  4128.009   159.80   74.91
-143470.172  4159.164    83.07   62.29
-143095.090  4162.641     9.27   65.26
-142720.023  4142.834   -52.82   65.05
-142344.972  4109.777   -88.15   81.97
-141969.937  4080.880   -77.06  100.15
-141594.918  4061.527   -51.61  117.71
-141219.914  4030.029   -84.00  128.37
-140844.926  3976.215  -143.53  123.55
-140469.954  3904.029  -192.53  129.23
-140094.998  3819.216  -226.22  121.13
-139720.057  3774.800  -118.47  108.76
-139345.133  3777.764     7.91  142.18
-138970.224  3821.840   117.58  168.83
-138595.330  3910.796   237.31  140.77
-138220.453  3964.081   142.16  103.13
-137845.591  3985.186    56.31   90.55
-137470.745  4003.234    48.15   76.18
-137095.915  4000.292    -7.85   70.49
-136721.100  3989.483   -28.84   70.94
-136346.301  3979.840   -25.73   63.59
-135971.518  3983.912    10.86   89.09
-135596.751  3977.759   -16.42   94.58
-135221.999  3979.618     4.96   94.03
-134847.263  3983.484    10.32   94.21
-134472.543  4043.602   160.45  113.15
-134097.838  4156.285   300.76  127.14
-133723.149  4214.626   155.72  102.95
-133348.476  4228.936    38.20   91.50
-132973.819  4184.099  -119.69  112.73
-132599.177  4084.006  -267.20  147.97
-132224.551  3971.412  -300.58  153.85
-131849.940  3891.168  -214.23  138.87
-131475.346  3863.331   -74.32  115.25
-131100.766  3914.494   136.60  150.67
-130726.203  4015.680   270.17  170.85
-130351.655  4122.331   284.78  132.09
-129977.123  4207.554   227.57   97.85
-129602.607  4238.888    83.67   75.91
-129228.106  4253.792    39.80   72.54
-128853.621  4234.401   -51.79   83.19
-128479.151  4206.238   -75.22   88.73
-128104.697  4172.122   -91.12   95.21
-127730.259  4138.424   -90.00   98.03
-127355.837  4095.813  -113.82  110.13
-126981.430  4042.673  -141.94  112.73
-126607.038  4027.626   -40.20  117.02
-126232.663  4007.277   -54.36  115.61
-125858.303  3999.006   -22.10  118.80
-125483.958  3972.215   -71.57  133.06
-125109.629  3854.435  -314.68  158.69
-124735.316  3695.471  -424.73  216.42
-124361.018  3498.031  -527.55  210.96
-123986.736  3350.745  -393.56  190.13
-123612.470  3203.102  -394.53  159.16
-123238.219  3095.697  -287.02  144.69
-122863.984  3015.364  -214.68  127.26
-122489.764  2974.788  -108.44  109.80
-122115.560  2943.099   -84.69   95.60
-121741.371  2888.384  -146.24  126.68
-121367.198  2835.541  -141.24  140.07
-120993.041  2762.840  -194.32  136.28
-120618.899  2726.378   -97.47  135.84
-120244.773  2699.554   -71.70  150.36
-119870.662  2696.284    -8.74  171.31
-119496.567  2730.982    92.76  199.62
-119122.487  2816.934   229.79  193.99
-118748.423  2835.364    49.28  203.79
-118374.375  2774.145  -163.68  199.25
-118000.342  2734.866  -105.03  173.28
-117626.324  2734.096    -2.06  165.70
-117252.323  2824.275   241.14  168.96
-116875.875  2933.505   290.19  180.40
-116498.770  3033.935   266.34  165.72
-116121.681  3097.122   167.58  156.02
-115744.607  3124.507    72.63  116.07
-115367.550  3083.036  -110.00  154.99
-114990.508  2928.755  -409.23  258.29
-114613.482  2722.421  -547.32  258.22
-114236.472  2524.792  -524.25  225.74
-113859.477  2339.096  -492.62  201.57
-113482.499  2185.788  -406.71  166.99
-113105.536  2083.186  -272.21  144.84
-112728.589  1996.959  -228.77  136.67
-112351.657  1958.346  -102.45  157.86
-111974.742  1887.750  -187.32  157.58
-111597.842  1824.750  -167.17  155.82
-111220.958  1745.982  -209.02  148.82
-110844.089  1701.696  -117.52  143.09
-110467.237  1704.277     6.85  163.11
-110090.400  1643.784  -160.54  183.30
-109713.579  1589.232  -144.78  171.16
-109336.773  1552.792   -96.71  139.15
-108959.984  1532.575   -53.66  148.35
-108583.210  1577.323   118.78  210.58
-108206.451  1655.651   207.92  253.69
-107829.709  1706.197   134.18  279.93
-107452.982  1702.527    -9.74  300.85
-107076.271  1668.626   -90.00  290.11
-106699.575  1551.050  -312.15  259.44
-106322.895  1470.117  -214.88  217.41
-105946.231  1386.936  -220.85  182.86
-105569.583  1302.102  -225.25  130.10
-105192.950  1251.541  -134.26  102.97
-104816.333  1235.527   -42.52   93.48
-104439.732  1250.523    39.82  107.79
-104063.146  1329.436   209.57  165.36
-103686.576  1428.734   263.71  198.66
-103310.022  1514.118   226.77  234.49
-102933.483  1554.840   108.16  253.61
-102556.960  1546.626   -21.82  246.41
-102180.453  1520.618   -69.08  233.31
-101803.961  1505.344   -40.57  170.55
-101427.485  1526.935    57.36  151.69
-101051.025  1609.099   218.27  186.21
-100674.580  1745.221   361.63  197.46
-100298.151  1881.414   361.83  172.24
 -99921.738  1976.591   252.87  172.68
 -99545.340  2050.050   195.18  198.82
 -99168.958  2124.122   196.82  226.89
 -98792.591  2240.703   309.78  231.39
 -98416.240  2396.401   413.74  248.24
 -98039.905  2537.446   374.82  200.81
 -97663.585  2616.414   209.86  140.23
 -97287.281  2641.862    67.63  113.71
 -96910.992  2592.292  -131.74  134.18
 -96534.719  2545.285  -124.94  130.66
 -96158.462  2533.740   -30.69  119.38
 -95782.220  2447.436  -229.40  169.91
 -95405.994  2335.485  -297.59  213.38
 -95029.783  2160.494  -465.18  234.86
 -94653.588  1969.727  -507.14  200.38
 -94277.409  1839.245  -346.89  158.79
 -93901.245  1759.027  -213.27  134.13
 -93525.096  1709.908  -130.60  124.62
 -93148.964  1676.255   -89.48  124.53
 -92772.846  1637.816  -102.21  117.65
 -92396.745  1601.331   -97.02  141.65
 -92020.659  1538.102  -168.14  164.95
 -91644.588  1480.520  -153.13  174.57
 -91268.533  1372.573  -287.07  199.03
 -90892.494  1258.934  -302.22  202.44
 -90516.470  1140.840  -314.08  189.12
 -90140.461  1061.936  -209.86  131.18
 -89764.469  1039.423   -59.88  110.40
 -89388.491  1076.099    97.56  150.02
 -89012.529  1153.659   206.31  152.58
 -88636.583  1191.507   100.68  129.22
 -88260.652  1198.245    17.93  129.53
 -87884.737  1161.673   -97.29  139.94
 -87508.837  1133.245   -75.63  168.84
 -87132.953  1123.886   -24.90  161.60
 -86757.084  1070.889  -141.01  164.92
 -86381.231  1005.984  -172.70  153.56
 -86005.393   893.910  -298.22  122.10
 -85629.571   796.145  -260.16   80.52
 -85253.764   758.197  -100.98   70.03
 -84877.973   685.150  -194.40   96.63
 -84502.197   618.145  -178.32  109.54
 -84126.437   538.238  -212.67  112.35
 -83750.692   456.721  -216.96   64.72
 -83374.962   409.378  -126.01   46.64
 -82999.248   374.935   -91.68   34.47
 -82623.550   348.364   -70.73   35.17
 -82247.867   319.269   -77.45   32.04
 -81872.199   294.984   -64.65   25.47
 -81496.547   278.554   -43.74   20.03
 -81120.910   264.769   -36.70   12.97
 -80745.289   256.610   -21.72    8.28
 -80369.683   250.323   -16.74    7.49
 -79994.093   245.680   -12.36    7.03
 -79618.518   239.935   -15.30    7.90
 -79242.958   235.154   -12.73    7.58
 -78867.414   230.221   -13.14    7.84
 -78491.885   225.354   -12.96    7.79
 -78116.372   220.145   -13.87    7.75
 -77740.874   216.078   -10.83    7.65
 -77365.391   210.054   -16.04    8.72
 -76989.924   204.203   -15.59    9.09
 -76614.473   198.197   -16.00    8.84
 -76239.036   191.888   -16.81    7.23
 -75863.615   186.378   -14.68    7.29
 -75488.210   181.888   -11.96    6.27
 -75112.820   176.517   -14.31    6.00
 -74737.445   171.578   -13.16    5.42
 -74362.086   166.721   -12.94    5.66
 -73986.741   161.517   -13.86    5.69
 -73611.413   157.126   -11.70    6.22
 -73236.100   151.554   -14.85    6.42
 -72860.802   147.221   -11.55    5.34
 -72485.519   143.075   -11.05    4.76
 -72110.252   139.309   -10.04    4.24
 -71735.000   135.531   -10.07    4.87
 -71359.763   131.496   -10.75    4.74
 -70984.542   128.602    -7.71    4.68
 -70609.336   124.554   -10.79    4.52
 -70234.146   120.984    -9.52    3.98
 -69858.971   117.610    -8.99    4.20
 -69483.811   113.934    -9.80    4.31
 -69108.666   110.145   -10.10    4.77
 -68733.537   105.983   -11.10    4.83
 -68358.423   102.424    -9.49    4.32
 -67983.324    98.745    -9.81    3.80
 -67608.241    95.564    -8.48    3.91
 -67233.173    93.277    -6.10    4.41
 -66858.120    89.959    -8.85    4.38
 -66483.083    87.412    -6.79    3.92
 -66108.061    85.006    -6.42    3.44
 -65733.054    82.745    -6.03    3.90
 -65358.062    80.436    -6.16    3.94
 -64983.086    78.318    -5.65    4.24
 -64608.125    76.027    -6.11    4.30
 -64233.180    72.750    -8.74    4.27
 -63858.249    70.448    -6.14    3.34
 -63483.334    68.102    -6.26    2.92
 -63108.434    66.600    -4.01    2.72
 -62733.549    65.391    -3.23    2.87
 -62358.680    63.651    -4.64    3.14
 -61983.826    61.221    -6.48    3.64
 -61608.987    58.891    -6.22    3.63
 -61234.163    56.934    -5.22    3.35
 -60859.355    55.777    -3.09    2.93
 -60484.562    54.249    -4.08    2.44
 -60109.784    52.982    -3.38    2.62
 -59735.021    51.448    -4.09    2.96
 -59360.274    49.796    -4.41    3.11
 -58985.541    48.052    -4.65    3.08
 -58610.824    46.754    -3.46    2.31
 -58236.123    45.777    -2.61    2.61
 -57861.436    45.184    -1.58    2.64
 -57486.765    44.221    -2.57    2.42
 -57112.108    43.173    -2.80    2.47
 -56737.467    42.154    -2.72    2.61
 -56362.842    41.006    -3.07    2.17
 -55988.231    40.534    -1.26    2.70
 -55613.636    39.697    -2.23    2.95
 -55239.055    38.412    -3.43    2.80
 -54864.490    37.864    -1.46    2.99
 -54489.940    37.102    -2.03    2.53
 -54115.406    36.197    -2.42    2.29
 -53740.886    35.459    -1.97    2.31
 -53366.382    34.715    -1.99    2.33
 -52991.893    34.007    -1.89    2.51
 -52617.419    33.232    -2.07    1.97
 -52242.960    33.007    -0.60    2.15
 -51868.516    32.596    -1.10    2.73
 -51494.087    32.192    -1.08    2.70
 -51119.674    31.398    -2.12    2.44
 -50745.276    30.840    -1.49    2.39
 -50370.892    30.388    -1.21    2.15
 -49996.524    29.889    -1.33    1.98
 -49622.171    29.346    -1.45    2.21
 -49247.834    28.657    -1.84    2.04
 -48873.511    28.054    -1.61    1.96
 -48499.203    27.820    -0.63    2.27
 -48124.911    27.912     0.25    3.06
 -47750.634    27.388    -1.40    3.47
 -47376.372    26.750    -1.70    3.53
 -47002.124    26.008    -1.98    3.83
 -46627.892    24.935    -2.87    2.92
 -46253.676    24.292    -1.72    2.93
 -45879.474    23.703    -1.57    2.75
 -45505.287    23.059    -1.72    2.27
 -45131.115    23.186     0.34    2.65
 -44756.959    22.545    -1.72    2.89
 -44382.817    21.888    -1.76    3.06
 -44008.691    21.769    -0.32    3.21
 -43634.580    21.292    -1.27    3.09
 -43260.483    20.777    -1.38    3.33
 -42886.402    20.831     0.14    3.38
 -42512.336    20.459    -0.99    3.24
 -42138.285    19.813    -1.73    2.98
 -41761.331    19.634    -0.48    2.55
 -41384.268    19.626    -0.02    2.49
 -41007.221    19.801     0.47    2.55
 -40630.189    19.414    -1.03    2.70
 -40253.172    18.882    -1.41    3.17
 -39876.171    17.983    -2.39    3.09
 -39499.184    17.238    -1.98    3.22
 -39122.213    16.559    -1.80    3.43
 -38745.258    16.459    -0.27    2.95
 -38368.318    16.318    -0.37    3.47
 -37991.392    16.168    -0.40    3.25
 -37614.483    16.285     0.31    2.80
 -37237.588    17.006     1.91    2.94
 -36860.709    17.277     0.72    2.44
 -36483.845    16.959    -0.84    2.22
 -36106.996    17.391     1.15    2.32
 -35730.163    17.173    -0.58    2.25
 -35353.344    16.959    -0.57    2.57
 -34976.541    16.840    -0.32    2.69
 -34599.754    15.959    -2.34    2.60
 -34222.981    15.709    -0.66    2.66
 -33846.224    15.908     0.53    2.67
 -33469.482    15.564    -0.91    2.74
 -33092.755    15.031    -1.42    2.47
 -32716.043    14.805    -0.60    2.24
 -32339.347    14.550    -0.68    2.25
 -31962.666    14.292    -0.68    2.26
 -31586.000    13.983    -0.82    2.34
 -31209.349    13.913    -0.19    2.50
 -30832.714    13.764    -0.39    2.29
 -30456.093    13.959     0.52    2.10
 -30079.488    14.038     0.21    2.21
 -29702.898    14.027    -0.03    2.02
 -29326.324    13.866    -0.43    1.99
 -28949.764    14.006     0.37    2.03
 -28573.220    14.378     0.99    1.95
 -28196.691    13.959    -1.11    2.06
 -27820.177    13.527    -1.15    2.08
 -27443.678    13.545     0.05    2.41
 -27067.194    13.471    -0.20    2.37
 -26690.726    13.227    -0.65    2.56
 -26314.272    12.784    -1.18    2.79
 -25937.834    12.186    -1.59    2.54
 -25561.411    11.696    -1.30    2.64
 -25185.003    11.423    -0.73    2.85
 -24808.610    10.889    -1.42    2.52
 -24432.233    10.325    -1.50    2.75
 -24055.870     9.868    -1.21    2.99
 -23679.523     9.241    -1.67    2.69
 -23303.191     9.007    -0.62    2.67
 -22926.874     9.564     1.48    2.91
 -22550.572     9.626     0.16    2.65
 -22174.285     9.983     0.95    2.95
 -21798.013     9.459    -1.39    3.19
 -21421.757     8.354    -2.94    2.88
 -21045.515     7.834    -1.38    2.90
 -20669.289     7.715    -0.32    2.68
 -20293.078     8.388     1.79    2.37
 -19916.882     8.325    -0.17    2.60
 -19540.701     8.340     0.04    2.28
 -19164.535     8.154    -0.49    2.24
 -18788.384     7.843    -0.83    2.22
 -18412.248     7.435    -1.08    2.05
 -18036.127     6.507    -2.47    2.03
 -17660.022     6.364    -0.38    2.49
 -17283.931     6.378     0.04    2.55
 -16907.855     6.435     0.15    2.71
 -16531.795     8.364     5.13    5.54
 -16155.750    12.448    10.86   10.04
 -15779.719    21.673    24.54   19.18
 -15403.704    34.866    35.09   29.12
 -15027.704    57.626    60.53   44.04
 -14651.719    73.154    41.30   48.95
 -14275.749    84.150    29.25   50.21
 -13899.793    74.792   -24.89   53.32
 -13523.853    59.517   -40.63   53.43
 -13147.928    57.300    -5.90   54.79
 -12772.018    55.192    -5.61   47.08
 -12396.123    64.554    24.91   43.19
 -12020.244    88.032    62.46   39.04
 -11644.379   103.203    40.36   32.01
 -11268.529   108.727    14.70   38.18
 -10892.694   100.308   -22.40   35.82
 -10516.874    85.745   -38.75   36.95
 -10141.069    75.032   -28.51   38.48
  -9765.279    68.507   -17.37   43.66
  -9389.504    55.610   -34.32   50.32
  -9013.744    49.983   -14.98   55.55
  -8637.999    29.507   -54.50   43.97
  -8262.270    17.308   -32.47   31.87
  -7886.555     8.792   -22.66   12.94
  -7510.855     6.325    -6.57    2.45
  -7135.170     6.642     0.84    2.17
  -6759.500     9.691     8.12   12.51
  -6383.845    10.126     1.16   12.60
  -6008.204    10.031    -0.25   12.66
  -5632.579     9.840    -0.51   12.85
  -5256.969     8.554    -3.42    6.15
  -4881.374     8.784     0.61    6.52
  -4505.794     8.657    -0.34    6.21
  -4130.228     6.520    -5.69    3.87
  -3754.678     6.078    -1.18    2.25
  -3379.142     6.673     1.59    2.16
  -3003.622     7.509     2.23    2.17
  -2628.116     7.959     1.20    2.16
  -2252.626     8.369     1.09    1.98
  -1877.150     8.578     0.56    2.37
  -1501.689     9.354     2.07    3.36
  -1126.243     9.054    -0.80    3.40
   -750.812     6.550    -6.67    5.43
   -375.396     3.882    -7.11    5.72
      0.005     0.868    -8.03    4.60
    375.391     8.673    20.79   30.45
    750.763    39.564    82.29   70.32
   1126.119    81.959   112.95   78.16
   1501.461   106.722    65.97   64.17
   1876.788    92.891   -36.85   65.18
   2252.099    61.703   -83.10   55.93
   2627.396    43.150   -49.44   44.46
   3002.678    39.197   -10.53   38.85
   3377.946    46.164    18.57   38.05
   3753.198    51.846    15.14   32.88
   4128.435    59.749    21.06   28.26
   4503.658    66.727    18.60   24.67
   4878.866    67.796     2.85   21.56
   5254.059    64.269    -9.40   27.05
   5629.237    55.164   -24.27   31.44
   6004.400    42.421   -33.97   34.52
   6379.548    24.823   -46.91   28.40
   6754.682    11.032   -36.76   13.81
   7129.800     4.982   -16.13    2.50
   7504.904     3.507    -3.93    1.78
   7879.993     2.886    -1.66    1.60
   8255.067     8.550    15.10   19.00
   8630.127    21.734    35.15   32.09
   9005.171    51.496    79.35   48.56
   9380.201   110.507   157.35   83.73
   9755.216   170.715   160.55   88.78
  10130.216   217.610   125.05   73.31
  10505.201   246.520    77.10   54.37
  10880.172   257.864    30.25   48.18
  11255.128   257.197    -1.78   49.80
  11630.069   238.494   -49.88   53.28
  12004.995   207.130   -83.65   39.71
  12379.906   195.029   -32.28   28.29
  12754.803   194.721    -0.82   25.39
  13129.685   213.721    50.68   30.16
  13504.552   258.423   119.25   60.69
  13879.404   300.913   113.35   65.62
  14254.241   322.102    56.53   52.52
  14629.064   335.732    36.36   44.59
  15003.872   320.587   -40.41   41.21
  15378.665   302.578   -48.05   31.01
  15753.444   301.081    -3.99   32.28
  16128.207   306.398    14.19   35.65
  16502.956   309.052     7.08   32.25
  16877.690   318.507    25.23   30.23
  17252.410   335.007    44.03   33.66
  17627.115   345.126    27.01   34.45
  18001.805   366.593    57.29   35.43
  18376.480   386.184    52.29   24.38
  18751.140   412.769    70.96   48.58
  19125.786   449.559    98.20   57.95
  19500.417   470.792    56.68   52.05
  19875.034   477.507    17.92   47.66
  20249.635   450.750   -71.43   66.18
  20624.222   405.983  -119.51   68.51
  20998.795   364.754  -110.07   55.90
  21373.352   339.573   -67.23   36.78
  21747.895   331.008   -22.87   23.24
  22122.423   335.745    12.65   30.58
  22496.937   346.316    28.23   35.86
  22871.436   354.421    21.64   34.20
  23245.920   353.436    -2.63   33.94
  23620.389   340.600   -34.28   41.45
  23994.844   326.145   -38.60   41.70
  24369.284   325.354    -2.11   40.80
  24743.710   342.840    46.70   56.50
  25118.120   397.550   146.12   87.32
  25492.516   452.407   146.52   71.77
  25866.898   482.982    81.67   55.09
  26241.265   495.813    34.27   46.09
  26615.617   479.448   -43.72   54.65
  26989.954   459.459   -53.40   53.85
  27364.277   465.446    15.99   66.55
  27738.585   478.368    34.52   74.03
  28112.879   485.512    19.08   76.81
  28487.158   471.203   -38.23   84.77
  28861.422   434.494   -98.08   94.04
  29235.672   377.715  -151.71   94.09
  29609.907   317.959  -159.67   59.86
  29984.128   296.498   -57.35   43.13
  30358.333   293.483    -8.06   43.82
  30732.525   307.496    37.45   53.10
  31106.701   322.745    40.75   45.21
  31480.863   336.507    36.78   40.33
  31855.011   346.792    27.49   44.27
  32229.144   351.388    12.28   39.48
  32603.262   361.959    28.26   35.80
  32977.779   363.697     4.64   31.39
  33354.811   352.866   -28.73   22.70
  33731.829   351.602    -3.35   20.74
  34108.832   356.709    13.55   22.25
  34485.820   374.168    46.31   43.84
  34862.793   402.593    75.40   56.89
  35239.751   423.134    54.49   44.94
  35616.695   423.292     0.42   40.09
  35993.624   413.471   -26.06   31.27
  36370.538   413.913     1.17   34.46
  36747.437   418.340    11.75   37.71
  37124.321   427.715    24.87   34.79
  37501.191   421.602   -16.22   38.69
  37878.046   402.541   -50.58   42.15
  38254.886   398.006   -12.03   41.18
  38631.711   388.054   -26.41   43.47
  39008.521   395.697    20.28   44.91
  39385.317   405.252    25.36   59.01
  39762.098   406.816     4.15   71.64
  40138.864   421.769    39.68   75.30
  40515.616   429.602    20.79   75.27
  40892.352   433.292     9.80   73.63
  41269.074   397.168   -95.89   79.26
  41645.781   364.697   -86.19   73.59
  42022.474   371.447    17.92   74.14
  42399.151   411.173   105.46  102.93
  42775.814   476.545   173.55   98.79
  43152.462   535.554   156.67   57.41
  43529.096   551.316    41.85   42.33
  43905.714   537.126   -37.68   45.07
  44282.318   530.259   -18.23   45.23
  44658.908   532.221     5.21   45.24
  45035.482   537.740    14.65   55.54
  45412.042   554.054    43.32   61.25
  45788.587   559.593    14.71   65.01
  46165.117   568.684    24.14   52.95
  46541.633   595.459    71.11   61.77
  46918.134   642.130   123.95   85.10
  47294.620   678.130    95.62   68.33
  47671.092   697.105    50.40   44.11
  48047.549   696.784    -0.85   45.71
  48423.991   692.141   -12.33   42.78
  48800.419   714.575    59.59   75.83
  49176.831   759.483   119.30  107.88
  49553.230   830.435   188.50  111.93
  49929.613   885.471   146.22   85.47
  50305.982   923.378   100.71   68.25
  50682.336   937.010    36.22   65.92
  51058.676   943.073    16.11   69.00
  51435.000   952.864    26.02   59.87
  51811.311   970.634    47.22   54.92
  52187.606  1003.843    88.25   43.05
  52563.887  1026.933    61.36   42.05
  52940.153  1070.777   116.52   71.72
  53316.405  1139.184   181.80   90.36
  53692.642  1204.686   174.09   90.16
  54068.864  1261.531   151.09   57.67
  54445.072  1284.036    59.82   31.16
  54821.265  1275.800   -21.89   34.61
  55197.444  1266.575   -24.52   39.89
  55573.607  1270.745    11.09   53.48
  55949.757  1297.891    72.17   64.09
  56325.891  1325.834    74.29   51.42
  56702.011  1348.573    60.45   30.54
  57078.117  1353.117    12.08   26.83
  57454.207  1331.006   -58.79   52.31
  57830.284  1292.517  -102.34   76.56
  58206.345  1262.721   -79.23   71.57
  58582.392  1256.141   -17.50   64.98
  58958.425  1284.831    76.29   74.18
  59334.443  1319.027    90.94   55.38
  59710.446  1333.569    38.67   36.16
  60086.435  1315.031   -49.30   38.60
  60462.409  1301.816   -35.15   30.14
  60838.368  1294.109   -20.50   35.38
  61214.313  1288.255   -15.57   42.25
  61590.244  1298.459    27.14   52.02
  61966.160  1330.715    85.80   74.11
  62342.061  1368.578   100.72   77.05
  62717.948  1408.374   105.87   55.64
  63093.820  1443.578    93.66   35.43
  63469.678  1470.325    71.16   33.76
  63845.521  1491.792    57.12   30.45
  64221.349  1509.840    48.02   26.23
  64597.163  1520.813    29.20   25.90
  64972.963  1533.740    34.40   33.75
  65348.748  1560.745    71.86   42.47
  65724.518  1584.764    63.92   41.95
  66100.274  1601.912    45.63   30.48
  66476.016  1607.587    15.10   24.03
  66851.743  1611.554    10.56   23.21
  67227.455  1612.261     1.88   23.86
  67603.153  1617.412    13.71   20.62
  67978.837  1617.610     0.53   17.51
  68354.505  1618.130     1.38   17.84
  68730.160  1623.618    14.61   27.01
  69105.800  1635.340    31.20   39.31
  69481.425  1655.471    53.59   41.97
  69857.036  1668.650    35.08   30.18
  70232.633  1656.982   -31.06   40.08
  70608.215  1643.459   -36.00   40.33
  70983.782  1640.569    -7.70   37.31
  71359.335  1651.864    30.07   38.58
  71734.874  1668.102    43.24   28.58
  72110.398  1668.531     1.14   22.86
  72485.908  1666.602    -5.14   28.41
  72861.403  1657.642   -23.86   36.57
  73236.884  1646.837   -28.77   42.60
  73612.350  1627.602   -51.23   51.20
  73987.802  1605.179   -59.72   46.29
  74363.239  1592.912   -32.67   44.42
  74738.662  1568.837   -64.12   37.72
  75114.071  1560.909   -21.12   38.52
  75489.465  1551.448   -25.20   25.12
  75864.845  1547.292   -11.07   17.22
  76240.210  1571.912    65.58   44.94
  76615.561  1597.816    69.01   47.66
  76990.897  1616.006    48.46   42.03
  77366.219  1639.401    62.33   34.89
  77741.527  1642.407     8.01   28.36
  78116.820  1637.732   -12.46   28.30
  78492.099  1628.259   -25.24   29.13
  78867.363  1621.610   -17.72   29.18
  79242.614  1616.602   -13.35   32.83
  79617.849  1611.113   -14.63   35.74
  79993.070  1610.209    -2.41   37.44
  80368.277  1603.600   -17.61   40.01
  80743.470  1595.983   -20.30   49.88
  81118.648  1584.005   -31.93   59.67
  81493.811  1562.134   -58.29   63.77
  81868.961  1544.186   -47.84   58.08
  82244.096  1525.485   -49.85   41.73
  82619.216  1515.769   -25.90   32.29
  82994.323  1518.494     7.27   37.19
  83369.415  1514.435   -10.82   39.63
  83744.492  1499.792   -39.04   35.71
  84119.555  1482.908   -45.02   21.85
  84494.604  1474.126   -23.41   13.96
  84869.639  1471.509    -6.98   14.33
  85244.659  1479.031    20.05   23.06
  85619.664  1490.150    29.65   32.95
  85994.656  1498.886    23.30   36.81
  86369.633  1511.292    33.08   42.60
  86744.596  1509.081    -5.90   49.11
  87119.544  1491.837   -45.99   45.58
  87494.479  1483.435   -22.41   38.33
  87869.398  1490.150    17.91   41.30
  88244.304  1504.325    37.81   39.32
  88619.195  1513.238    23.77   35.00
  88994.072  1529.837    44.28   33.56
  89368.935  1541.484    31.07   31.30
  89743.783  1550.673    24.51   26.83
  90118.617  1555.634    13.23   19.67
  90493.437  1546.401   -24.63   24.29
  90868.242  1547.459     2.82   25.33
  91243.034  1551.554    10.93   24.70
  91617.811  1556.221    12.45   21.90
  91992.573  1557.984     4.70   19.76
  92367.322  1556.691    -3.45   20.13
  92742.056  1560.203     9.37   19.56
  93116.775  1563.569     8.98   15.90
  93491.481  1560.340    -8.62   15.81
  93866.172  1544.721   -41.68   25.82
  94240.849  1525.888   -50.26   31.00
  94615.512  1506.421   -51.95   29.01
  94990.161  1486.122   -54.18   21.78
  95364.795  1474.471   -31.10   15.80
  95739.415  1463.697   -28.76   18.99
  96114.021  1449.179   -38.75   28.68
  96488.612  1432.828   -43.65   34.85
  96863.190  1365.027  -180.99  110.72
  97237.753  1258.344  -284.80  165.98
  97612.301  1125.578  -354.44  185.96
  97986.836   978.703  -392.12  159.86
  98361.357   868.559  -294.07  136.83
  98735.863   765.277  -275.76  135.21
  99110.355   681.512  -223.66  126.25
  99484.833   604.709  -205.08  120.93
  99859.296   546.126  -156.43   93.75
 100233.746   534.145   -31.99  104.29
 100608.181   559.750    68.38  126.55
 100982.602   605.882   123.20  129.75
 101357.009   617.936    32.19  140.03
 101731.401   621.139     8.55  128.91
 102105.780   574.007  -125.88  142.53
 102480.144   544.666   -78.37  132.59
 102854.494   530.740   -37.20  116.10
 103228.830   471.641  -157.86  103.92
 103603.152   435.908   -95.45  102.68
 103977.459   381.316  -145.83  110.36
 104351.752   391.102    26.14  116.74
 104726.032   497.642   284.63  204.13
 105100.297   665.008   447.15  241.07
 105474.548   815.715   402.66  199.90
 105848.785   903.520   234.60  101.20
 106223.007   851.459  -139.11  158.52
 106597.216   707.483  -384.72  222.40
 106971.410   551.792  -416.03  183.51
 107345.590   438.517  -302.70  129.31
 107719.756   358.750  -213.17   90.83
 108094.840   321.054  -100.49   91.31
 108471.830   281.054  -106.09   97.26
 108848.805   234.673  -123.02   91.67
 109225.766   177.150  -152.59   75.96
 109602.713   142.031   -93.16   52.63
 109979.645   137.888   -10.99   54.39
 110356.563   134.727    -8.39   60.07
 110733.467   128.269   -17.13   67.64
 111110.356    83.459  -118.88   60.71
 111487.231    50.173   -88.31   38.29
 111864.092    34.593   -41.34   30.06
 112240.938    38.276     9.77   32.13
 112617.770    66.483    74.85   50.35
 112994.588    93.325    71.23   53.62
 113371.391    97.684    11.57   51.43
 113748.180    79.626   -47.92   52.85
 114124.955    40.666  -103.39   44.38
 114501.716    19.721   -55.59   28.45
 114878.462     3.884   -42.03   20.20
 115255.194    -1.091   -13.20   18.02
 115631.912    -4.018    -7.77   19.11
 116008.615   -10.334   -16.76   16.20
 116385.304   -12.138    -4.79   14.85
 116761.979   -17.236   -13.53   10.81
 117138.639   -20.666    -9.11    9.83
 117515.285   -25.859   -13.79    7.47
 117891.917   -29.784   -10.42    3.77
 118268.535   -31.446    -4.41    3.12
 118645.139   -32.350    -2.40    1.52
 119021.728   -32.816    -1.24    1.70
 119398.303   -33.450    -1.68    1.45
 119774.863   -33.964    -1.36    1.49
 120151.410   -34.382    -1.11    1.46
 120527.942   -34.874    -1.31    1.46
 120904.460   -35.231    -0.95    1.33
 121280.964   -35.646    -1.10    1.18
 121657.453   -35.699    -0.14    1.12
 122033.928   -35.541     0.42    1.19
 122410.389   -34.916     1.66    1.34
 122786.836   -34.111     2.14    1.61
 123163.269   -33.731     1.01    1.55
 123539.687   -34.708    -2.59    2.57
 123916.091   -35.086    -1.01    2.75
 124292.481   -35.554    -1.24    2.69
 124668.857   -35.184     0.98    2.32
 125045.218   -34.374     2.15    2.22
 125421.566   -34.400    -0.07    2.10
 125797.899   -34.609    -0.56    2.88
 126174.218   -34.172     1.16    2.53
 126550.523   -34.821    -1.72    2.33
 126926.813   -35.731    -2.42    1.98
 127303.090   -36.138    -1.08    1.62
 127679.352   -36.132     0.02    1.54
 128055.600   -36.092     0.11    1.61
 128431.834   -36.112    -0.05    1.63
 128808.053   -36.087     0.07    2.02
 129184.259   -35.846     0.64    2.29
 129560.450   -35.327     1.38    2.30
 129936.628   -34.682     1.71    2.02
 130312.791   -34.565     0.31    1.88
 130688.940   -34.724    -0.42    1.88
 131065.074   -34.565     0.42    2.17
 131441.195   -35.065    -1.33    2.19
 131817.301   -35.016     0.13    2.11
 132193.394   -35.187    -0.46    2.76
 132569.472   -35.821    -1.69    2.94
 132945.536   -36.017    -0.52    3.02
 133321.586   -36.708    -1.84    2.73
 133697.622   -37.588    -2.34    1.66
 134073.644   -38.041    -1.20    1.85
 134449.651   -38.390    -0.93    2.03
 134825.645   -38.992    -1.60    2.02
 135201.624   -39.065    -0.19    1.80
 135577.589   -38.992     0.19    1.69
 135953.540   -38.898     0.25    1.65
 136329.478   -38.612     0.76    1.33
 136705.401   -38.541     0.19    1.47
 137081.309   -38.541     0.00    1.45
 137457.204   -38.553    -0.03    1.61
 137833.085   -38.565    -0.03    1.57
 138208.952   -38.136     1.14    1.81
 138584.804   -37.773     0.97    2.01
 138960.643   -37.208     1.50    2.21
 139336.467   -37.041     0.44    2.28
 139712.277   -36.529     1.36    1.83
 140088.074   -36.136     1.04    2.41
 140463.856   -35.675     1.23    2.41
 140839.624   -35.407     0.71    2.07
 141215.378   -35.553    -0.39    2.03
 141591.118   -36.616    -2.83    1.75
 141966.844   -37.273    -1.75    1.70
 142342.556   -37.861    -1.56    1.32
 142718.254   -38.469    -1.62    1.15
 143093.938   -38.565    -0.25    1.33
 143469.608   -38.612    -0.13    1.23
 143845.263   -38.669    -0.15    1.16
 144220.905   -38.810    -0.38    1.01
 144596.533   -38.859    -0.13    0.92
 144972.147   -38.327     1.42    1.49
 145347.746   -37.946     1.01    1.54
 145723.332   -37.180     2.04    2.03
 146098.904   -36.830     0.93    1.83
 146474.462   -37.404    -1.53    1.43
 146850.005   -36.991     1.10    1.63
 147225.535   -37.157    -0.44    1.50
 147601.051   -37.208    -0.13    1.46
 147976.552   -36.631     1.54    1.82
 148352.040   -36.859    -0.61    1.72
 148727.514   -36.962    -0.27    1.98
 149102.974   -37.455    -1.31    1.96
 149478.419   -37.755    -0.80    1.24
 149853.851   -37.626     0.34    1.55
 150229.269   -36.995     1.68    1.93
 150604.673   -36.425     1.52    2.22
 150980.063   -36.279     0.39    2.21
 151355.439   -36.297    -0.05    2.08
 151730.801   -36.577    -0.75    2.11
 152106.149   -36.895    -0.84    1.80
 152481.483   -36.966    -0.19    1.80
 152856.803   -36.309     1.75    2.38
 153232.109   -36.090     0.58    2.83
 153607.401   -36.112    -0.06    2.90
 153982.679   -36.431    -0.85    3.11
 154357.944   -36.993    -1.50    2.51
 154733.194   -37.016    -0.06    2.42
 155108.431   -36.612     1.08    2.65
 155483.653   -36.577     0.09    2.66
 155858.862   -36.943    -0.97    2.37
 156234.057   -37.895    -2.53    1.74
 156609.238   -37.855     0.11    1.89
 156984.404   -38.160    -0.81    1.78
 157359.557   -37.552     1.62    2.05
 157734.696   -37.136     1.11    2.55
 158109.822   -35.591     4.12    2.86
 158484.933   -35.065     1.40    2.84
 158860.030   -35.016     0.13    2.77
 159235.114   -35.773    -2.02    2.92
 159610.183   -36.993    -3.25    2.34
 159985.239   -37.797    -2.14    1.56
 160360.281   -37.567     0.61    1.61
 160735.309   -37.646    -0.21    1.81
 161110.323   -37.504     0.38    2.21
 161485.323   -37.724    -0.59    2.17
 161860.310   -38.016    -0.78    2.01
 162235.282   -38.759    -1.98    1.96
 162610.241   -39.473    -1.90    1.11
 162985.186   -39.887    -1.10    1.04
 163360.117   -40.303    -1.11    1.01
 163735.034   -40.779    -1.27    0.99
 164109.937   -40.968    -0.50    1.10
 164484.826   -40.314     1.74    1.42
 164859.702   -39.778     1.43    1.46
 165234.564   -39.132     1.72    1.12
 165609.411   -38.616     1.38    1.32
 165984.245   -38.374     0.64    1.57
 166359.066   -38.041     0.89    1.67
 166733.872   -38.143    -0.27    1.71
 167108.665   -37.973     0.46    1.82
 167483.443   -38.195    -0.59    1.86
 167858.208   -38.309    -0.31    1.72
 168232.959   -38.455    -0.39    1.60
 168607.697   -38.090     0.98    1.63
 168982.420   -38.041     0.13    1.50
 169357.130   -38.143    -0.27    1.23
 169731.826   -38.529    -1.03    1.38
 170106.508   -38.946    -1.11    1.14
 170481.176   -39.114    -0.45    1.01
 170855.831   -39.236    -0.33    1.21
 171230.472   -39.255    -0.05    1.24
 171605.099   -39.191     0.17    1.41
 171979.712   -39.309    -0.32    1.47
 172354.311   -38.731     1.54    1.55
 172728.897   -38.255     1.27    1.62
 173103.469   -37.948     0.82    1.96
 173478.027   -37.588     0.96    1.88
 173852.572   -37.422     0.44    1.82
 174227.102   -37.255     0.44    1.91
 174601.619   -37.285    -0.08    1.70
 174976.122   -37.577    -0.78    1.64
 175350.612   -37.991    -1.10    1.43
 175725.087   -38.529    -1.44    1.31
 176099.549   -38.446     0.22    1.21
 176473.997   -38.279     0.45    1.30
 176848.432   -37.850     1.14    1.57
 177222.852   -37.374     1.27    1.46
 177597.259   -37.314     0.16    1.42
 177971.653   -37.382    -0.18    1.39
 178346.032   -37.850    -1.25    1.40
 178720.398   -38.285    -1.16    1.18
 179094.750   -38.541    -0.68    1.22
 179469.088   -38.268     0.73    1.16
 179843.413   -38.041     0.61    1.12
 180217.724   -38.065    -0.06    1.22
 180592.021   -37.925     0.37    1.31
 180966.305   -38.216    -0.78    1.13
 181340.575   -38.223    -0.02    1.37
 181714.831   -38.015     0.56    1.30
 182089.074   -38.279    -0.71    1.51
 182463.302   -38.506    -0.61    1.78
 182837.517   -38.136     0.99    2.05
 183213.149   -38.398    -0.70    2.20
 183590.098   -38.169     0.61    2.02
 183967.033   -37.446     1.92    1.77
 184343.953   -37.334     0.30    1.63
 184720.860   -37.374    -0.11    1.28
 185097.753   -37.517    -0.38    1.11
 185474.632   -37.791    -0.73    0.98
 185851.498   -37.684     0.28    1.27
 186228.349   -37.641     0.11    1.22
 186605.186   -37.529     0.30    1.27
 186982.010   -37.184     0.92    1.26
 187358.820   -37.382    -0.53    1.17
 187735.616   -37.114     0.71    1.13
 188112.398   -37.266    -0.40    1.03
 188489.166   -37.334    -0.18    1.01
 188865.921   -37.285     0.13    0.97
 189242.661   -37.255     0.08    0.95
 189619.388   -36.870     1.02    1.46
 189996.101   -36.018     2.26    1.91
 190372.800   -35.612     1.08    2.12
 190749.485   -35.716    -0.27    2.34
 191126.157   -36.374    -1.75    2.51
 191502.814   -37.422    -2.78    1.92
 191879.458   -37.422     0.00    1.65
 192256.088   -37.870    -1.19    1.56
 192632.705   -38.491    -1.65    1.11
 193009.307   -38.821    -0.88    1.11
 193385.896   -38.779     0.11    1.06
 193762.470   -38.895    -0.31    1.04
 194139.031   -38.898    -0.01    1.24
 194515.579   -38.943    -0.12    1.28
 194892.112   -38.966    -0.06    1.51
 195268.632   -39.091    -0.33    1.55
 195645.138   -39.255    -0.44    1.41
 196021.630   -39.163     0.25    1.36
 196398.108   -38.922     0.64    1.27
 196774.572   -38.816     0.28    0.97
 197151.023   -38.656     0.42    0.96
 197527.460   -38.374     0.75    1.00
 197903.884   -37.943     1.14    1.16
 198280.293   -37.748     0.52    1.21
 198656.689   -37.870    -0.32    1.41
 199033.071   -37.962    -0.24    1.40
 199409.439   -38.204    -0.64    1.31
 199785.794   -38.246    -0.11    1.22
 200162.134   -38.309    -0.17    1.10
 200538.461   -38.398    -0.24    1.01
 200914.775   -38.400    -0.00    1.09
 201291.074   -38.314     0.23    1.32
 201667.360   -38.374    -0.16    1.32
 202043.632   -38.469    -0.25    1.35
 202419.891   -38.565    -0.25    1.35
 202796.135   -38.748    -0.49    1.19
 203172.366   -38.700     0.13    1.26
 203548.584   -38.778    -0.21    1.57
 203924.787   -38.808    -0.08    1.67
 204300.977   -39.212    -1.07    1.75
 204677.153   -38.969     0.64    1.64
 205053.316   -39.231    -0.70    1.63
 205429.464   -38.682     1.46    2.07
 205805.599   -38.632     0.13    2.02
 206181.721   -38.656    -0.07    2.07
 206557.829   -38.779    -0.33    1.87
 206933.923   -38.334     1.18    1.66
 207310.003   -38.092     0.64    1.73
 207686.070   -38.134    -0.11    1.59
 208062.123   -38.349    -0.57    1.89
 208438.162   -38.529    -0.48    1.61
 208814.188   -38.455     0.19    1.77
 209190.200   -38.065     1.04    2.14
 209566.198   -38.231    -0.44    2.27
 209942.183   -38.529    -0.79    2.44
 210318.154   -38.916    -1.03    2.48
 210694.111   -39.446    -1.41    1.96
 211070.055   -39.334     0.30    1.85
 211445.985   -39.303     0.08    1.95
 211821.902   -39.111     0.51    2.06
 212197.804   -39.334    -0.59    1.85
 212573.694   -39.791    -1.22    1.55
 212949.569   -40.065    -0.73    1.28
 213325.431   -39.779     0.76    1.42
 213701.280   -39.422     0.95    1.61
 214077.114   -39.231     0.51    1.71
 214452.935   -38.691     1.44    1.83
 214828.743   -38.016     1.79    1.80
 215204.537   -37.808     0.55    1.59
 215580.317   -37.577     0.61    1.50
 215956.084   -37.779    -0.54    1.74
 216331.837   -38.291    -1.36    1.77
 216707.577   -38.651    -0.96    1.56
 217083.303   -38.541     0.29    2.24
 217459.015   -37.626     2.43    2.58
 217834.714   -37.114     1.36    2.17
 218210.399   -37.212    -0.26    2.22
 218586.070   -37.212     0.00    1.90
 218961.728   -37.416    -0.54    1.66
 219337.373   -36.969     1.19    1.61
 219713.004   -36.656     0.83    1.53
 220088.621   -36.636     0.05    1.53
 220464.225   -36.517     0.32    1.88
 220839.815   -36.874    -0.95    2.08
 221215.392   -36.994    -0.32    2.16
 221590.955   -36.936     0.16    2.38
 221966.505   -36.904     0.08    2.42
 222342.041   -36.641     0.70    2.15
 222717.563   -36.112     1.41    2.37
 223093.072   -36.374    -0.70    2.43
 223468.567   -36.502    -0.34    2.15
 223844.049   -36.495     0.02    1.95
 224219.518   -36.066     1.14    2.02
 224594.973   -35.260     2.15    2.54
 224970.414   -34.968     0.78    2.20
 225345.842   -35.169    -0.54    2.00
 225721.256   -35.609    -1.17    2.11
 226096.657   -36.093    -1.29    1.52
 226472.044   -36.491    -1.06    1.55
 226847.418   -36.577    -0.23    1.76
 227222.778   -36.577     0.00    1.94
 227598.125   -36.874    -0.79    1.96
 227973.458   -36.810     0.17    1.86
 228348.778   -36.919    -0.29    1.71
 228724.084   -37.065    -0.39    1.58
 229099.377   -36.504     1.49    2.04
 229474.656   -36.212     0.78    2.43
 229849.922   -35.850     0.96    2.41
 230225.174   -35.236     1.64    2.38
 230600.413   -35.266    -0.08    2.07
 230975.639   -35.382    -0.31    2.10
 231350.851   -35.588    -0.55    2.18
 231726.049   -35.969    -1.02    2.15
 232101.234   -36.017    -0.13    2.59
 232476.406   -36.517    -1.33    3.26
 232851.564   -38.016    -4.00    3.13
 233226.709   -39.327    -3.49    2.23
 233601.840   -40.138    -2.16    1.50
 233976.958   -39.895     0.65    1.15
 234352.062   -40.187    -0.78    1.15
 234727.153   -40.541    -0.94    1.29
 235102.231   -40.666    -0.33    1.46
 235477.295   -40.874    -0.56    1.40
 235852.345   -41.118    -0.65    1.46
 236227.383   -41.422    -0.81    1.34
 236602.406   -41.327     0.25    1.33
 236977.417   -41.390    -0.17    1.29
 237352.414   -40.708     1.82    1.66
 237727.397   -40.120     1.57    1.76
 238102.367   -38.995     3.00    1.87
 238477.324   -38.041     2.55    1.87
 238852.268   -37.231     2.16    2.06
 239227.198   -36.374     2.29    1.84
 239602.114   -36.374     0.00    1.94
 239977.017   -36.336     0.10    2.16
 240351.907   -36.733    -1.06    2.10
 240726.784   -36.602     0.35    2.16
 241101.647   -35.870     1.95    2.49
 241476.496   -35.919    -0.13    2.28
 241851.333   -35.154     2.04    2.62
 242226.156   -34.593     1.50    2.31
 242600.965   -35.187    -1.58    2.92
 242975.761   -36.850    -4.44    3.43
 243350.544   -38.041    -3.18    3.61
 243725.314   -39.446    -3.75    2.69
 244100.070   -39.866    -1.12    2.07
 244474.812   -40.141    -0.73    1.58
 244849.542   -39.666     1.27    1.10
 245224.258   -39.327     0.91    1.25
 245598.961   -38.748     1.54    1.31
 245973.650   -38.541     0.55    1.40
 246348.326   -38.431     0.29    1.43
 246722.989   -38.529    -0.26    1.42
 247097.638   -38.407     0.33    1.43
 247472.274   -38.553    -0.39    1.40
 247846.897   -38.557    -0.01    1.46
