-215598.082  5100.152     0.00   77.84
-215223.716  5102.954     7.49   74.01
-214849.367  5095.025   -21.18   65.65
-214475.034  5095.003    -0.06   70.33
-214100.716  5084.002   -29.39   72.25
-213726.416  5077.305   -17.90   83.66
-213352.131  5058.861   -49.29   97.49
-212977.862  5016.075  -114.34  114.86
-212603.610  4965.863  -134.19  167.26
-212229.373  4870.770  -254.14  205.94
-211855.153  4782.639  -235.55  217.51
-211480.949  4684.820  -261.45  193.26
-211106.761  4596.887  -235.04  139.24
-210732.589  4570.026   -71.80  113.70
-210358.433  4600.075    80.33  139.90
-209984.293  4691.003   243.08  169.24
-209610.169  4822.003   350.21  143.81
-209236.062  4896.957   200.39  114.85
-208861.970  4960.282   169.31   88.88
-208487.895  5006.161   122.67   89.76
-208113.835  5065.282   158.08   84.02
-207739.792  5094.027    76.86   61.69
-207365.765  5065.837   -75.38   88.71
-206991.753  5003.770  -165.98  101.97
-206617.758  4938.622  -174.22   96.27
-206243.779  4863.551  -200.77  102.00
-205869.816  4827.889   -95.38  125.19
-205495.869  4767.980  -160.24  162.39
-205119.935  4699.028  -183.45  214.09
-204742.780  4631.817  -178.24  215.41
-204365.642  4563.718  -180.60  156.41
-203988.520  4556.527   -19.07  108.45
-203611.414  4605.235   129.19  112.90
-203234.325  4695.122   238.41  111.59
-202857.251  4767.887   193.00  107.34
-202480.195  4847.142   210.23   90.48
-202103.154  4895.908   129.36   97.60
-201726.130  4962.026   175.40  104.04
-201349.122  4992.343    80.43   88.66
-200972.130  5004.389    31.96   83.07
-200595.155  4961.694  -113.28  108.75
-200218.196  4917.003  -118.58  104.24
-199841.253  4819.146  -259.65  133.74
-199464.327  4740.212  -209.45  143.85
-199087.417  4710.398   -79.11  123.85
-198710.523  4737.741    72.56  144.52
-198333.645  4804.194   176.35  141.15
-197956.784  4845.122   108.62   93.60
-197579.939  4830.908   -37.73  104.96
-197203.110  4727.654  -274.05  139.10
-196826.297  4609.670  -313.16  141.68
-196449.501  4496.026  -301.66  132.75
-196072.721  4401.491  -250.94   90.74
-195695.957  4345.468  -148.72   78.58
-195319.209  4255.694  -238.33  109.33
-194942.478  4171.843  -222.61  141.27
-194565.762  4047.956  -328.92  172.31
-194189.063  3897.419  -399.69  191.55
-193812.381  3744.932  -404.88  212.25
-193435.714  3596.259  -394.77  186.31
-193059.064  3537.241  -156.72  153.80
-192682.430  3544.677    19.75  184.98
-192305.812  3621.980   205.29  213.40
-191929.210  3724.910   273.36  210.08
-191552.625  3857.631   352.49  203.90
-191176.055  3933.073   200.37  192.04
-190799.502  4082.491   396.87  180.66
-190422.965  4150.570   180.83  185.15
-190046.445  4209.843   157.45  206.44
-189669.940  4239.241    78.09  219.83
-189293.452  4259.235    53.11  226.61
-188916.979  4312.789   142.27  189.78
-188540.523  4363.861   135.69  164.83
-188164.083  4432.910   183.46  125.74
-187787.660  4475.218   112.41   96.99
-187411.252  4516.468   109.61   96.47
-187034.860  4525.384    23.69   92.09
-186658.485  4484.384  -108.95  123.22
-186282.126  4419.817  -171.59  129.59
-185905.783  4380.352  -104.88  121.53
-185529.456  4382.980     6.98  104.94
-185153.145  4355.861   -72.08  108.36
-184776.851  4332.259   -62.73  113.54
-184400.572  4308.575   -62.95  104.88
-184024.310  4282.337   -69.74  104.30
-183648.063  4268.910   -35.69  104.18
-183271.833  4239.663   -77.75  119.73
-182895.619  4195.707  -116.85  132.49
-182519.421  4113.760  -217.86  142.67
-182143.239  4032.218  -216.80  153.36
-181767.073  3971.813  -160.60  151.93
-181390.924  3925.910  -122.05  143.83
-181014.790  3867.337  -155.75  128.27
-180638.673  3774.541  -246.76  179.60
-180262.571  3642.235  -351.83  204.47
-179886.486  3462.028  -479.24  194.03
-179510.416  3311.491  -400.35  165.44
-179134.363  3194.051  -312.34  138.66
-178758.326  3142.355  -137.50  102.71
-178382.305  3149.570    19.19  117.99
-178006.300  3192.705   114.73  143.78
-177630.311  3237.837   120.05  165.16
-177254.338  3235.789    -5.45  153.29
-176878.381  3181.468  -144.51  151.95
-176502.440  3096.119  -227.06  127.33
-176126.515  3053.028  -114.64  104.98
-175750.606  3048.730   -11.44  123.47
-175374.713  3091.223   113.06  152.27
-174998.837  3140.707   131.67  182.90
-174622.976  3215.408   198.78  181.95
-174247.131  3275.980   161.18  177.92
-173871.302  3291.275    40.70  139.07
-173495.490  3290.390    -2.36   92.83
-173119.693  3243.456  -124.91   83.75
-172743.912  3166.933  -203.67   92.69
-172368.147  3091.491  -200.80   89.85
-171992.399  3002.275  -237.47  103.89
-171616.666  2926.216  -202.46   86.48
-171240.949  2907.934   -48.67   72.59
-170865.248  2949.833   111.54  109.07
-170489.563  3019.282   184.89  115.33
-170113.895  3085.794   177.07   89.33
-169738.242  3132.638   124.72   79.60
-169362.605  3169.139    97.18   75.90
-168986.984  3209.800   108.27   83.40
-168611.379  3268.561   156.47   98.94
-168235.790  3337.421   183.37   86.34
-167860.217  3397.445   159.84   71.64
-167484.660  3455.070   153.46   68.30
-167109.118  3506.322   136.49   74.32
-166733.593  3576.480   186.85   97.32
-166358.084  3663.305   231.25  101.07
-165982.590  3714.730   136.97   82.27
-165607.113  3703.701   -29.38  105.14
-165231.651  3636.430  -179.19  134.81
-164856.206  3523.934  -299.67  132.42
-164480.776  3430.185  -249.75   92.46
-164105.362  3386.887  -115.35   87.60
-163729.964  3373.252   -36.32   86.98
-163354.582  3414.212   109.13   97.51
-162979.216  3475.434   163.12  111.07
-162603.866  3536.085   161.61   82.70
-162228.531  3524.320   -31.35   86.09
-161853.213  3475.080  -131.22  123.96
-161477.910  3393.707  -216.85  140.46
-161102.623  3292.189  -270.54  120.46
-160727.353  3216.155  -202.64   95.82
-160352.098  3155.298  -162.20   82.19
-159976.859  3114.690  -108.23   59.26
-159601.635  3101.866   -34.18   53.47
-159226.428  3103.212     3.59   59.87
-158851.236  3127.491    64.72   56.47
-158476.061  3168.328   108.86   66.38
-158100.901  3224.133   148.77   76.48
-157725.757  3306.480   219.53  111.01
-157350.629  3391.736   227.30  112.08
-156975.517  3453.337   164.24  107.45
-156600.420  3514.480   163.03  107.84
-156225.339  3534.589    53.62  110.80
-155850.275  3526.570   -21.38  132.08
-155475.226  3537.243    28.46  127.12
-155100.193  3552.445    40.54  124.05
-154725.175  3575.584    61.71  119.27
-154350.174  3630.861   147.42  118.88
-153975.188  3730.146   264.81  137.94
-153600.218  3789.680   158.79  102.66
-153225.264  3762.934   -71.34  124.60
-152850.325  3678.905  -224.14  158.30
-152475.403  3558.218  -321.94  153.35
-152100.496  3426.491  -351.40  141.28
-151725.605  3343.931  -220.25  149.95
-151350.730  3237.491  -283.97  154.78
-150975.870  3141.321  -256.58  136.27
-150601.027  3058.718  -220.40  134.18
-150226.199  2981.004  -207.36  122.90
-149851.387  2885.073  -255.98  152.38
-149476.590  2799.670  -227.89  132.89
-149101.809  2749.747  -133.22  117.86
-148727.045  2695.794  -143.98  103.04
-148352.295  2658.027  -100.79   96.62
-147977.562  2622.910   -93.72   84.76
-147602.844  2567.570  -147.70   85.68
-147228.142  2516.480  -136.37  133.01
-146853.456  2398.259  -315.56  211.42
-146478.786  2256.003  -379.73  234.57
-146104.131  2151.122  -279.97  184.84
-145729.492  2108.670  -113.33  136.05
-145354.869  2187.189   209.62  188.62
-144980.261  2264.212   205.64  152.08
-144605.669  2246.770   -46.57  153.81
-144231.093  2156.684  -240.53  209.36
-143856.533  1986.352  -454.81  237.76
-143481.988  1799.887  -497.90  227.66
-143107.459  1608.408  -511.31  200.77
-142732.945  1451.694  -418.50  165.87
-142358.448  1329.096  -327.41  124.31
-141983.966  1232.343  -258.39  112.47
-141609.499  1152.265  -213.87  115.72
-141235.048  1110.775  -110.82   97.24
-140860.613  1119.789    24.08  121.37
-140486.194  1181.126   163.84  183.44
-140111.790  1276.166   253.87  209.06
-139737.402  1391.765   308.81  217.86
-139363.030  1465.003   195.65  235.32
-138988.673  1544.189   211.55  227.43
-138614.332  1563.584    51.82  209.68
-138240.007  1537.956   -68.47  176.55
-137865.697  1487.102  -135.88  178.05
-137491.403  1422.980  -171.33  162.06
-137117.124  1406.760   -43.34  127.36
-136742.861  1441.813    93.67  123.96
-136368.614  1532.910   243.44  151.67
-135994.383  1638.884   283.21  179.52
-135620.167  1785.161   390.93  201.27
-135245.966  1936.467   404.39  204.55
-134871.781  2087.184   402.83  230.80
-134497.612  2293.408   551.21  223.75
-134123.458  2415.235   325.64  176.92
-133749.320  2442.212    72.11  183.31
-133375.198  2356.355  -229.52  245.10
-133001.091  2185.184  -457.60  290.14
-132627.000  1998.800  -498.29  276.57
-132252.924  1822.724  -470.75  281.32
-131878.864  1603.794  -585.35  278.35
-131504.820  1481.514  -326.95  210.22
-131130.791  1437.866  -116.71  137.78
-130756.778  1497.874   160.46  175.13
-130382.780  1668.820   457.13  220.82
-130006.321  1865.955   523.71  200.63
-129629.208  2014.616   394.25  185.36
-129252.112  2179.337   436.86  182.26
-128875.031  2304.133   330.99  167.19
-128497.966  2411.707   285.32  167.45
-128120.917  2509.672   259.85  160.35
-127743.884  2563.622   143.11  143.79
-127366.866  2584.139    54.42  125.70
-126989.864  2568.741   -40.85  122.28
-126612.879  2496.389  -191.94  180.86
-126235.908  2407.006  -237.13  213.19
-125858.954  2309.593  -258.45  213.27
-125482.016  2161.677  -392.46  214.44
-125105.093  2037.230  -330.20  225.08
-124728.186  1865.003  -457.00  235.39
-124351.295  1678.339  -495.33  245.48
-123974.419  1491.548  -495.68  260.06
-123597.560  1332.780  -421.34  225.28
-123220.716  1235.093  -259.25  155.23
-122843.888  1194.075  -108.86   85.67
-122467.076  1227.544    88.83  102.37
-122090.279  1294.502   177.72  114.87
-121713.498  1377.585   220.53   99.36
-121336.733  1450.980   194.82  110.90
-120959.984  1516.328   173.47  118.31
-120583.250  1572.817   149.96  123.18
-120206.533  1648.411   200.69  124.75
-119829.830  1730.269   217.32  141.99
-119453.144  1836.843   282.95  152.99
-119076.473  1946.398   290.88  145.16
-118699.819  2007.305   161.72  135.28
-118323.179  2087.607   213.23  127.65
-117946.556  2160.672   194.02  137.75
-117569.948  2238.639   207.04  138.89
-117193.356  2292.955   144.24  117.94
-116816.780  2280.677   -32.61  133.78
-116440.219  2220.933  -158.67  158.49
-116063.674  2129.730  -242.23  147.34
-115687.145  2060.184  -184.72  143.68
-115310.631  2010.006  -133.28  153.54
-114934.134  1958.631  -136.47  152.67
-114557.651  1880.956  -206.34  152.71
-114181.185  1801.194  -211.89  138.96
-113804.734  1726.911  -197.34  120.84
-113428.299  1696.005   -82.11  107.46
-113051.879  1692.775    -8.58  117.25
-112675.475  1695.003     5.92  135.34
-112299.087  1654.514  -107.58  108.07
-111922.715  1606.456  -127.70   81.74
-111546.358  1568.749  -100.20   74.06
-111170.017  1568.843     0.25   92.53
-110793.691  1560.380   -22.49  102.46
-110417.381  1521.075  -104.46   95.07
-110041.087  1510.794   -27.32   93.56
-109664.808  1495.663   -40.22   83.62
-109288.545  1500.411    12.62  104.28
-108912.298  1470.749   -78.85   85.40
-108536.066  1455.694   -40.02   82.13
-108159.850  1447.980   -20.51   88.25
-107783.649  1437.289   -28.42   90.97
-107407.464  1438.313     2.72   96.46
-107031.295  1440.030     4.56  102.11
-106655.141  1471.298    83.13  131.61
-106279.003  1510.955   105.44  148.50
-105902.880  1549.622   102.82  140.72
-105526.773  1592.551   114.15  127.18
-105150.682  1593.370     2.18  122.13
-104774.606  1548.980  -118.05  166.32
-104398.546  1453.687  -253.42  206.70
-104022.501  1295.408  -420.94  209.90
-103646.472  1117.398  -473.44  194.80
-103270.458   991.337  -335.29  180.62
-102894.461   881.884  -291.12  137.51
-102518.478   852.884   -77.14  105.23
-102142.511   898.265   120.71  149.36
-101766.560   961.361   167.84  187.29
-101390.624   998.212    98.03  185.11
-101014.704   997.503    -1.89  184.33
-100638.799   941.694  -148.48  172.28
-100262.910   826.218  -307.23  170.74
 -99887.037   688.313  -366.92  192.99
 -99511.179   579.073  -290.67  148.29
 -99135.336   538.116  -108.98  115.76
 -98759.509   547.837    25.87  121.43
 -98383.697   601.026   141.54  133.30
 -98007.901   677.352   203.12  128.02
 -97632.121   730.599   141.71  142.97
 -97256.356   816.789   229.39  160.76
 -96880.606   918.142   269.76  163.87
 -96504.873   988.724   187.86  183.90
 -96129.154  1094.166   280.66  191.09
 -95753.451  1173.259   210.54  194.61
 -95377.764  1281.747   288.80  203.42
 -95002.092  1331.833   133.33  184.55
 -94626.435  1303.049   -76.63  184.38
 -94250.794  1232.259  -188.47  189.19
 -93875.168  1086.207  -388.85  198.35
 -93499.558   938.189  -394.10  205.24
 -93123.964   792.456  -388.04  201.06
 -92748.384   651.906  -374.25  146.52
 -92372.821   542.241  -292.02   96.57
 -91997.272   475.468  -177.82   61.11
 -91621.739   430.298  -120.29   42.43
 -91246.222   399.027   -83.28   35.89
 -90870.720   372.701   -70.12   32.04
 -90495.234   345.170   -73.32   28.51
 -90119.762   322.784   -59.62   20.97
 -89744.307   305.789   -45.27   18.06
 -89368.867   290.718   -40.15   15.43
 -88993.442   279.789   -29.11   14.17
 -88618.032   269.073   -28.55   12.94
 -88242.638   261.614   -19.87    9.45
 -87867.260   256.789   -12.85    9.40
 -87491.897   252.313   -11.93    9.32
 -87116.549   246.887   -14.46   10.22
 -86741.217   238.614   -22.04   12.37
 -86365.900   230.282   -22.20   12.28
 -85990.598   221.932   -22.25   10.42
 -85615.312   215.105   -18.19    8.06
 -85240.041   208.980   -16.32    9.30
 -84864.786   203.730   -13.99    8.59
 -84489.546   199.432   -11.45    7.37
 -84114.321   195.146   -11.42    6.05
 -83739.112   191.817    -8.87    5.64
 -83363.918   187.142   -12.46    5.57
 -82988.739   183.108   -10.75    4.80
 -82613.576   179.389    -9.91    4.76
 -82238.428   174.906   -11.95    4.74
 -81863.296   171.235    -9.79    5.03
 -81488.179   166.741   -11.98    5.20
 -81113.077   162.955   -10.10    5.27
 -80737.991   158.116   -12.90    6.52
 -80362.919   153.595   -12.05    6.49
 -79987.864   149.933    -9.76    5.72
 -79612.823   144.956   -13.27    5.87
 -79237.798   142.375    -6.88    6.65
 -78862.788   138.070   -11.48    7.31
 -78487.794   133.901   -11.12    6.72
 -78112.815   130.843    -8.15    5.14
 -77737.851   127.599    -8.65    3.41
 -77362.902   125.025    -6.86    3.09
 -76987.969   122.575    -6.54    3.30
 -76613.051   120.159    -6.44    3.14
 -76238.148   118.502    -4.42    3.62
 -75863.261   116.723    -4.75    4.22
 -75488.389   114.551    -5.79    3.95
 -75113.532   112.398    -5.74    3.97
 -74738.691   109.932    -6.58    3.23
 -74363.864   108.570    -3.63    3.54
 -73989.054   108.057    -1.37    4.20
 -73614.258   106.934    -2.99    4.44
 -73239.477   105.622    -3.50    4.92
 -72864.712   103.421    -5.87    5.45
 -72489.962   100.218    -8.55    4.49
 -72115.228    97.955    -6.04    3.89
 -71740.508    95.298    -7.09    3.46
 -71365.804    93.680    -4.32    2.75
 -70991.115    92.289    -3.71    2.97
 -70616.442    90.375    -5.11    2.97
 -70241.783    88.906    -3.92    3.30
 -69867.140    86.884    -5.40    2.42
 -69492.512    85.443    -3.85    2.56
 -69117.899    83.861    -4.22    2.78
 -68743.302    82.241    -4.32    2.53
 -68368.719    80.561    -4.49    2.67
 -67994.152    78.861    -4.54    2.62
 -67619.601    77.646    -3.24    2.45
 -67245.064    76.282    -3.64    2.38
 -66870.542    75.096    -3.17    1.89
 -66496.036    73.622    -3.93    2.29
 -66121.545    72.384    -3.31    2.02
 -65747.069    70.932    -3.88    2.48
 -65372.608    69.352    -4.22    2.12
 -64998.163    68.096    -3.35    2.20
 -64623.733    66.863    -3.29    2.11
 -64249.317    66.051    -2.17    2.11
 -63874.918    65.223    -2.21    2.11
 -63500.533    64.741    -1.29    2.23
 -63126.163    63.789    -2.54    2.50
 -62751.809    62.491    -3.47    2.77
 -62377.469    60.932    -4.17    2.31
 -62003.145    59.677    -3.35    2.03
 -61628.836    58.361    -3.52    2.25
 -61254.542    57.289    -2.86    2.21
 -60880.264    56.075    -3.24    2.06
 -60506.000    54.503    -4.20    1.93
 -60131.752    53.784    -1.92    2.05
 -59757.518    52.677    -2.96    2.10
 -59383.300    51.813    -2.31    2.06
 -59009.097    50.580    -3.30    2.33
 -58634.909    49.616    -2.58    2.33
 -58260.736    48.698    -2.45    2.33
 -57886.579    47.718    -2.62    2.26
 -57512.436    46.361    -3.63    1.95
 -57138.308    45.677    -1.83    2.26
 -56764.196    44.398    -3.42    2.32
 -56390.099    43.269    -3.02    2.26
 -56016.017    42.230    -2.78    1.97
 -55641.950    41.130    -2.94    1.96
 -55267.898    40.289    -2.25    2.10
 -54890.928    39.398    -2.36    2.04
 -54513.864    38.595    -2.13    1.74
 -54136.815    37.820    -2.05    1.52
 -53759.781    37.210    -1.62    1.48
 -53382.762    36.747    -1.23    1.65
 -53005.759    36.282    -1.23    1.82
 -52628.771    36.027    -0.68    1.91
 -52251.799    35.434    -1.57    1.87
 -51874.842    35.164    -0.72    1.97
 -51497.900    34.320    -2.24    2.25
 -51120.973    33.313    -2.67    2.68
 -50744.062    32.980    -0.88    2.67
 -50367.166    32.139    -2.23    2.13
 -49990.285    32.190     0.14    2.09
 -49613.420    32.161    -0.08    2.22
 -49236.570    32.280     0.31    2.42
 -48859.735    32.161    -0.31    2.19
 -48482.916    32.194     0.09    2.44
 -48106.111    31.877    -0.84    2.58
 -47729.322    30.616    -3.35    2.74
 -47352.549    29.723    -2.37    2.50
 -46975.790    29.741     0.05    2.61
 -46599.047    29.003    -1.96    2.50
 -46222.319    28.380    -1.65    2.72
 -45845.607    27.661    -1.91    2.79
 -45468.909    27.322    -0.90    2.60
 -45092.227    26.820    -1.33    2.50
 -44715.560    26.142    -1.80    2.35
 -44338.908    25.328    -2.16    2.06
 -43962.272    24.775    -1.47    2.28
 -43585.651    24.210    -1.50    2.17
 -43209.045    24.593     1.02    2.57
 -42832.454    24.809     0.57    2.81
 -42455.879    24.491    -0.84    2.80
 -42079.319    23.956    -1.42    3.13
 -41702.773    22.980    -2.59    2.73
 -41326.244    22.593    -1.03    2.39
 -40949.729    22.800     0.55    2.57
 -40573.230    22.265    -1.42    2.20
 -40196.745    22.166    -0.26    2.07
 -39820.276    21.906    -0.69    1.88
 -39443.823    21.570    -0.89    2.04
 -39067.384    21.108    -1.23    2.02
 -38690.960    20.932    -0.47    2.07
 -38314.552    20.631    -0.80    2.50
 -37938.159    20.337    -0.78    2.40
 -37561.781    20.170    -0.44    2.82
 -37185.418    19.415    -2.00    2.64
 -36809.071    19.863     1.19    2.80
 -36432.738    19.223    -1.70    2.44
 -36056.421    18.837    -1.03    2.15
 -35680.119    18.861     0.06    2.22
 -35303.832    18.784    -0.20    2.27
 -34927.560    19.003     0.58    3.04
 -34551.304    19.080     0.20    3.53
 -34175.062    19.408     0.87    3.63
 -33798.836    19.646     0.63    3.74
 -33422.625    21.150     4.00    3.67
 -33046.429    22.170     2.71    3.24
 -32670.248    23.099     2.47    2.53
 -32294.082    23.813     1.90    3.73
 -31917.931    23.694    -0.32    3.74
 -31541.795    24.352     1.75    3.74
 -31165.675    27.736     9.00    9.78
 -30789.570    40.289    33.38   37.18
 -30413.479    56.361    42.73   48.86
 -30037.404    60.313    10.51   48.86
 -29661.344    51.694   -22.92   42.70
 -29285.299    37.789   -36.98   27.93
 -28909.269    27.794   -26.58   12.15
 -28533.254    26.798    -2.65   14.40
 -28157.255    31.166    11.62   23.43
 -27781.270    52.241    56.06   58.15
 -27405.300    84.784    86.56   85.67
 -27029.346   116.003    83.04   85.32
 -26653.406   140.770    65.88   81.34
 -26277.482   148.607    20.85   79.43
 -25901.573   143.694   -13.07   76.34
 -25525.679   129.080   -38.88   85.12
 -25149.799   118.575   -27.95   93.63
 -24773.935   102.049   -43.97  100.64
 -24398.086    75.070   -71.78   91.10
 -24022.252    44.575   -81.14   62.21
 -23646.433    22.289   -59.30   23.70
 -23270.629    14.313   -21.22   11.57
 -22894.840    12.443    -4.98    9.50
 -22519.066     8.638   -10.13    6.59
 -22143.307     9.491     2.27    7.47
 -21767.563    10.099     1.62    7.98
 -21391.835    11.445     3.58    7.45
 -21016.121    12.223     2.07    7.14
 -20640.422    13.956     4.61    6.78
 -20264.738    13.102    -2.27    4.08
 -19889.069    13.073    -0.08    3.62
 -19513.415    11.492    -4.21    4.14
 -19137.777    10.146    -3.58    4.10
 -18762.153     8.833    -3.50    3.70
 -18386.544     7.705    -3.00    2.70
 -18010.950     6.502    -3.20    2.46
 -17635.371     6.321    -0.48    2.53
 -17259.807     6.456     0.36    2.29
 -16884.258     6.305    -0.40    2.50
 -16508.724     5.614    -1.84    2.65
 -16133.205     4.548    -2.84    2.29
 -15757.701     3.928    -1.65    1.99
 -15382.212     3.887    -0.11    2.19
 -15006.738     3.932     0.12    2.56
 -14631.279     3.631    -0.80    2.55
 -14255.835     3.654     0.06    2.49
 -13880.406     3.585    -0.18    2.35
 -13504.991     5.752     5.77    6.66
 -13129.592    24.080    48.82   37.57
 -12754.207    53.502    78.38   57.62
 -12378.838    77.480    63.88   60.20
 -12003.483    89.826    32.89   63.35
 -11628.143    66.548   -62.02   71.41
 -11252.819    28.980  -100.10   55.66
 -10877.509     6.908   -58.81   14.39
 -10502.214     2.933   -10.59    1.83
 -10126.934     2.980     0.12    1.69
  -9751.669     3.070     0.24    1.68
  -9376.419     3.506     1.16    1.64
  -9001.183     3.661     0.41    1.86
  -8625.963     3.980     0.85    2.47
  -8250.757     4.514     1.43    1.91
  -7875.567     4.584     0.19    1.90
  -7500.391     4.390    -0.52    2.10
  -7125.230     4.139    -0.67    2.17
  -6750.084     3.555    -1.56    2.48
  -6374.953     2.765    -2.10    2.87
  -5999.836     1.765    -2.67    3.47
  -5624.735     1.126    -1.70    3.37
  -5249.648     1.142     0.04    3.25
  -4874.577     0.980    -0.43    3.16
  -4499.520     1.051     0.19    3.51
  -4124.478     1.194     0.38    3.87
  -3749.451     0.503    -1.84    3.85
  -3374.438    -0.449    -2.54    3.39
  -2999.441    -0.695    -0.66    3.31
  -2624.458    -0.069     1.67    3.51
  -2249.491     0.565     1.69    3.52
  -1874.538     1.051     1.30    3.44
  -1499.599     2.212     3.10    3.50
  -1124.676     2.075    -0.37    3.53
   -749.768     2.468     1.05    3.78
   -374.874     1.189    -3.41    4.06
      0.005    -0.264    -3.88    4.28
    374.869    -1.945    -4.48    3.79
    749.718    -1.925     0.05    3.10
   1124.553    -1.090     2.23    3.43
   1499.373    -0.270     2.19    3.32
   1874.177    -0.449    -0.48    3.03
   2248.968    -1.602    -3.08    2.91
   2623.743    -2.435    -2.22    2.60
   2998.503    -2.211     0.60    3.01
   3373.249    -1.264     2.53    3.10
   3747.980    -0.068     3.19    3.96
   4122.696     0.718     2.10    3.98
   4497.398     2.468     4.67    4.37
   4872.084     4.004     4.10    2.87
   5246.756     4.194     0.51    2.75
   5621.414     4.180    -0.04    2.77
   5996.056     4.189     0.02    2.72
   6370.684     4.419     0.61    2.61
   6745.297     4.694     0.73    2.42
   7119.895     4.394    -0.80    2.42
   7494.478     3.805    -1.57    2.58
   7869.047     3.116    -1.84    2.44
   8243.601     2.364    -2.01    2.42
   8618.140     2.003    -0.96    2.15
   8992.665     1.701    -0.81    2.24
   9367.174     1.468    -0.62    2.39
   9741.669     1.070    -1.06    2.52
  10116.150     1.085     0.04    2.68
  10490.615     4.843    10.04    7.76
  10865.066    11.906    18.86   16.59
  11239.503    16.889    13.31   17.18
  11613.924    15.932    -2.56   17.71
  11988.331    10.082   -15.62   15.11
  12362.723     5.411   -12.48    9.82
  12737.101     2.005    -9.10    3.73
  13111.463     2.384     1.01    3.99
  13485.812     2.770     1.03    3.79
  13860.145     1.858    -2.44    3.22
  14234.464     0.820    -2.77    2.42
  14608.768     0.364    -1.22    1.68
  14983.057    -0.139    -1.35    1.50
  15357.332     0.259     1.06    1.62
  15731.592     0.741     1.29    2.02
  16105.838     1.765     2.74    2.61
  16480.068     2.230     1.24    2.57
  16854.284     3.235     2.69    2.37
  17228.486     3.930     1.86    2.55
  17602.673     4.492     1.50    2.98
  17976.845     4.599     0.29    3.22
  18351.003     4.670     0.19    3.04
  18725.145     4.027    -1.72    2.88
  19099.274     4.026    -0.00    2.61
  19473.387     4.053     0.07    2.09
  19847.912     5.503     3.87    3.68
  20224.951     7.654     5.70    4.09
  20601.975    10.551     7.68    4.64
  20978.985    13.026     6.56    4.57
  21355.979    15.980     7.83    5.30
  21732.959    19.456     9.22    5.20
  22109.924    20.931     3.91    4.70
  22486.874    23.421     6.61    4.28
  22863.809    25.631     5.86    5.59
  23240.729    28.166     6.73    5.99
  23617.634    30.096     5.12    6.16
  23994.525    32.980     7.65    5.41
  24371.401    33.663     1.81    4.84
  24748.262    34.194     1.41    5.50
  25125.108    32.677    -4.02    5.70
  25501.939    33.313     1.69    9.59
  25878.756    33.096    -0.58   10.86
  26255.557    33.861     2.03   11.59
  26632.344    34.575     1.90   10.47
  27009.116    35.003     1.14    9.38
  27385.874    37.467     6.54    9.08
  27762.616    41.313    10.21    8.70
  28139.344    45.289    10.55    9.65
  28516.057    51.980    17.76   15.08
  28892.755    59.289    19.40   16.55
  29269.438    63.646    11.57   16.13
  29646.107    66.313     7.08   17.00
  30022.761    64.282    -5.39   18.30
  30399.400    58.638   -14.98   16.92
  30776.024    54.405   -11.24   14.22
  31152.634    56.027     4.31   15.77
  31529.229    60.833    12.76   17.50
  31905.809    66.741    15.69   18.58
  32282.374    70.456     9.86   16.29
  32658.924    73.305     7.57   12.97
  33035.460    76.122     7.48   10.44
  33411.981    76.105    -0.05   12.26
  33788.488    74.599    -4.00   13.60
  34164.979    74.551    -0.13   13.88
  34541.456    77.677     8.30   15.47
  34917.918    80.503     7.51   16.74
  35294.366    83.005     6.65   16.69
  35670.799    85.457     6.51   17.61
  36047.217    83.419    -5.41   18.54
  36423.620    85.305     5.01   20.05
  36800.009    86.541     3.28   18.71
  37176.382    88.980     6.48   16.00
  37552.742    93.343    11.59   18.29
  37929.086    95.255     5.08   18.71
  38305.416    99.370    10.93   17.78
  38681.731   101.456     5.54   17.34
  39058.032   108.569    18.90   21.24
  39434.317   119.252    28.39   24.20
  39810.588   127.980    23.19   21.88
  40186.845   133.932    15.82   19.00
  40563.087   138.026    10.88   17.94
  40939.314   140.622     6.90   18.79
  41315.526   146.525    15.69   16.20
  41691.724   152.190    15.06   16.49
  42067.907   153.570     3.67   16.14
  42444.075   159.670    16.21   16.62
  42820.229   161.631     5.21   15.30
  43196.368   167.561    15.77   16.58
  43572.493   182.877    40.72   27.33
  43948.603   203.161    53.93   31.82
  44324.698   217.415    37.90   25.40
  44700.779   229.910    33.22   21.87
  45076.845   232.711     7.45   21.97
  45452.896   235.492     7.40   23.33
  45828.933   245.684    27.10   24.59
  46204.955   251.322    14.99   21.54
  46580.963   257.223    15.70   21.79
  46956.956   262.861    14.99   23.16
  47332.934   270.004    19.00   22.73
  47708.898   276.025    16.01   22.75
  48084.847   284.082    21.43   15.95
  48460.781   283.361    -1.92   16.76
  48836.701   283.189    -0.46   18.01
  49212.607   288.146    13.19   17.24
  49588.497   287.051    -2.91   15.93
  49964.373   281.955   -13.56   18.68
  50340.235   270.194   -31.29   24.95
  50716.082   260.614   -25.49   22.39
  51091.915   258.361    -5.99   19.12
  51467.732   260.765     6.40   18.40
  51843.536   261.789     2.72   14.24
  52219.325   257.638   -11.05   13.53
  52595.099   251.337   -16.77   10.64
  52970.859   250.551    -2.09   10.12
  53346.604   256.956    17.05   16.47
  53722.334   270.646    36.43   21.49
  54098.050   283.570    34.40   19.59
  54473.752   294.212    28.32   13.96
  54849.439   299.272    13.47   10.43
  55225.111   299.855     1.55   13.22
  55600.769   306.175    16.82   18.34
  55976.412   311.212    13.41   19.56
  56352.041   314.116     7.73   17.52
  56727.656   318.932    12.82   13.20
  57103.256   317.794    -3.03   12.54
  57478.841   316.906    -2.36   11.18
  57854.412   323.051    16.36   12.06
  58229.968   329.589    17.41   13.90
  58605.510   339.051    25.19   15.12
  58981.037   348.884    26.18   12.45
  59356.550   362.122    35.25   21.47
  59732.048   390.880    76.58   49.63
  60107.532   451.313   160.94   88.18
  60483.002   483.430    85.53   75.37
  60858.457   476.503   -18.45   85.31
  61233.897   416.480  -159.87  107.53
  61609.323   339.352  -205.43   75.50
  61984.734   263.027  -203.30   73.65
  62360.131   203.518  -158.52   69.12
  62735.514   155.730  -127.30   62.12
  63110.882   110.809  -119.67   36.83
  63486.236    88.861   -58.47   36.47
  63861.575    67.419   -57.12   40.81
  64236.900    48.769   -49.69   29.64
  64612.210    44.161   -12.28   24.83
  64987.506    46.774     6.96   31.47
  65362.788    57.075    27.45   40.47
  65738.055    54.189    -7.69   43.76
  66113.307    36.705   -46.59   33.21
  66488.545    29.957   -17.98   19.85
  66863.769    39.243    24.75   31.62
  67238.978    61.116    58.29   38.35
  67614.173    80.527    51.73   33.37
  67989.354    83.863     8.89   24.82
  68364.520    80.073   -10.10   20.29
  68739.672    66.928   -35.04   24.43
  69114.809    51.980   -39.85   27.02
  69489.932    38.544   -35.82   24.66
  69865.040    31.432   -18.96   18.60
  70240.134    36.663    13.94   23.26
  70615.214    41.833    13.78   26.97
  70990.280    47.411    14.87   26.43
  71365.330    43.953    -9.22   24.16
  71740.367    35.711   -21.98   18.31
  72115.389    34.480    -3.28   18.48
  72490.397    33.272    -3.22   20.00
  72865.391    34.398     3.00   20.88
  73240.370    40.826    17.14   24.42
  73615.335    46.932    16.28   25.85
  73990.285    47.199     0.71   27.00
  74365.221    50.146     7.86   28.41
  74740.143    51.175     2.74   24.59
  75115.050    45.956   -13.92   23.30
  75489.943    47.150     3.19   23.43
  75864.822    57.122    26.60   28.84
  76239.686    67.394    27.40   35.45
  76614.536    80.622    35.29   35.60
  76989.372    89.003    22.36   32.18
  77364.193    85.073   -10.49   28.77
  77739.000    85.561     1.30   23.10
  78113.793    83.741    -4.85   19.40
  78488.572    85.955     5.91   17.90
  78863.336    88.638     7.16   14.18
  79238.085    89.514     2.34   12.49
  79612.821    91.575     5.50   12.70
  79987.542    89.932    -4.38   11.92
  80362.249    89.694    -0.64   15.14
  80736.942    84.004   -15.18   17.43
  81111.620    80.730    -8.74   19.15
  81486.284    75.631   -13.61   17.78
  81860.934    72.784    -7.60   18.53
  82235.569    74.384     4.27   18.10
  82610.191    70.408   -10.61   18.78
  82984.798    68.813    -4.26   19.52
  83359.390    61.503   -19.51   15.19
  83733.969    55.492   -16.05   13.74
  84108.533    49.525   -15.93   11.24
  84483.083    45.394   -11.03   12.21
  84857.618    44.887    -1.36   13.03
  85232.140    46.194     3.49   14.93
  85606.647    48.743     6.81   17.99
  85981.140    47.343    -3.74   17.33
  86355.618    47.415     0.19   17.37
  86730.083    50.051     7.04   16.01
  87104.533    49.622    -1.14   15.30
  87478.969    49.030    -1.58   15.05
  87853.391    49.048     0.05   14.09
  88227.798    49.269     0.59   13.45
  88602.192    45.837    -9.17   12.81
  88976.571    43.631    -5.89   13.74
  89350.935    45.741     5.64   16.55
  89725.286    49.480     9.98   17.25
  90099.623    48.621    -2.29   16.75
  90473.945    44.551   -10.87   16.74
  90848.253    40.430   -11.01   15.23
  91222.547    39.614    -2.18   15.28
  91596.826    37.575    -5.45   15.42
  91971.092    31.687   -15.73   15.26
  92345.343    28.837    -7.62   13.63
  92719.580    27.456    -3.69   12.54
  93093.803    31.289    10.24   15.17
  93468.012    35.760    11.95   13.50
  93842.207    34.980    -2.09   13.87
  94216.387    35.003     0.06   15.62
  94590.553    29.910   -13.61   14.70
  94965.651    27.955    -5.21   12.92
  95342.647    29.230     3.38   10.82
  95719.628    36.146    18.35   13.07
  96096.594    43.235    18.80   13.26
  96473.546    48.468    13.88   10.28
  96850.484    50.337     4.96    7.44
  97227.407    48.575    -4.67    7.79
  97604.316    42.589   -15.88    8.94
  97981.211    35.194   -19.62   10.10
  98358.091    29.955   -13.90   11.76
  98734.957    22.027   -21.03   10.21
  99111.809    16.345   -15.08    7.57
  99488.646    11.241   -13.54    5.58
  99865.469     7.492    -9.95    4.87
 100242.278     4.175    -8.80    4.73
 100619.072     1.180    -7.95    4.54
 100995.852    -1.354    -6.72    2.92
 101372.617    -3.163    -4.80    2.19
 101749.369    -4.020    -2.27    2.16
 102126.106    -5.092    -2.84    1.92
 102502.828    -6.251    -3.08    2.25
 102879.536    -7.616    -3.62    1.91
 103256.230    -8.362    -1.98    1.56
 103632.910    -8.741    -1.01    1.50
 104009.575    -9.139    -1.06    1.45
 104386.226    -9.610    -1.25    1.58
 104762.863    -9.657    -0.12    1.45
 105139.485   -10.167    -1.35    1.37
 105516.094   -10.235    -0.18    1.54
 105892.687   -10.435    -0.53    1.45
 106269.267   -10.863    -1.14    1.44
 106645.832   -10.975    -0.30    1.57
 107022.383   -11.070    -0.25    1.72
 107398.920   -11.289    -0.58    1.57
 107775.442   -11.898    -1.62    1.35
 108151.951   -12.020    -0.32    1.05
 108528.445   -11.680     0.91    1.40
 108904.924   -11.174     1.34    1.73
 109281.390   -10.378     2.12    2.29
 109657.841    -9.765     1.63    2.37
 110034.278    -9.720     0.12    2.29
 110410.700   -10.157    -1.16    2.27
 110787.109   -10.099     0.15    1.88
 111163.503   -10.020     0.21    2.10
 111539.883    -9.401     1.64    2.04
 111916.248    -9.378     0.06    2.03
 112292.600    -9.520    -0.38    2.44
 112668.937    -9.738    -0.58    2.09
 113045.260   -10.430    -1.84    2.47
 113421.569   -10.735    -0.81    2.18
 113797.863   -10.878    -0.38    1.70
 114174.144   -11.183    -0.81    1.46
 114550.410   -11.251    -0.18    1.55
 114926.662   -11.180     0.19    1.54
 115302.900   -10.970     0.56    1.54
 115679.123   -10.801     0.45    1.54
 116055.332   -10.508     0.78    1.60
 116431.528   -10.094     1.10    1.57
 116807.708    -9.927     0.44    1.63
 117183.875    -9.969    -0.11    1.45
 117560.028    -9.795     0.46    1.93
 117936.166    -9.306     1.30    2.13
 118312.290    -9.020     0.76    2.16
 118688.400    -9.473    -1.20    2.48
 119064.496    -9.920    -1.19    2.36
 119440.578   -10.557    -1.69    2.09
 119816.646   -10.240     0.84    2.53
 120192.699   -10.092     0.39    2.53
 120568.738    -9.630     1.23    2.80
 120944.763    -9.663    -0.09    2.78
 121320.774   -10.020    -0.95    2.68
 121696.771   -10.330    -0.82    2.47
 122072.754   -10.834    -1.34    2.62
 122448.722   -11.211    -1.00    2.53
 122824.677   -11.230    -0.05    2.75
 123200.617   -10.973     0.68    2.85
 123576.543   -10.544     1.14    2.37
 123952.455   -10.264     0.74    2.08
 124328.353   -10.211     0.14    2.10
 124704.237   -10.878    -1.77    2.02
 125080.106   -11.544    -1.77    2.22
 125455.962   -11.801    -0.68    2.07
 125831.803   -11.811    -0.03    1.66
 126207.631   -11.520     0.77    1.66
 126583.444   -10.679     2.24    1.71
 126959.243   -10.445     0.62    1.68
 127335.028   -10.191     0.68    1.53
 127710.799   -10.655    -1.23    1.71
 128086.556   -10.974    -0.85    1.90
 128462.299   -10.925     0.13    1.88
 128838.028   -11.277    -0.94    2.02
 129213.742   -11.323    -0.12    2.17
 129589.443   -12.386    -2.83    1.96
 129965.129   -12.639    -0.67    1.75
 130340.802   -12.362     0.74    1.88
 130716.460   -12.231     0.35    1.65
 131092.104   -11.930     0.80    1.46
 131467.735   -11.661     0.71    1.51
 131843.351   -11.240     1.12    1.85
 132218.953   -11.211     0.08    1.98
 132594.541   -11.226    -0.04    2.17
 132970.115   -11.770    -1.45    2.35
 133345.675   -12.969    -3.19    2.81
 133721.221   -13.163    -0.52    3.06
 134096.753   -13.520    -0.95    2.67
 134472.271   -12.337     3.15    3.00
 134847.775   -10.430     5.08    2.76
 135223.265    -9.415     2.70    2.16
 135598.741    -8.861     1.47    1.46
 135974.203    -9.068    -0.55    1.56
 136349.650    -9.449    -1.01    2.00
 136725.084   -10.759    -3.49    2.75
 137100.504   -11.713    -2.54    2.67
 137475.910   -11.793    -0.21    2.57
 137851.302   -11.687     0.28    2.68
 138226.680   -10.850     2.23    2.41
 138602.044    -9.923     2.47    1.87
 138977.393    -9.923     0.00    1.79
 139352.729   -10.211    -0.77    1.93
 139728.051   -10.445    -0.62    2.02
 140103.359   -10.191     0.68    2.06
 140478.653   -10.330    -0.37    1.92
 140853.933   -10.386    -0.15    1.98
 141229.199    -9.996     1.04    1.88
 141604.451    -9.973     0.06    1.82
 141979.689   -10.570    -1.59    2.04
 142354.913   -10.655    -0.22    2.11
 142730.124   -11.378    -1.93    2.18
 143105.320   -11.782    -1.08    2.10
 143480.502   -11.974    -0.51    2.14
 143855.671   -12.116    -0.38    2.02
 144230.825   -11.687     1.14    1.87
 144605.965   -11.411     0.74    2.01
 144981.092   -11.139     0.72    2.03
 145356.205   -11.191    -0.14    2.01
 145731.303   -10.806     1.03    2.07
 146106.388   -10.898    -0.25    2.19
 146481.459   -11.092    -0.52    2.00
 146856.516   -12.069    -2.61    2.45
 147231.559   -12.830    -2.03    2.33
 147606.588   -13.820    -2.64    1.96
 147981.603   -13.854    -0.09    2.04
 148356.604   -13.679     0.47    2.25
 148731.592   -13.509     0.45    2.59
 149106.565   -13.378     0.35    2.52
 149481.525   -13.652    -0.73    2.58
 149856.471   -13.089     1.50    2.46
 150231.403   -12.752     0.90    2.45
 150606.321   -12.484     0.72    2.24
 150981.225   -11.630     2.28    1.88
 151356.115   -11.943    -0.84    1.78
 151730.991   -12.157    -0.57    1.73
 152105.854   -12.020     0.36    1.75
 152480.702   -11.687     0.89    2.16
 152855.537   -11.788    -0.27    2.37
 153230.358   -11.995    -0.55    2.19
 153605.165   -12.566    -1.52    2.03
 153979.958   -12.652    -0.23    1.84
 154354.737   -12.544     0.29    2.02
 154729.503   -12.579    -0.09    1.93
 155104.255   -12.306     0.73    1.88
 155478.992   -12.330    -0.06    1.77
 155853.716   -12.277     0.14    1.76
 156228.427   -12.711    -1.16    1.66
 156603.123   -12.795    -0.23    1.51
 156977.805   -12.557     0.64    1.78
 157352.474   -13.191    -1.69    1.83
 157727.129   -13.240    -0.13    1.85
 158101.770   -13.092     0.40    1.89
 158476.397   -13.118    -0.07    1.80
 158851.011   -13.289    -0.46    1.76
 159225.610   -13.282     0.02    1.82
 159600.196   -12.997     0.76    1.89
 159974.768   -12.592     1.08    1.94
 160349.326   -12.602    -0.03    1.74
 160723.871   -12.801    -0.53    1.97
 161098.401   -12.620     0.48    1.95
 161472.918   -13.020    -1.07    1.92
 161847.421   -12.951     0.19    1.87
 162221.911   -13.411    -1.23    1.84
 162596.386   -13.259     0.41    1.74
 162970.848   -13.142     0.31    2.03
 163345.296   -13.581    -1.17    1.70
 163719.730   -13.095     1.30    2.15
 164094.151   -12.782     0.84    2.10
 164468.557   -12.620     0.43    2.11
 164842.950   -13.092    -1.26    2.00
 165217.329   -14.401    -3.50    2.12
 165591.695   -14.974    -1.53    1.96
 165966.047   -15.235    -0.70    1.97
 166340.385   -15.405    -0.45    1.76
 166714.709   -15.157     0.66    1.75
 167089.019   -14.801     0.95    2.01
 167463.316   -14.625     0.47    2.24
 167837.599   -14.728    -0.27    2.17
 168211.868   -15.200    -1.26    2.08
 168586.124   -14.930     0.72    2.04
 168960.366   -14.867     0.17    1.90
 169334.594   -14.923    -0.15    1.77
 169708.808   -15.044    -0.32    2.04
 170084.458   -14.720     0.86    2.14
 170461.410   -14.248     1.25    2.09
 170838.349   -13.994     0.67    2.32
 171215.273   -14.240    -0.65    2.13
 171592.184   -14.544    -0.81    2.12
 171969.080   -14.484     0.16    2.15
 172345.963   -14.202     0.75    2.37
 172722.832   -14.174     0.07    2.22
 173099.687   -14.211    -0.10    2.06
 173476.528   -14.416    -0.54    2.04
 173853.355   -14.679    -0.70    1.96
 174230.168   -14.830    -0.40    2.04
 174606.968   -15.431    -1.59    2.01
 174983.753   -15.759    -0.87    1.89
 175360.525   -15.435     0.86    1.80
 175737.283   -15.068     0.97    1.81
 176114.026   -14.728     0.90    2.23
 176490.757   -14.420     0.82    2.25
 176867.473   -14.191     0.61    2.06
 177244.175   -14.245    -0.14    2.14
 177620.863   -13.806     1.17    2.15
 177997.538   -14.313    -1.35    2.06
 178374.199   -14.449    -0.36    2.11
 178750.846   -14.850    -1.06    2.11
 179127.479   -14.759     0.24    2.06
 179504.098   -15.142    -1.02    2.16
 179880.703   -15.568    -1.13    1.81
 180257.295   -15.592    -0.06    2.05
 180633.873   -15.672    -0.21    2.44
 181010.437   -15.235     1.16    2.47
 181386.987   -15.187     0.13    2.20
 181763.523   -14.545     1.70    2.55
 182140.045   -14.270     0.73    2.23
 182516.554   -14.142     0.34    2.19
 182893.049   -14.337    -0.52    2.44
 183269.530   -14.806    -1.24    2.49
 183645.997   -15.972    -3.10    2.86
 184022.451   -16.295    -0.86    3.43
 184398.890   -17.195    -2.39    4.01
 184775.316   -17.581    -1.03    3.98
 185151.728   -17.703    -0.32    4.05
 185528.126   -17.854    -0.40    3.05
 185904.511   -17.782     0.19    2.41
 186280.882   -17.764     0.05    2.86
 186657.238   -17.425     0.90    3.16
 187033.582   -16.508     2.44    3.74
 187409.911   -16.401     0.28    4.48
 187786.227   -15.459     2.50    4.07
 188162.528   -14.073     3.68    2.28
 188538.817   -14.180    -0.28    1.92
 188915.091   -13.795     1.02    2.62
 189291.352   -13.801    -0.01    2.77
 189667.598   -14.508    -1.88    3.00
 190043.832   -14.405     0.27    3.13
 190420.051   -14.589    -0.49    2.54
 190796.257   -14.585     0.01    2.19
 191172.448   -14.354     0.61    2.02
 191548.627   -13.881     1.26    2.19
 191924.791   -13.970    -0.24    2.21
 192300.942   -13.816     0.41    2.14
 192677.079   -14.126    -0.82    1.89
 193053.202   -14.834    -1.88    1.68
 193429.312   -14.949    -0.30    1.92
 193805.407   -15.167    -0.58    1.86
 194181.490   -15.089     0.21    1.97
 194557.558   -15.097    -0.02    1.95
 194933.613   -14.878     0.58    2.07
 195309.654   -14.346     1.41    2.20
 195685.681   -14.068     0.74    2.06
 196061.695   -14.211    -0.38    2.09
 196437.695   -15.123    -2.43    2.30
 196813.681   -15.449    -0.87    2.15
 197189.654   -15.745    -0.79    1.83
 197565.613   -15.289     1.21    1.76
 197941.558   -15.139     0.40    1.70
 198317.489   -15.045     0.25    1.42
 198693.407   -15.240    -0.52    1.68
 199069.312   -15.695    -1.21    2.02
 199445.202   -15.923    -0.60    2.50
 199821.079   -16.195    -0.73    3.18
 200196.942   -16.425    -0.61    3.91
 200572.792   -17.533    -2.95    4.24
 200948.628   -18.509    -2.60    4.51
 201324.450   -19.801    -3.44    4.16
 201700.259   -20.570    -2.05    3.45
 202076.054   -20.606    -0.09    3.38
 202451.836   -20.544     0.16    3.14
 202827.603   -20.473     0.19    3.08
 203203.357   -20.116     0.95    2.95
 203579.098   -20.220    -0.28    3.62
 203954.825   -20.595    -1.00    3.59
 204330.538   -21.806    -3.22    4.22
 204706.238   -22.759    -2.53    4.25
 205081.924   -23.874    -2.97    3.49
 205457.596   -24.425    -1.47    3.44
 205833.255   -25.195    -2.05    2.25
 206208.901   -25.363    -0.44    2.12
 206584.532   -25.211     0.40    1.99
 206960.150   -24.801     1.09    2.42
 207335.755   -23.606     3.18    3.89
 207711.346   -23.313     0.78    3.84
 208086.923   -23.705    -1.04    3.63
 208462.487   -23.861    -0.42    3.51
 208838.037   -24.226    -0.97    3.77
 209213.573   -24.378    -0.40    3.93
 209589.096   -24.211     0.44    3.93
 209964.606   -24.645    -1.16    2.32
 210340.102   -24.111     1.42    2.49
 210715.584   -23.047     2.83    2.73
 211091.053   -22.113     2.49    2.48
 211466.508   -20.777     3.56    2.62
 211841.950   -19.520     3.35    2.63
 212217.378   -18.687     2.22    2.84
 212592.792   -17.790     2.39    2.12
 212968.193   -17.555     0.62    1.97
 213343.581   -17.174     1.01    1.33
 213718.955   -17.163     0.03    1.42
 214094.315   -17.435    -0.72    1.53
 214469.662   -17.738    -0.81    1.56
 214844.995   -17.997    -0.69    1.57
 215220.315   -18.415    -1.11    1.70
 215595.622   -19.094    -1.81    1.90
 215970.914   -19.606    -1.36    2.80
 216346.194   -20.655    -2.79    3.64
 216721.459   -21.568    -2.43    4.00
 217096.712   -22.595    -2.74    4.04
 217471.950   -23.386    -2.11    4.04
 217847.176   -23.557    -0.45    3.94
 218222.388   -24.616    -2.82    3.25
 218597.586   -25.069    -1.21    2.75
 218972.771   -24.997     0.19    2.80
 219347.942   -25.167    -0.45    3.00
 219723.100   -24.420     1.99    3.71
 220098.244   -23.264     3.08    3.64
 220473.375   -22.532     1.95    3.14
 220848.492   -21.606     2.47    2.28
 221223.596   -21.901    -0.79    2.22
 221598.687   -22.620    -1.92    2.31
 221973.764   -23.508    -2.37    2.66
 222348.827   -23.970    -1.23    3.49
 222723.877   -23.996    -0.07    3.86
 223098.914   -24.533    -1.43    3.81
 223473.937   -24.362     0.46    3.95
 223848.947   -24.581    -0.59    3.69
 224223.943   -24.557     0.07    3.78
 224598.926   -24.187     0.99    3.88
 224973.896   -24.097     0.24    3.86
 225348.852   -23.672     1.14    3.81
 225723.794   -22.782     2.37    4.01
 226098.723   -22.401     1.02    4.10
 226473.639   -21.416     2.63    3.54
 226848.541   -20.705     1.90    3.08
 227223.430   -20.475     0.61    2.68
 227598.306   -20.520    -0.12    1.78
 227973.168   -21.369    -2.26    2.67
 228348.016   -21.973    -1.61    2.82
 228722.852   -22.559    -1.56    3.21
 229097.673   -23.543    -2.63    3.68
 229472.482   -24.174    -1.68    4.06
 229847.277   -25.445    -3.39    4.06
 230222.059   -26.264    -2.18    3.58
 230596.827   -26.313    -0.13    3.66
 230971.582   -26.067     0.66    3.84
 231346.323   -25.968     0.26    3.81
 231721.051   -25.095     2.33    3.63
 232095.766   -24.687     1.09    3.06
 232470.468   -24.655     0.09    3.02
 232845.156   -25.435    -2.08    2.91
 233219.830   -25.679    -0.65    2.66
 233594.491   -25.470     0.56    2.40
 233969.139   -24.620     2.27    3.26
 234343.774   -23.703     2.45    3.23
 234718.395   -23.687     0.04    2.61
 235093.003   -24.672    -2.63    3.44
 235467.598   -25.782    -2.96    3.64
 235842.179   -26.947    -3.11    3.09
 236216.747   -27.923    -2.60    2.52
 236591.301   -27.801     0.33    2.32
 236965.842   -27.557     0.65    2.90
 237340.370   -27.167     1.04    3.19
 237714.885   -25.996     3.13    3.52
 238089.386   -24.925     2.86    3.84
 238463.874   -24.581     0.92    3.78
 238838.348   -23.235     3.60    3.66
 239212.810   -22.713     1.39    3.47
 239587.258   -22.310     1.08    3.10
 239961.692   -21.213     2.93    2.50
