-254612.848     1.400     0.00    3.74
-254236.145     1.696     0.79    3.55
-253859.429     3.125     3.79    3.38
-253482.699     2.934    -0.51    4.36
-253105.956     1.022    -5.07    5.05
-252729.199     0.647    -1.00    5.79
-252352.428    -0.035    -1.81    5.80
-251975.644     0.794     2.20    6.31
-251598.847     2.434     4.35    5.57
-251222.036     4.522     5.54    4.66
-250845.212     4.147    -0.99    4.39
-250468.374     3.197    -2.52    5.03
-250091.522     1.258    -5.15    4.95
-249714.657     0.331    -2.46    4.83
-249337.779    -0.756    -2.88    5.43
-248960.887    -1.709    -2.53    5.24
-248583.982    -2.610    -2.39    5.06
-248207.063    -3.899    -3.42    4.22
-247830.130    -3.084     2.16    4.22
-247455.012    -1.280     4.81    3.60
-247080.747    -1.547    -0.71    3.97
-246706.469    -1.670    -0.33    3.77
-246332.177    -2.191    -1.39    4.51
-245957.872    -2.841    -1.73    4.36
-245583.554    -3.637    -2.13    4.94
-245209.223    -5.694    -5.49    5.61
-244834.878    -6.302    -1.63    4.80
-244460.520    -5.532     2.06    4.99
-244086.148    -3.354     5.82    6.06
-243711.763     0.916    11.40    6.37
-243337.365     3.601     7.17    6.95
-242962.953     3.550    -0.13    7.26
-242588.528     1.445    -5.62    6.39
-242214.090    -1.482    -7.81    6.29
-241839.638    -3.971    -6.65    5.08
-241465.173    -5.042    -2.86    4.22
-241090.694    -4.661     1.02    4.44
-240716.202    -3.471     3.18    4.63
-240341.697    -3.853    -1.02    4.72
-239967.178    -4.157    -0.81    5.03
-239592.646    -5.403    -3.33    4.94
-239218.101    -6.694    -3.45    4.09
-238843.542    -6.694     0.00    4.36
-238468.969    -6.804    -0.29    3.70
-238094.384    -5.084     4.59    4.48
-237719.784    -3.161     5.13    5.26
-237345.172    -1.303     4.96    5.92
-236970.546     0.247     4.14    6.38
-236595.907    -2.328    -6.87    6.79
-236221.254    -4.232    -5.08    6.93
-235846.587    -5.206    -2.60    5.80
-235471.908    -6.011    -2.15    5.55
-235097.215    -6.423    -1.10    5.79
-234722.508    -7.133    -1.89    6.42
-234347.788    -9.994    -7.64    5.77
-233973.055   -11.804    -4.83    5.25
-233598.308   -14.279    -6.60    4.72
-233223.547   -16.450    -5.79    4.04
-232848.774   -17.528    -2.88    3.28
-232473.986   -17.222     0.81    3.35
-232099.186   -16.578     1.72    3.42
-231724.371   -17.097    -1.39    3.70
-231349.544   -16.875     0.59    3.92
-230974.703   -16.232     1.71    4.18
-230599.848   -14.528     4.55    4.68
-230224.980   -13.373     3.08    4.03
-229850.098   -12.828     1.45    3.77
-229475.203   -12.281     1.46    4.75
-229100.295    -9.816     6.58    5.70
-228725.373    -9.304     1.36    5.59
-228350.437    -9.863    -1.49    5.92
-227975.488   -11.892    -5.41    5.30
-227600.526   -13.542    -4.40    4.79
-227225.550   -14.228    -1.83    5.63
-226850.560   -13.352     2.34    5.43
-226475.557   -12.206     3.05    5.74
-226100.541   -10.742     3.90    5.70
-225725.511   -10.304     1.17    5.24
-225350.467   -10.228     0.20    5.62
-224975.410   -12.128    -5.07    5.47
-224600.339   -13.767    -4.37    5.09
-224225.255   -14.986    -3.25    4.46
-223850.157   -15.780    -2.12    4.10
-223475.046   -16.351    -1.52    3.76
-223099.921   -15.620     1.95    4.26
-222724.783   -14.303     3.51    4.63
-222349.631   -14.352    -0.13    4.90
-221974.466   -14.852    -1.33    4.90
-221599.287   -15.375    -1.40    4.81
-221224.094   -16.590    -3.24    4.45
-220848.888   -17.578    -2.63    4.69
-220473.669   -17.937    -0.96    4.49
-220098.435   -18.607    -1.78    4.39
-219723.189   -19.255    -1.73    4.23
-219347.928   -20.425    -3.12    3.71
-218972.654   -21.474    -2.79    3.63
-218597.367   -23.084    -4.29    2.91
-218222.066   -24.153    -2.85    2.79
-217846.751   -24.971    -2.18    2.65
-217471.423   -25.603    -1.68    2.77
-217096.081   -25.685    -0.22    3.06
-216720.725   -25.923    -0.63    2.90
-216345.356   -25.596     0.87    2.70
-215969.974   -26.066    -1.25    2.37
-215594.577   -25.789     0.74    2.40
-215219.167   -26.281    -1.31    2.31
-214843.744   -27.137    -2.28    2.27
-214468.307   -27.066     0.19    2.04
-214092.856   -26.956     0.29    2.05
-213717.392   -27.091    -0.36    2.14
-213341.914   -27.328    -0.63    2.18
-212966.422   -27.653    -0.87    2.31
-212590.917   -28.049    -1.05    2.06
-212215.398   -28.447    -1.06    1.74
-211839.866   -28.661    -0.57    1.34
-211464.319   -28.714    -0.14    1.59
-211088.760   -28.635     0.21    2.09
-210713.186   -28.279     0.95    2.18
-210337.599   -28.035     0.65    1.78
-209961.998   -28.059    -0.06    2.01
-209586.384   -28.305    -0.65    1.82
-209210.756   -27.854     1.20    2.18
-208835.114   -28.474    -1.65    2.36
-208459.458   -28.566    -0.24    2.24
-208083.789   -28.450     0.31    2.30
-207708.107   -28.852    -1.07    2.18
-207332.410   -28.687     0.44    2.03
-206956.700   -29.181    -1.32    2.15
-206580.976   -29.578    -1.05    1.78
-206205.239   -30.059    -1.28    1.45
-205829.487   -30.352    -0.78    1.46
-205453.723   -30.447    -0.25    1.40
-205077.944   -30.603    -0.41    1.60
-204702.152   -30.937    -0.89    1.43
-204326.346   -30.947    -0.02    1.41
-203950.526   -30.804     0.38    1.53
-203574.693   -30.816    -0.03    1.42
-203198.845   -30.804     0.03    1.33
-202822.984   -30.780     0.06    1.27
-202447.110   -30.816    -0.09    0.93
-202071.222   -30.852    -0.10    1.11
-201695.320   -30.742     0.29    1.28
-201319.404   -30.566     0.47    1.34
-200943.474   -30.523     0.11    1.29
-200567.531   -30.494     0.08    1.32
-200191.574   -30.678    -0.49    1.29
-199815.603   -31.066    -1.03    1.23
-199439.619   -31.428    -0.96    1.45
-199063.621   -31.399     0.08    1.47
-198687.608   -31.161     0.63    1.67
-198311.583   -31.049     0.30    1.71
-197935.543   -30.852     0.52    1.78
-197559.490   -30.789     0.17    1.54
-197183.423   -30.510     0.74    1.45
-196807.342   -29.694     2.17    1.96
-196431.247   -28.956     1.96    2.40
-196055.139   -28.230     1.93    2.37
-195679.017   -28.091     0.37    2.17
-195302.881   -27.805     0.76    2.49
-194926.731   -28.303    -1.32    2.37
-194550.568   -28.718    -1.10    2.27
-194174.390   -28.645     0.19    2.27
-193798.199   -29.148    -1.34    1.75
-193421.994   -28.646     1.34    1.90
-193045.775   -28.071     1.53    2.06
-192669.543   -26.913     3.08    2.74
-192293.296   -27.256    -0.91    2.81
-191917.036   -27.253     0.01    3.20
-191540.762   -27.305    -0.14    3.43
-191164.474   -28.433    -3.00    2.78
-190788.173   -28.645    -0.56    2.77
-190411.857   -28.723    -0.21    2.39
-190035.528   -28.450     0.73    2.52
-189659.185   -28.305     0.38    2.60
-189282.828   -28.712    -1.08    2.80
-188906.457   -29.185    -1.26    2.31
-188530.072   -28.979     0.55    2.49
-188153.674   -28.423     1.48    2.57
-187777.261   -28.137     0.76    2.63
-187400.835   -28.302    -0.44    2.55
-187024.395   -28.971    -1.78    1.81
-186647.941   -29.279    -0.82    1.87
-186271.473   -29.899    -1.65    1.77
-185894.991   -30.572    -1.79    1.20
-185518.496   -30.728    -0.41    1.26
-185141.986   -30.596     0.35    1.28
-184765.463   -30.528     0.18    1.45
-184388.926   -30.596    -0.18    1.53
-184012.374   -30.474     0.32    1.41
-183635.809   -30.637    -0.43    1.41
-183259.231   -30.816    -0.47    1.21
-182882.638   -30.923    -0.29    1.11
-182506.031   -30.889     0.09    1.32
-182129.410   -30.756     0.35    1.40
-181752.776   -30.399     0.95    1.54
-181376.127   -30.281     0.31    1.63
-180999.465   -29.899     1.01    1.56
-180622.789   -29.613     0.76    2.00
-180246.099   -28.913     1.86    2.68
-179869.394   -28.962    -0.13    2.84
-179492.676   -28.447     1.37    3.37
-179115.944   -28.596    -0.40    3.32
-178739.198   -29.137    -1.44    2.93
-178362.439   -29.791    -1.74    2.37
-177985.665   -29.828    -0.10    1.77
-177608.877   -29.852    -0.06    1.74
-177232.075   -29.620     0.61    2.40
-176855.260   -29.108     1.36    2.41
-176478.430   -28.971     0.37    2.72
-176101.587   -29.181    -0.56    2.81
-175724.729   -29.687    -1.34    2.39
-175347.858   -30.471    -2.08    1.80
-174970.972   -30.962    -1.30    1.65
-174594.073   -31.113    -0.40    1.66
-174217.159   -31.378    -0.70    1.58
-173840.232   -31.380    -0.01    1.52
-173463.290   -31.398    -0.05    1.64
-173086.335   -31.059     0.90    1.79
-172709.366   -30.889     0.45    1.86
-172334.697   -31.547    -1.76    2.13
-171960.479   -31.917    -0.99    2.06
-171586.248   -32.146    -0.61    2.25
-171212.004   -31.994     0.40    2.12
-170837.745   -31.828     0.45    1.88
-170463.473   -31.852    -0.06    1.69
-170089.187   -31.913    -0.16    1.67
-169714.887   -32.146    -0.62    1.37
-169340.573   -32.222    -0.20    1.20
-168966.245   -32.055     0.45    1.40
-168591.904   -32.078    -0.06    1.46
-168217.549   -32.280    -0.54    1.50
-167843.180   -32.303    -0.06    1.51
-167468.797   -32.302     0.00    1.27
-167094.400   -31.873     1.15    1.25
-166719.990   -31.565     0.82    1.34
-166345.565   -31.178     1.03    1.44
-165971.127   -31.113     0.17    1.54
-165596.675   -31.230    -0.31    1.66
-165222.210   -31.209     0.06    1.71
-164847.730   -31.046     0.44    1.59
-164473.236   -30.718     0.87    1.50
-164098.729   -30.553     0.44    1.44
-163724.208   -30.185     0.98    1.79
-163349.673   -29.962     0.60    1.84
-162975.124   -30.042    -0.21    1.58
-162600.561   -30.059    -0.05    1.64
-162225.984   -30.428    -0.98    1.37
-161851.394   -30.352     0.20    1.46
-161476.790   -29.971     1.02    1.90
-161102.171   -29.685     0.76    2.06
-160727.539   -28.899     2.10    2.11
-160352.893   -29.011    -0.30    1.92
-159978.233   -28.979     0.08    2.00
-159603.559   -29.425    -1.19    1.89
-159228.872   -30.133    -1.89    1.50
-158854.170   -30.653    -1.39    1.72
-158479.455   -31.011    -0.96    1.40
-158104.725   -30.937     0.20    1.43
-157729.982   -30.971    -0.09    1.41
-157355.225   -30.852     0.32    1.33
-156980.454   -30.749     0.27    1.15
-156605.669   -31.169    -1.12    0.94
-156230.870   -31.377    -0.55    0.77
-155856.057   -31.352     0.07    0.99
-155481.230   -31.157     0.52    1.09
-155106.389   -30.584     1.53    1.63
-154731.535   -30.169     1.11    1.85
-154356.666   -29.738     1.15    1.80
-153981.784   -29.685     0.14    1.79
-153606.887   -30.118    -1.16    1.58
-153231.977   -30.528    -1.09    1.36
-152857.052   -31.146    -1.65    1.33
-152482.114   -31.644    -1.33    0.87
-152107.162   -31.863    -0.58    0.93
-151732.195   -31.947    -0.22    0.91
-151357.215   -31.780     0.44    1.25
-150982.221   -30.328     3.87    2.42
-150607.213   -29.405     2.46    2.68
-150232.191   -28.863     1.45    2.45
-149857.155   -28.928    -0.17    2.45
-149482.104   -29.206    -0.74    1.96
-149107.040   -29.791    -1.56    1.99
-148731.962   -29.767     0.07    1.92
-148356.870   -29.518     0.66    1.98
-147981.764   -28.937     1.55    2.41
-147606.644   -28.937     0.00    2.44
-147231.510   -29.280    -0.91    2.33
-146856.362   -29.328    -0.13    2.36
-146481.200   -29.913    -1.56    2.40
-146106.024   -29.947    -0.09    2.20
-145730.834   -30.108    -0.43    2.19
-145355.630   -30.503    -1.05    2.31
-144980.412   -30.661    -0.42    2.40
-144605.179   -30.304     0.95    2.32
-144229.933   -30.049     0.68    2.04
-143854.673   -30.113    -0.17    1.98
-143479.399   -30.280    -0.44    2.00
-143104.110   -30.669    -1.04    2.38
-142728.808   -30.685    -0.04    2.63
-142353.492   -30.694    -0.02    2.17
-141978.161   -30.780    -0.23    2.09
-141602.817   -30.352     1.14    1.82
-141227.458   -30.066     0.76    1.71
-140852.086   -29.889     0.47    1.95
-140476.699   -29.875     0.04    1.53
-140101.298   -29.503     0.99    1.91
-139725.884   -29.375     0.34    1.81
-139350.455   -28.694     1.82    1.92
-138975.012   -28.374     0.85    1.88
-138599.555   -28.709    -0.89    1.99
-138224.084   -29.251    -1.44    2.42
-137848.598   -29.805    -1.48    2.15
-137473.099   -29.352     1.21    2.99
-137097.586   -29.899    -1.46    3.21
-136722.058   -28.620     3.40    3.49
-136346.517   -28.222     1.06    3.43
-135970.961   -27.760     1.23    3.19
-135595.391   -27.687     0.19    2.25
-135219.807   -28.066    -1.01    1.81
-134844.209   -28.281    -0.57    1.81
-134468.597   -28.553    -0.72    1.58
-134092.971   -28.510     0.11    1.69
-133717.331   -28.380     0.34    1.82
-133341.676   -28.979    -1.59    2.06
-132966.007   -29.423    -1.18    2.13
-132590.325   -29.732    -0.82    2.01
-132214.628   -29.623     0.29    1.62
-131838.917   -29.251     0.99    1.49
-131463.192   -29.146     0.28    1.62
-131087.452   -29.153    -0.02    1.55
-130711.699   -29.542    -1.04    1.46
-130335.931   -29.352     0.51    1.49
-129960.149   -28.815     1.43    2.02
-129584.353   -27.956     2.29    1.79
-129208.543   -27.678     0.74    1.83
-128832.719   -27.352     0.87    1.93
-128456.880   -27.206     0.39    1.83
-128081.028   -26.840     0.97    1.98
-127705.161   -26.542     0.79    1.89
-127329.280   -26.157     1.02    1.63
-126953.385   -25.596     1.49    1.41
-126577.475   -25.399     0.52    1.50
-126201.552   -25.157     0.64    1.39
-125825.614   -25.113     0.12    1.47
-125449.662   -24.923     0.51    1.70
-125073.696   -24.378     1.45    1.84
-124697.715   -24.108     0.72    2.01
-124321.721   -24.161    -0.14    1.95
-123945.712   -23.971     0.51    1.94
-123569.689   -23.709     0.70    1.89
-123193.652   -22.864     2.25    2.41
-122817.600   -21.937     2.46    2.47
-122441.534   -21.694     0.65    2.43
-122065.454   -21.444     0.66    2.32
-121689.360   -17.886     9.46   12.00
-121313.252   -12.328    14.78   18.40
-120937.129    -8.352    10.57   18.52
-120560.992    -1.399    18.48   19.13
-120184.841    12.453    36.82   32.10
-119808.676    29.745    45.97   39.25
-119432.496    33.794    10.76   38.74
-119056.302    27.697   -16.21   38.85
-118680.094     9.982   -47.08   33.01
-118303.871    -3.840   -36.73   12.94
-117927.635     4.101    21.10   18.84
-117551.384    18.947    39.46   27.62
-117175.118    41.380    59.61   36.09
-116798.839    87.623   122.89   81.89
-116422.545   146.672   156.91  100.43
-116046.237   250.196   275.08  132.50
-115669.914   362.826   299.26  133.82
-115293.578   445.172   218.79  126.38
-114917.227   498.111   140.65  107.12
-114540.861   537.934   105.80  131.02
-114164.482   613.648   201.14  165.75
-113788.088   717.909   276.98  203.13
-113411.680   856.218   367.41  187.26
-113035.257   968.390   297.97  109.87
-112658.820  1029.184   161.48   60.22
-112282.369  1058.244    77.19   58.79
-111905.904  1061.441     8.49   61.24
-111529.424  1032.127   -77.86   77.65
-111152.930   986.929  -120.04   88.10
-110776.421   906.291  -214.15  100.38
-110399.898   803.114  -274.00  143.56
-110023.361   695.553  -285.63  167.10
-109646.809   560.172  -359.50  159.75
-109270.244   472.778  -232.06  101.70
-108893.663   452.309   -54.35   87.17
-108517.069   490.965   102.64  132.79
-108140.460   578.323   231.94  164.35
-107763.836   646.125   180.01  152.39
-107387.199   663.159    45.22  131.81
-107010.547   612.490  -134.51  143.36
-106633.880   514.122  -261.13  140.59
-106257.199   461.254  -140.34  101.61
-105880.504   465.268    10.65   99.76
-105503.795   505.698   107.32  138.13
-105127.071   536.195    80.95  145.04
-104750.332   556.595    54.15  131.88
-104373.579   568.648    31.99  121.72
-103996.812   610.892   112.11  139.97
-103620.031   669.087   154.44  147.55
-103243.235   720.377   136.11  152.45
-102866.424   735.541    40.24  154.68
-102489.600   715.233   -53.89  152.35
-102112.760   714.791    -1.17  131.28
-101735.907   736.136    56.63  108.33
-101359.039   778.354   112.02  109.72
-100982.156   824.570   122.62  113.87
-100605.259   907.053   218.83  124.31
-100228.348   996.556   237.44  142.17
 -99851.422  1044.770   127.90  146.11
 -99474.482  1124.934   212.65  147.17
 -99097.527  1168.006   114.25  147.49
 -98720.558  1209.410   109.83  127.19
 -98343.574  1240.697    82.98  105.25
 -97966.576  1284.101   115.12   97.21
 -97589.564  1320.315    96.05   80.39
 -97215.363  1349.047    76.78   66.16
 -96841.200  1376.306    72.85   31.27
 -96467.022  1371.380   -13.17   32.23
 -96092.830  1359.291   -32.30   27.31
 -95718.623  1347.101   -32.57   20.60
 -95344.403  1340.815   -16.80   12.55
 -94970.168  1343.718     7.76   15.50
 -94595.918  1349.789    16.22   16.09
 -94221.655  1353.550    10.05   15.91
 -93847.377  1357.722    11.15   13.69
 -93473.085  1358.989     3.39   10.97
 -93098.779  1360.091     2.94    9.34
 -92724.459  1362.958     7.66   12.41
 -92350.124  1361.077    -5.02   13.04
 -91975.775  1359.428    -4.40   15.26
 -91601.412  1359.233    -0.52   14.46
 -91227.034  1358.372    -2.30   13.91
 -90852.642  1359.091     1.92   13.96
 -90478.236  1363.722    12.37   16.51
 -90103.816  1367.839    10.99   18.97
 -89729.381  1376.958    24.35   18.29
 -89354.932  1385.768    23.52   13.53
 -88980.468  1392.696    18.50   10.48
 -88605.991  1395.493     7.47   14.29
 -88231.499  1397.172     4.48   16.81
 -87856.992  1399.697     6.74   18.68
 -87482.472  1404.975    14.09   18.79
 -87107.937  1411.550    17.56   19.57
 -86733.387  1414.236     7.17   19.27
 -86358.824  1415.627     3.71   17.87
 -85984.246  1416.390     2.04   20.02
 -85609.654  1412.696    -9.86   23.79
 -85235.047  1390.127   -60.24   55.31
 -84860.426  1342.397  -127.40   86.77
 -84485.791  1289.627  -140.85   83.61
 -84111.141  1260.725   -77.14   60.93
 -83736.477  1270.230    25.37   61.10
 -83361.799  1298.277    74.85   58.38
 -82987.106  1311.958    36.51   57.84
 -82612.399  1332.244    54.13   47.94
 -82237.677  1346.313    37.54   27.23
 -81862.942  1336.207   -26.97   32.31
 -81488.191  1325.022   -29.84   32.14
 -81113.427  1317.258   -20.72   28.54
 -80738.648  1310.721   -17.44   22.85
 -80363.854  1307.428    -8.78   19.82
 -79989.047  1306.648    -2.08   17.17
 -79614.225  1304.623    -5.40   18.41
 -79239.388  1307.672     8.13   21.92
 -78864.537  1318.648    29.28   27.65
 -78489.672  1326.172    20.07   28.69
 -78114.792  1331.477    14.15   27.72
 -77739.898  1337.744    16.71   21.29
 -77364.989  1332.196   -14.80   22.26
 -76990.066  1324.291   -21.08   20.95
 -76615.129  1322.815    -3.94   19.30
 -76240.177  1320.625    -5.84   14.29
 -75865.211  1320.044    -1.55   13.66
 -75490.230  1317.114    -7.81   18.35
 -75115.235  1310.768   -16.92   23.49
 -74740.225  1298.196   -33.52   26.85
 -74365.201  1289.982   -21.90   24.54
 -73990.163  1287.029    -7.87   17.88
 -73615.110  1289.172     5.71   17.76
 -73240.043  1287.477    -4.52   17.54
 -72864.961  1274.458   -34.71   24.57
 -72489.865  1256.768   -47.16   26.30
 -72114.754  1232.148   -65.63   35.11
 -71739.629  1218.097   -37.46   28.23
 -71364.489  1208.910   -24.49   25.39
 -70989.335  1198.087   -28.85   29.37
 -70614.166  1187.387   -28.52   32.67
 -70238.983  1166.101   -56.73   38.07
 -69863.786  1153.622   -33.26   41.04
 -69488.574  1185.718    85.53   71.52
 -69113.347  1256.083   187.52  104.60
 -68738.106  1342.315   229.79  105.68
 -68362.850  1422.577   213.87   79.70
 -67987.580  1452.975    81.00   54.90
 -67612.296  1456.240     8.70   49.85
 -67236.997  1426.083   -80.35   63.25
 -66861.683  1375.990  -133.46   85.35
 -66486.355  1294.387  -217.41  104.36
 -66111.012  1238.509  -148.86   83.41
 -65735.655  1192.268  -123.19   63.44
 -65360.284  1160.544   -84.51   59.38
 -64984.897  1148.627   -31.74   58.45
 -64609.497  1136.518   -32.25   51.57
 -64234.081  1136.172    -0.92   38.71
 -63858.652  1118.553   -46.93   35.48
 -63483.207  1111.954   -17.58   35.41
 -63107.748  1112.445     1.31   37.40
 -62732.275  1125.409    34.53   58.78
 -62356.787  1155.428    79.94   59.84
 -61981.284  1186.928    83.88   57.07
 -61605.767  1215.965    77.32   60.40
 -61230.236  1215.445    -1.38   62.26
 -60854.689  1223.929    22.59   59.19
 -60479.129  1220.577    -8.92   55.28
 -60103.553  1190.791   -79.30   42.21
 -59727.963  1161.577   -77.78   50.27
 -59352.359  1129.839   -84.49   55.68
 -58976.739  1085.597  -117.78   71.98
 -58601.106  1024.789  -161.88   74.62
 -58225.457   978.022  -124.49   71.34
 -57849.794   942.233   -95.26   60.49
 -57474.117   906.815   -94.27   39.42
 -57098.425   900.697   -16.29   33.70
 -56722.718   908.291    20.21   25.81
 -56346.997   897.077   -29.85   34.78
 -55971.261   878.916   -48.33   49.33
 -55595.510   850.791   -74.85   62.08
 -55219.745   816.458   -91.37   71.98
 -54843.965   764.648  -137.87   83.45
 -54468.171   718.742  -122.15   88.70
 -54092.362   676.172  -113.27   75.05
 -53716.538   643.672   -86.47   53.73
 -53340.700   631.463   -32.48   39.28
 -52964.847   627.839    -9.64   36.58
 -52588.979   612.765   -40.10   26.99
 -52213.097   602.114   -28.34   28.27
 -51837.200   590.148   -31.83   26.05
 -51461.288   570.550   -52.13   30.75
 -51085.362   554.148   -43.63   30.18
 -50709.421   543.577   -28.12   35.64
 -50333.465   534.975   -22.88   38.90
 -49957.495   526.815   -21.70   38.57
 -49581.510   515.835   -29.20   40.48
 -49205.510   502.148   -36.40   41.42
 -48829.496   484.934   -45.78   34.97
 -48453.467   469.172   -41.92   30.54
 -48077.423   456.477   -33.76   32.60
 -47701.365   426.553   -79.57   56.77
 -47325.292   385.220  -109.90   85.08
 -46949.204   307.577  -206.44  110.05
 -46573.101   209.453  -260.89  114.40
 -46196.984   133.339  -202.36   91.88
 -45820.852    81.282  -138.40   57.63
 -45444.706    66.428   -39.49   35.59
 -45068.544    62.258   -11.09   38.77
 -44692.368    59.522    -7.27   37.99
 -44316.177    48.975   -28.04   32.33
 -43939.972    40.922   -21.40   16.18
 -43563.752    53.815    34.27   37.30
 -43187.517    70.529    44.42   47.54
 -42811.267    71.458     2.47   46.85
 -42435.003    58.220   -35.18   45.56
 -42058.723    42.698   -41.25   37.59
 -41682.429    29.718   -34.49   16.11
 -41306.121    26.458    -8.66   11.72
 -40929.797    35.254    23.37   30.65
 -40553.459    46.101    28.82   38.77
 -40177.106    61.514    40.95   45.48
 -39800.738    84.286    60.50   52.95
 -39424.355    90.672    16.97   51.30
 -39047.958    79.812   -28.85   52.69
 -38671.546    68.697   -29.53   52.06
 -38295.119    50.775   -47.61   38.78
 -37918.677    35.013   -41.87   19.96
 -37542.221    27.467   -20.04   14.22
 -37165.750    22.172   -14.06    3.13
 -36789.264    20.905    -3.37    2.95
 -36412.763    19.572    -3.54    4.15
 -36036.247    17.536    -5.41    4.45
 -35659.717    16.014    -4.04    4.43
 -35283.171    14.900    -2.96    3.58
 -34906.611    14.315    -1.55    3.45
 -34530.036    15.006     1.83    3.39
 -34153.447    15.150     0.38    3.74
 -33776.842    14.672    -1.27    3.33
 -33400.223    14.400    -0.72    3.21
 -33023.588    13.458    -2.50    2.67
 -32646.939    12.905    -1.47    2.82
 -32270.275    12.230    -1.79    2.73
 -31893.597    11.929    -0.80    2.74
 -31516.903    12.150     0.59    2.75
 -31140.195    12.441     0.78    2.84
 -30763.471    11.720    -1.92    2.50
 -30386.733    11.477    -0.64    2.62
 -30009.980    12.047     1.51    2.71
 -29633.212    11.559    -1.30    3.18
 -29256.429    11.620     0.16    3.30
 -28879.632    10.380    -3.29    3.69
 -28502.819     9.719    -1.75    3.00
 -28125.992    10.063     0.91    3.30
 -27749.149     9.286    -2.06    3.19
 -27372.292     9.031    -0.68    3.15
 -26995.420     8.244    -2.09    2.72
 -26618.533    12.091    10.21   13.64
 -26241.631    30.006    47.53   37.32
 -25864.715    46.029    42.51   42.55
 -25487.783    46.262     0.62   41.86
 -25110.836    34.863   -30.24   41.20
 -24733.875    12.428   -59.51   17.84
 -24356.898     5.363   -18.74    4.43
 -23979.907     4.006    -3.60    2.26
 -23602.901     4.697     1.83    2.77
 -23225.880     5.044     0.92    2.82
 -22848.844     4.797    -0.66    2.80
 -22472.163     4.355    -1.17    2.75
 -22098.063     3.887    -1.25    2.38
 -21723.948     3.625    -0.70    2.38
 -21349.818     3.696     0.19    2.24
 -20975.674     3.812     0.31    2.20
 -20601.515     3.770    -0.11    2.47
 -20227.341     3.910     0.38    2.38
 -19853.152     3.277    -1.69    2.25
 -19478.949     2.791    -1.30    1.71
 -19104.731     2.370    -1.13    1.57
 -18730.498     2.068    -0.81    1.61
 -18356.251     2.268     0.53    1.55
 -17981.989     2.136    -0.35    1.55
 -17607.712     2.306     0.46    1.44
 -17233.421     2.196    -0.29    1.27
 -16859.114     2.029    -0.45    1.48
 -16484.793     2.453     1.13    2.13
 -16110.457     2.789     0.90    2.29
 -15736.107     3.006     0.58    2.49
 -15361.742     2.934    -0.19    2.40
 -14987.361     2.380    -1.48    2.10
 -14612.967     2.053    -0.87    1.95
 -14238.557     2.087     0.09    1.88
 -13864.133     2.553     1.25    1.70
 -13489.694     2.892     0.90    1.57
 -13115.240     3.297     1.08    1.60
 -12740.771     3.513     0.58    1.78
 -12366.287     3.570     0.15    1.80
 -11991.789     3.601     0.08    1.67
 -11617.276     4.553     2.54    2.20
 -11242.748     4.928     1.00    2.12
 -10868.206     4.928     0.00    2.02
 -10493.648     4.856    -0.19    1.71
 -10119.076     5.059     0.54    2.17
  -9744.489     4.622    -1.16    2.73
  -9369.887     4.150    -1.26    2.73
  -8995.270     3.839    -0.83    2.79
  -8620.639     2.698    -3.05    2.39
  -8245.992     3.059     0.96    2.26
  -7871.331     3.595     1.43    1.88
  -7496.655     3.148    -1.19    2.31
  -7121.964     1.975    -3.13    3.05
  -6747.259     1.196    -2.08    3.17
  -6372.538     0.854    -0.91    3.31
  -5997.803     1.211     0.95    3.41
  -5623.053     1.945     1.96    3.67
  -5248.288     2.331     1.03    3.39
  -4873.508     1.789    -1.45    2.82
  -4498.713     0.791    -2.66    3.59
  -4123.903    -0.401    -3.18    3.39
  -3749.079    -1.691    -3.44    2.93
  -3374.239    -2.453    -2.03    2.36
  -2999.385    -3.011    -1.49    1.54
  -2624.516    -2.723     0.77    1.58
  -2249.632    -1.377     3.59    2.73
  -1874.733    -0.630     1.99    2.61
  -1499.819     0.306     2.50    2.64
  -1124.891    -0.066    -0.99    2.90
   -749.947    -1.206    -3.04    2.84
   -374.989    -1.025     0.48    3.70
     -0.015     0.053     2.88    4.53
    374.973     1.791     4.64    4.46
    749.976     3.477     4.50    3.20
   1124.994     3.148    -0.88    2.09
   1500.027     2.506    -1.71    1.71
   1875.075     2.858     0.94    2.18
   2250.138     3.744     2.36    2.63
   2625.216     4.696     2.54    2.42
   3000.309     5.137     1.18    2.42
   3375.416     3.965    -3.13    2.65
   3750.539     2.397    -4.18    2.29
   4125.676     1.553    -2.25    1.98
   4500.829     1.230    -0.86    1.53
   4875.996     1.127    -0.28    1.32
   5251.179     1.101    -0.07    1.50
   5626.376     1.291     0.51    1.48
   6001.588     1.244    -0.13    1.40
   6376.816     1.209    -0.09    1.40
   6752.058     1.599     1.04    1.62
   7127.315     3.077     3.94    3.24
   7502.587     3.648     1.52    3.33
   7877.875     4.184     1.43    3.31
   8253.177     4.029    -0.41    3.27
   8628.494     2.863    -3.11    2.83
   9003.826     1.847    -2.71    2.18
   9379.173     1.649    -0.53    1.47
   9754.535     1.575    -0.20    1.53
  10129.912     1.458    -0.31    1.42
  10505.304     1.601     0.38    1.81
  10880.712     1.547    -0.14    1.91
  11256.134     1.672     0.33    2.03
  11631.571     1.197    -1.27    1.48
  12007.023     1.077    -0.32    1.52
  12382.490     1.244     0.44    1.70
  12757.972     1.148    -0.25    1.76
  13133.470     1.127    -0.06    1.47
  13508.982     0.724    -1.07    1.61
  13884.509     0.309    -1.10    1.46
  14260.052     0.148    -0.43    1.29
  14635.609     0.626     1.27    1.70
  15011.182     1.148     1.39    1.86
  15386.769     2.172     2.73    1.98
  15762.372     2.286     0.30    1.75
  16137.989     2.954     1.78    1.81
  16513.622     2.982     0.07    1.60
  16889.270     3.044     0.17    1.69
  17264.933     2.903    -0.38    1.42
  17640.610     2.945     0.11    1.72
  18016.303     3.544     1.59    2.00
  18392.012     3.740     0.52    2.11
  18767.735     3.998     0.69    2.03
  19143.473     4.021     0.06    1.90
  19519.226     4.309     0.77    2.06
  19894.995     3.954    -0.94    1.79
  20270.778     4.013     0.16    1.63
  20646.577     3.572    -1.17    1.77
  21022.391     3.207    -0.97    1.67
  21398.219     2.934    -0.73    1.73
  21774.063     3.570     1.69    1.70
  22149.922     4.104     1.42    1.73
  22525.797     4.856     2.00    1.90
  22901.686     4.941     0.22    2.01
  23277.590     4.696    -0.65    1.92
  23653.510     4.526    -0.45    1.92
  24029.445     4.150    -1.00    1.78
  24405.395     4.185     0.09    1.73
  24781.360     3.863    -0.86    1.84
  25157.340     3.928     0.17    1.79
  25533.335     4.291     0.97    2.04
  25909.346     4.268    -0.06    2.31
  26285.371     4.672     1.08    2.31
  26661.412     4.789     0.31    2.61
  27037.468     5.047     0.69    2.57
  27413.539     5.672     1.66    2.50
  27789.625     6.315     1.71    2.75
  28165.727     6.550     0.63    2.65
  28541.844     6.387    -0.44    2.64
  28917.975     6.355    -0.08    2.95
  29294.123     5.696    -1.75    2.55
  29670.285     5.529    -0.44    2.03
  30046.462     5.529     0.00    2.10
  30422.655     5.602     0.19    1.87
  30798.863     6.137     1.42    2.03
  31175.086     6.506     0.98    2.08
  31551.324     7.148     1.71    2.38
  31927.577     7.882     1.95    2.14
  32303.846     7.744    -0.37    2.32
  32680.130     8.021     0.74    2.26
  33056.429     8.220     0.53    2.31
  33432.743     8.575     0.94    2.52
  33809.073     8.934     0.96    2.45
  34185.418     9.184     0.66    2.72
  34561.778    10.006     2.18    2.65
  34938.153    10.137     0.35    2.72
  35314.544     9.765    -0.99    2.58
  35690.950     9.815     0.13    2.14
  36067.371    10.553     1.96    2.72
  36443.807    11.410     2.28    2.90
  36820.259    12.114     1.87    2.89
  37196.726    12.765     1.73    2.73
  37573.208    12.623    -0.38    2.30
  37949.705    13.101     1.27    2.19
  38326.218    13.220     0.32    2.35
  38702.746    13.626     1.08    3.04
  39079.289    13.740     0.30    2.95
  39455.847    14.416     1.80    2.82
  39832.421    14.858     1.17    2.58
  40209.010    14.819    -0.11    2.63
  40585.615    15.387     1.51    2.58
  40962.235    15.720     0.89    2.63
  41338.870    16.021     0.80    2.20
  41715.520    16.648     1.67    1.83
  42092.186    17.300     1.73    2.48
  42468.867    17.720     1.11    2.54
  42845.563    17.363    -0.95    2.53
  43222.275    17.440     0.20    2.46
  43599.002    17.387    -0.14    2.42
  43975.744    18.625     3.29    3.68
  44352.501    20.989     6.28    5.04
  44729.274    23.509     6.69    5.23
  45106.063    25.928     6.42    5.50
  45482.866    27.910     5.26    5.20
  45859.686    29.672     4.68    5.46
  46236.520    31.626     5.18    5.50
  46613.370    33.101     3.91    5.64
  46990.235    32.233    -2.30    7.03
  47367.115    31.077    -3.07    7.22
  47744.011    30.172    -2.40    6.26
  48120.922    30.601     1.14    5.64
  48497.849    32.068     3.89    4.92
  48874.791    32.887     2.17    4.50
  49251.748    33.482     1.58    3.90
  49628.721    33.291    -0.51    3.13
  50005.709    33.053    -0.63    3.04
  50382.713    32.463    -1.57    3.18
  50759.732    32.649     0.49    3.23
  51136.766    33.244     1.58    3.16
  51513.816    34.575     3.53    3.52
  51890.881    35.812     3.28    3.92
  52267.962    36.721     2.41    4.42
  52644.254    38.137     3.76    4.89
  53018.303    39.196     2.83    5.17
  53392.367    40.897     4.55    4.89
  53766.446    40.877    -0.05    3.98
  54140.540    40.747    -0.35    3.46
  54514.650    40.887     0.37    2.88
  54888.774    41.982     2.93    3.56
  55262.914    42.998     2.72    3.71
  55637.069    44.649     4.41    4.07
  56011.239    46.356     4.56    4.10
  56385.425    46.650     0.78    4.15
  56759.625    47.822     3.13    3.74
  57133.841    49.233     3.77    4.06
  57508.072    51.486     6.02    4.37
  57882.318    52.547     2.84    5.00
  58256.580    52.968     1.12    5.09
  58630.856    52.108    -2.30    4.89
  59005.148    51.990    -0.31    4.66
  59379.455    52.125     0.36    4.45
  59753.777    51.230    -2.39    4.46
  60128.115    51.835     1.62    4.09
  60502.468    51.800    -0.09    3.75
  60876.836    53.695     5.06    6.81
  61251.219    58.929    13.98   11.42
  61625.617    66.277    19.63   14.32
  62000.031    81.486    40.62   24.70
  62374.460   111.623    80.49   47.77
  62748.904   170.377   156.92   82.52
  63123.364   235.980   175.20  100.45
  63497.838   313.463   206.92   99.31
  63872.329   371.556   155.13   79.55
  64246.834   407.434    95.81  106.80
  64621.354   437.410    80.04  134.89
  64995.890   449.122    31.27  115.90
  65370.441   469.104    53.35  110.28
  65745.008   481.722    33.69  120.83
  66119.589   533.006   136.92  145.82
  66494.186   615.315   219.74  137.77
  66868.799   677.526   166.08  132.45
  67243.426   712.044    92.15  131.83
  67618.069   673.742  -102.24  136.81
  67992.727   616.148  -153.73  161.19
  68367.401   523.291  -247.85  153.23
  68742.090   446.300  -205.49  119.75
  69116.794   369.858  -204.02   84.92
  69491.513   315.044  -146.29  104.92
  69866.248   255.300  -159.44  113.26
  70240.998   241.387   -37.13  123.88
  70615.763   250.363    23.95  152.67
  70990.544   295.502   120.45  191.95
  71365.340   309.910    38.45  164.85
  71740.152   280.765   -77.76  144.02
  72114.979   233.137  -127.07  113.31
  72489.821   206.172   -71.94   85.70
  72864.678   220.941    39.40  105.59
  73239.551   270.458   132.10  145.49
  73614.439   341.463   189.41  175.24
  73989.343   383.104   111.08  194.18
  74364.262   411.696    76.26  204.45
  74739.196   423.463    31.39  206.79
  75114.146   394.882   -76.23  184.68
  75489.111   356.434  -102.54  148.06
  75864.092   328.387   -74.80  127.76
  76239.088   306.765   -57.66  126.41
  76614.099   311.910    13.72  127.58
  76989.126   324.363    33.21  120.13
  77364.168   347.323    61.23  133.97
  77739.225   374.812    73.30  154.43
  78114.298   390.380    41.51  163.58
  78489.386   380.649   -25.94  153.57
  78864.490   380.526    -0.33  110.77
  79239.609   434.172   143.02  110.66
  79614.744   489.529   147.58  101.55
  79989.894   521.101    84.16   96.63
  80365.059   508.137   -34.56  125.60
  80740.240   454.339  -143.40  140.70
  81115.436   420.742   -89.55  122.34
  81490.648   421.887     3.05  115.32
  81865.875   478.137   149.92  161.68
  82241.118   589.648   297.19  190.98
  82616.376   719.447   345.92  168.19
  82991.650   865.968   390.46  185.64
  83366.939  1004.547   369.29  175.12
  83742.243  1080.768   203.10  122.98
  84117.563  1095.858    40.21  120.96
  84492.899  1071.506   -64.89  146.97
  84868.249  1094.468    61.18  146.54
  85243.616  1134.211   105.89  129.33
  85618.998  1132.740    -3.92  137.28
  85994.395  1193.184   161.02  163.28
  86369.808  1236.556   115.54  168.95
  86745.236  1253.434    44.96  141.36
  87120.680  1224.356   -77.45  156.16
  87496.139  1079.627  -385.50  221.90
  87871.614   866.467  -567.75  221.61
  88247.105   668.928  -526.12  229.01
  88622.610   504.581  -437.70  174.40
  88998.132   445.122  -158.35  127.97
  89373.669   520.036   199.50  198.87
  89749.221   690.330   453.48  227.65
  90124.789   906.422   575.42  261.31
  90500.373  1130.882   597.67  248.53
  90875.972  1313.323   485.77  221.18
  91251.586  1458.172   385.66  197.23
  91627.216  1534.339   202.79  187.37
  92002.862  1554.422    53.47  184.97
  92378.523  1565.697    30.01  195.26
  92754.200  1631.021   173.90  150.03
  93129.892  1685.014   143.73  131.58
  93505.600  1724.947   106.30  126.57
  93881.324  1717.036   -21.06  159.52
  94257.063  1737.435    54.30  172.66
  94632.817  1803.975   177.10  198.89
  95008.588  1918.835   305.69  204.47
  95384.373  2039.863   322.09  202.33
  95760.175  2201.786   430.91  215.89
  96135.992  2353.826   404.59  227.61
  96511.824  2481.513   339.77  197.18
  96887.672  2535.529   143.73  159.46
  97263.536  2516.696   -50.11  157.53
  97639.415  2419.291  -259.16  188.22
  98015.310  2297.867  -323.05  177.12
  98391.221  2143.059  -411.86  172.86
  98767.147  2055.822  -232.08  148.91
  99143.089  2043.148   -33.71  143.11
  99519.046  2090.137   125.00  209.48
  99895.019  2249.404   423.65  269.16
 100271.008  2416.347   444.05  236.05
 100647.012  2476.872   160.98  184.79
 101023.032  2406.863  -186.20  207.08
 101399.068  2242.887  -436.10  221.35
 101775.119  2121.363  -323.18  172.45
 102151.186  2034.672  -230.54  114.26
 102527.269  2009.453   -67.06   89.05
 102903.367  2004.021   -14.44  113.74
 103279.481  2006.297     6.05  148.84
 103655.610  2033.601    72.60  191.85
 104031.756  2086.161   139.74  250.32
 104407.916  2143.982   153.73  265.19
 104784.093  2182.207   101.62  287.01
 105160.285  2211.815    78.71  277.12
 105536.493  2184.975   -71.35  231.61
 105912.717  2132.363  -139.85  200.45
 106288.956  2058.789  -195.57  164.52
 106665.211  1942.053  -310.28  176.98
 107041.482  1823.601  -314.83  182.20
 107417.768  1772.244  -136.50  151.94
 107794.070  1809.268    98.40  195.90
 108170.388  1917.482   287.59  189.22
 108546.722  2018.789   269.22   86.10
 108923.071  2032.458    36.32   98.15
 109299.436  2007.161   -67.22  121.48
 109675.817  2013.744    17.49  134.70
 110052.213  2017.354     9.59  140.36
 110428.626  2038.300    55.65  143.01
 110805.053  2067.839    78.48  150.83
 111181.497  2127.254   157.85  196.92
 111557.957  2243.114   307.79  247.22
 111934.432  2375.601   351.95  256.59
 112310.923  2494.744   316.49  233.82
 112687.429  2587.789   247.15  183.79
 113063.952  2628.696   108.65  163.46
 113440.490  2670.114   110.01  137.18
 113817.044  2700.982    81.98  145.74
 114193.614  2698.839    -5.69  168.76
 114570.199  2756.502   153.13  177.71
 114946.801  2797.081   107.76  166.83
 115323.418  2848.184   135.70  126.93
 115700.051  2865.127    44.99   86.61
 116076.699  2901.696    97.10  123.42
 116453.364  2968.553   177.52  149.31
 116830.044  3025.410   150.96  132.83
 117206.740  3048.882    62.31  120.74
 117583.452  3020.416   -75.57  150.07
 117960.180  3009.672   -28.52  176.42
 118336.923  2993.998   -41.61  158.34
 118713.683  2968.768   -66.97  150.50
 119090.458  2892.077  -203.56  168.83
 119467.249  2848.835  -114.78  138.90
 119844.056  2867.323    49.07  154.82
 120220.879  2874.172    18.18  189.84
 120597.717  2846.393   -73.72  205.58
 120974.571  2761.029  -226.54  200.87
 121351.442  2686.791  -197.01  149.01
 121728.328  2728.742   111.32  167.91
 122105.230  2814.300   227.03  197.65
 122482.147  2929.882   306.68  197.76
 122859.081  3020.529   240.51  194.31
 123236.031  3090.928   186.78  240.01
 123612.996  3156.291   173.41  224.75
 123989.977  3158.835     6.75  221.58
 124366.974  3145.240   -36.06  180.18
 124743.987  3104.137  -109.03  139.26
 125121.016  3104.468     0.88  108.74
 125498.061  3173.428   182.92  157.82
 125875.122  3321.719   393.32  209.95
 126252.198  3486.440   436.88  223.95
 126629.291  3682.150   519.05  220.95
 127006.399  3850.230   445.76  207.83
 127383.523  3998.998   394.52  184.22
 127759.418  4110.148   295.73  144.05
 128133.410  4179.148   184.52  116.93
 128507.418  4214.858    95.49  101.93
 128881.442  4232.172    46.30   74.28
 129255.481  4226.982   -13.88   58.55
 129629.536  4220.604   -17.05   65.16
 130003.607  4237.291    44.61   69.18
 130377.693  4266.502    78.09   89.40
 130751.795  4301.440    93.40   70.22
 131125.913  4298.553    -7.72   79.71
 131500.046  4244.006  -145.81  118.53
 131874.195  4108.230  -362.93  160.77
 132248.360  3977.053  -350.63  171.75
 132622.540  3812.648  -439.42  175.20
 132996.736  3667.916  -386.83  145.71
 133370.948  3569.490  -263.05  137.52
 133745.175  3448.794  -322.56  119.05
 134119.418  3373.696  -200.69  115.64
 134493.677  3297.486  -203.65   91.98
 134867.951  3253.315  -118.03   88.34
 135242.242  3220.172   -88.56  102.14
 135616.547  3230.006    26.27  121.69
 135990.869  3271.422   110.66  151.47
 136365.206  3343.148   191.63  147.28
 136739.559  3379.137    96.15  126.67
 137113.928  3359.463   -52.56  122.67
 137488.313  3303.922  -148.37  109.34
 137862.713  3276.536   -73.16  103.45
 138237.129  3258.980   -46.89  108.93
 138611.561  3295.509    97.57  129.39
 138986.008  3357.230   164.85  119.95
 139360.472  3426.649   185.40   98.78
 139734.951  3481.786   147.25   90.35
 140109.445  3498.672    45.10   82.37
 140483.956  3430.104  -183.11  137.21
 140858.482  3324.233  -282.71  156.28
 141233.024  3207.104  -312.76  127.65
 141607.582  3108.579  -263.07   87.89
 141982.156  3044.749  -170.43   71.97
 142356.745  2976.831  -181.33   80.30
 142731.350  2909.935  -178.60   84.02
 143105.971  2845.309  -172.53   77.09
 143480.608  2773.091  -192.79   71.88
 143855.260  2734.765  -102.31   56.99
 144229.929  2733.440    -3.54   57.09
 144604.613  2770.159    98.01   81.21
 144979.313  2848.195   208.29  102.82
 145354.029  2938.794   241.81  101.04
 145728.760  3034.789   256.20  110.74
 146103.508  3130.347   255.02  103.62
 146478.271  3175.575   120.70   89.38
 146853.050  3176.650     2.87  100.08
 147227.845  3137.493  -104.49  121.43
 147602.655  3043.218  -251.56  126.75
 147977.482  2940.291  -274.63  115.92
 148352.324  2859.626  -215.23  105.61
 148727.183  2796.863  -167.45   64.66
 149102.057  2788.272   -22.92   59.86
 149476.947  2801.536    35.38   78.12
 149851.852  2807.822    16.77   86.49
 150226.774  2791.291   -44.10   87.26
 150601.712  2767.765   -62.75   78.04
 150976.665  2742.892   -66.35   65.35
 151351.634  2724.672   -48.60   70.18
 151726.620  2722.038    -7.03   70.31
 152101.621  2714.363   -20.47   70.95
 152476.637  2709.502   -12.96   74.71
 152851.670  2718.626    24.33   72.96
 153226.719  2739.672    56.12   87.77
 153601.784  2754.220    38.79   93.79
 153976.864  2756.363     5.71  110.28
 154351.960  2737.839   -49.39  115.20
 154727.073  2717.127   -55.22   93.74
 155102.201  2695.117   -58.68   69.43
 155477.345  2685.742   -24.99   59.05
 155852.505  2686.021     0.74   64.35
 156227.681  2685.789    -0.62   71.74
 156602.873  2686.006     0.58   72.60
 156978.081  2700.910    39.73   71.37
 157353.305  2696.742   -11.11   61.25
 157728.544  2720.277    62.73   72.92
 158103.800  2751.323    82.75   98.68
 158479.072  2816.331   173.25  128.55
 158854.359  2915.696   264.80  149.61
 159229.663  3025.339   292.19  149.46
 159604.982  3152.789   339.62  159.09
 159980.318  3289.230   363.57  175.15
 160355.669  3419.905   348.19  170.08
 160731.036  3548.559   342.79  158.88
 161106.420  3634.184   228.13  127.90
 161481.819  3673.626   105.08  136.86
 161857.234  3637.526   -96.17  159.69
 162232.666  3555.928  -217.37  147.74
 162608.113  3498.556  -152.83  140.35
 162983.576  3415.445  -221.39  147.89
 163359.056  3342.533  -194.21  147.79
 163734.551  3251.998  -241.14  151.84
 164110.062  3191.506  -161.12  133.60
 164485.589  3214.416    61.02  111.89
 164861.133  3275.602   162.95  135.86
 165236.692  3388.581   300.87  173.06
 165612.267  3525.533   364.70  174.83
 165987.859  3660.968   360.64  170.01
 166363.466  3789.077   341.12  155.51
 166739.090  3887.887   263.09  142.86
 167114.729  3981.172   248.37  136.44
 167490.385  4034.059   140.80  144.69
 167866.056  4071.300    99.15  139.24
 168241.744  4100.789    78.50  139.72
 168617.447  4143.339   113.27  126.06
 168993.167  4169.627    69.98  115.51
 169368.903  4227.463   153.95  114.51
 169744.655  4263.323    95.45  108.25
 170120.423  4284.029    55.11   97.39
 170496.207  4308.990    66.43  113.65
 170872.007  4340.029    82.61  132.77
 171247.823  4368.306    75.25  149.18
 171623.655  4452.463   223.95  128.79
 171999.503  4507.744   147.10   96.54
 172375.368  4509.815     5.51   93.18
 172751.248  4494.044   -41.96   95.17
 173127.145  4493.021    -2.72  107.88
 173503.058  4503.951    29.08  117.49
 173878.987  4530.339    70.20  110.96
 174254.931  4540.649    27.43  104.59
 174630.892  4506.553   -90.70  120.91
 175006.870  4463.091  -115.62  121.87
 175382.863  4461.719    -3.65  167.07
 175758.872  4498.916    98.94  216.44
 176134.898  4548.696   132.40  204.59
 176510.940  4605.982   152.36  146.09
 176886.997  4606.696     1.90  120.90
 177263.071  4553.077  -142.60  127.64
 177639.161  4471.482  -216.99  133.66
 178015.268  4369.387  -271.49  144.12
 178391.390  4240.233  -343.43  154.90
 178767.529  4119.323  -321.50  171.82
 179143.684  4069.306  -132.99  149.60
 179519.854  4102.649    88.65  193.95
 179896.041  4166.148   168.82  205.31
 180272.245  4186.722    54.70  195.73
 180648.464  4123.195  -168.88  200.96
 181024.700  4081.097  -111.91  164.74
 181400.952  4074.553   -17.40  184.41
 181777.220  4073.339    -3.23  154.76
 182153.504  4034.768  -102.52  136.87
 182529.804  3989.601  -120.05  112.60
 182906.121  3977.965   -30.93  100.08
 183282.454  4001.789    63.31  139.35
 183658.803  4066.916   173.08  162.99
 184035.168  4105.650   102.93  219.61
 184411.549  4074.339   -83.20  225.68
 184787.947  4005.097  -183.99  214.46
 185164.361  3943.195  -164.48  172.34
 185540.791  3904.722  -102.22  120.99
 185917.237  3919.553    39.40  117.26
 186293.700  3966.533   124.81  159.26
 186670.179  4027.506   161.98  200.85
 187046.674  4133.695   282.09  232.95
 187423.185  4237.122   274.74  225.81
 187799.713  4360.649   328.12  242.07
 188176.257  4509.696   395.89  235.04
 188552.817  4617.277   285.74  215.54
 188929.393  4710.148   246.66  191.89
 189305.986  4763.147   140.76  151.05
 189682.595  4775.990    34.11  116.38
 190059.220  4804.843    76.62   91.77
 190435.862  4804.506    -0.90   90.32
 190812.519  4764.905  -105.15  135.04
 191189.193  4710.291  -145.01  172.23
 191565.884  4644.195  -175.49  181.54
 191942.590  4618.822   -67.37  157.18
 192319.313  4619.951     3.00  135.37
 192696.053  4629.244    24.67   96.07
 193072.808  4660.277    82.38   83.13
 193449.580  4699.486   104.08   80.28
 193826.368  4741.247   110.85   87.02
 194203.173  4782.581   109.71   91.39
 194579.994  4826.965   117.80   79.00
 194956.831  4859.882    87.36   81.62
 195333.685  4886.649    71.04   69.41
 195710.554  4917.014    80.58   68.05
 196087.441  4954.263    98.85   80.39
 196464.343  5014.747   160.50   96.41
 196841.262  5066.958   138.54   96.44
 197218.197  5137.839   188.08  101.17
 197595.149  5188.091   133.33   90.09
 197972.117  5257.625   184.49   96.91
 198349.101  5302.355   118.67   98.70
 198726.102  5336.013    89.29   80.12
 199103.119  5356.989    55.65   72.19
 199480.153  5332.150   -65.89   96.09
 199857.203  5302.125   -79.64   98.46
 200234.269  5271.397   -81.50   85.96
 200611.351  5272.966     4.16   78.82
