# NaN NaN NaN ;Mean Elev.(m), Avg Gradient(m/km), RMS Gradient(m/km) - SRTM1     
#    9.915  -0.109   0.757 ;Mean Elev.(m), Avg Gradient(m/km), RMS Gradient(m/km) - ASTER GDEM
#   10.584  -0.176   1.724 ;Mean Elev.(m), Avg Gradient(m/km), RMS Gradient(m/km) - GMTED2010 
  6    10.966 52442.17807358 33.00  89.773776  24.233007 14.525
  6    11.166 52442.17807423 30.91  89.772956  24.229717 14.525
  6    11.027 52442.17807487 25.65  89.772126  24.226427 14.525
  6    10.782 52442.17807551 29.41  89.771306  24.223127 14.525
  6     9.648 52442.17807616 35.09  89.770476  24.219837 14.525
  6     9.796 52442.17807680 37.05  89.769656  24.216537 14.525
  6     9.651 52442.17807745 44.82  89.768827  24.213247 29.486
  6     9.591 52442.17807809 35.13  89.767997  24.209947 29.486
  6     9.475 52442.17807874 33.83  89.767177  24.206657 29.486
  7    11.434 52477.17807100 40.57  89.776257  24.223652 16.095
  7    11.529 52477.17807164 41.88  89.775437  24.220352 16.095
  7    11.495 52477.17807229 39.06  89.774607  24.217062 16.095
  7    11.209 52477.17807293 30.81  89.773787  24.213762 16.095
  7    11.378 52477.17807358 31.28  89.772958  24.210472 32.872
  7    11.450 52477.17807422 34.39  89.772128  24.207172 32.872
  7    11.154 52477.17807487 25.52  89.771308  24.203882 32.872
  7    10.782 52477.17807551 24.59  89.770478  24.200592 32.872
  7    10.549 52477.17807616 27.39  89.769658  24.197292 32.872
  8    11.424 52512.17802010 47.66  89.782462  24.202972 27.642
  8    11.408 52512.17802075 44.10  89.781632  24.199682 27.642
  8    11.396 52512.17802139 52.88  89.780812  24.196382 27.642
  8    11.379 52512.17802203 37.26  89.779982  24.193092 27.642
  9    10.533 52547.17805313 26.88  89.779577  24.208379 16.637
  9    10.291 52547.17805378 33.63  89.778747  24.205089 16.637
  9    10.306 52547.17805442 35.94  89.777917  24.201799 16.637
  9    10.526 52547.17805507 29.84  89.777097  24.198499 16.637
  9    10.372 52547.17805571 23.03  89.776267  24.195209 16.637
  9    10.097 52547.17805636 19.50  89.775447  24.191909 16.637
 10     7.545 52582.17806404 36.90  89.779866  24.210595 26.280
 10     8.916 52582.17806468 25.55  89.779046  24.207295 26.280
 10     8.616 52582.17806533 26.64  89.778216  24.204005 26.280
 10     8.695 52582.17806597 29.06  89.777396  24.200705 26.280
 10     8.037 52582.17806662 33.85  89.776566  24.197415 26.280
 10     7.534 52582.17806726 34.66  89.775746  24.194115 26.280
 11     8.893 52617.17803328 22.41  89.775970  24.226315 21.851
 11     8.860 52617.17803392 28.71  89.775140  24.223015 21.851
 11     8.668 52617.17803457 27.62  89.774320  24.219725 21.851
 11     6.720 52617.17803521 30.68  89.773490  24.216435 21.851
 11     6.708 52617.17803586 35.73  89.772670  24.213135 21.851
 11     6.009 52617.17803650 36.71  89.771840  24.209845 21.851
 11     6.038 52617.17803714 37.45  89.771020  24.206545 21.851
 11     6.130 52617.17803779 43.79  89.770190  24.203255 21.851
 11     5.951 52617.17803843 46.22  89.769370  24.199955 21.851
 11     5.921 52617.17803908 42.04  89.768540  24.196665 21.851
 12     7.786 52652.17801317 25.71  89.784351  24.199854 16.974
 12     8.146 52652.17801381 26.03  89.783531  24.196554 16.974
 12     8.339 52652.17801446 35.19  89.782701  24.193264 16.974
 12     4.792 52652.17801510 34.65  89.781881  24.189964 16.974
 12     4.704 52652.17801574 29.41  89.781051  24.186674 16.974
 12     4.631 52652.17801639 28.30  89.780231  24.183374 16.974
 13     6.409 52687.17800649 38.16  89.779376  24.213114 18.899
 13     5.602 52687.17800713 29.17  89.778546  24.209824 18.899
 13     5.251 52687.17800778 25.37  89.777726  24.206524 18.899
 13     4.392 52687.17800842 28.94  89.776896  24.203234 18.899
 13     4.167 52687.17800907 34.53  89.776076  24.199934 18.899
 13     4.255 52687.17800971 39.47  89.775246  24.196644 18.899
 13     4.296 52687.17801036 49.76  89.774426  24.193344 18.899
 14     5.243 52722.17805470 34.18  89.778488  24.212397 12.314
 14     4.758 52722.17805534 35.85  89.777658  24.209107 12.314
 14     4.944 52722.17805599 29.24  89.776838  24.205807 12.314
 14     4.696 52722.17805663 32.26  89.776008  24.202517 12.314
 14     4.734 52722.17805728 36.80  89.775188  24.199217 12.314
 14     4.671 52722.17805792 46.56  89.774358  24.195927 12.314
 15     7.608 52757.17806967 23.75  89.774657  24.251541 16.797
 15     7.558 52757.17807031 26.04  89.773837  24.248241 16.797
 15     7.544 52757.17807096 25.77  89.773007  24.244951 16.797
 15     7.563 52757.17807160 31.16  89.772187  24.241651 16.797
 15     7.585 52757.17807225 25.82  89.771359  24.238362 10.071
 15     7.483 52757.17807289 24.03  89.770529  24.235062 10.071
 15     7.018 52757.17807354 24.35  89.769709  24.231772 10.071
 15     6.755 52757.17807418 23.97  89.768879  24.228472 10.071
 15     6.835 52757.17807483 24.48  89.768059  24.225182 10.071
 15     6.989 52757.17807547 24.73  89.767229  24.221882 10.071
 15     6.925 52757.17807612 27.61  89.766409  24.218592 10.071
 15     7.029 52757.17807676 26.83  89.765579  24.215302 10.071
 15     7.196 52757.17807741 25.99  89.764759  24.212002 10.071
 17    11.908 52827.17809792 40.94  89.782670  24.203344 22.275
 17    11.866 52827.17809857 39.13  89.781840  24.200054 22.275
 17    11.833 52827.17809921 29.77  89.781020  24.196754 22.275
 17    11.703 52827.17809985 24.13  89.780190  24.193464 22.275
 17    11.947 52827.17810050 24.42  89.779370  24.190164 22.275
 18    11.047 52862.17814354 46.75  89.783492  24.201797 24.789
 18    10.967 52862.17814418 46.46  89.782662  24.198507 24.789
 18    10.899 52862.17814483 41.51  89.781842  24.195207 24.789
 18    10.885 52862.17814547 44.62  89.781012  24.191917 24.789
 18    10.709 52862.17814676 30.46  89.779362  24.185327 24.789
 19    11.551 52897.17817065 35.43  89.777174  24.217485 27.021
 19    11.445 52897.17817130 27.91  89.776344  24.214195 27.021
 19    11.337 52897.17817194 24.42  89.775524  24.210895 27.021
 19    11.305 52897.17817259 27.39  89.774694  24.207605 27.021
 19    11.512 52897.17817323 30.29  89.773874  24.204305 27.021
 19    11.316 52897.17817388 30.74  89.773044  24.201015 27.021
 19    11.330 52897.17817452 26.89  89.772224  24.197715 27.021
 19    11.097 52897.17817517 28.27  89.771394  24.194425 27.021
 20    10.562 52932.17811636 43.02  89.775669  24.223975 36.213
 20    10.389 52932.17811700 48.12  89.774849  24.220685 36.213
 20    10.461 52932.17811765 47.22  89.774019  24.217385 36.213
 20    10.611 52932.17811829 46.02  89.773199  24.214095 36.213
 20    10.373 52932.17811894 50.32  89.772369  24.210805 36.213
 20    10.249 52932.17811958 50.26  89.771549  24.207505 36.213
 20    10.228 52932.17812023 49.19  89.770719  24.204215 36.213
 20    10.211 52932.17812087 48.98  89.769899  24.200915 36.213
 20    10.188 52932.17812152 49.30  89.769069  24.197625 36.213
 21     7.465 52967.17812205 46.39  89.781490  24.207552 25.446
 21     7.274 52967.17812270 34.78  89.780660  24.204262 25.446
 21     7.063 52967.17812334 33.31  89.779840  24.200962 25.446
 21     6.763 52967.17812399 34.90  89.779010  24.197672 25.446
 21     6.902 52967.17812463 33.28  89.778190  24.194372 25.446
 21     8.406 52967.17812527 33.77  89.777360  24.191082 25.446
 22     8.568 53002.17814476 16.73  89.775450  24.228698 19.444
 22     8.750 53002.17814541 19.46  89.774630  24.225408 19.444
 22     8.583 53002.17814605 18.68  89.773800  24.222118 19.444
 22     8.887 53002.17814670 22.78  89.772980  24.218818 19.444
 22     6.897 53002.17814734 33.57  89.772150  24.215528 19.444
 22     6.671 53002.17814799 30.06  89.771330  24.212228 19.444
 22     6.395 53002.17814863 30.00  89.770500  24.208938 19.444
 22     6.405 53002.17814928 31.46  89.769680  24.205638 19.444
 22     6.501 53002.17814992 30.84  89.768850  24.202348 19.444
 23     4.594 53037.17809436 16.84  89.776076  24.225672 20.486
 23     8.203 53037.17809500 17.02  89.775246  24.222372 20.486
 23     8.580 53037.17809565 19.89  89.774426  24.219082 20.486
 23     6.120 53037.17809629 23.75  89.773596  24.215792 20.486
 23     6.213 53037.17809694 30.63  89.772776  24.212492 20.486
 23     5.698 53037.17809758 38.62  89.771946  24.209202 20.486
 23     5.503 53037.17809823 30.72  89.771126  24.205902 20.486
 23     5.698 53037.17809887 24.02  89.770296  24.202612 20.486
 23     5.666 53037.17809952 22.91  89.769476  24.199312 20.486
 23     5.590 53037.17810016 31.43  89.768646  24.196022 20.486
 24     5.935 53072.17812108 17.53  89.777673  24.214017 18.013
 24     5.208 53072.17812172 23.48  89.776843  24.210727 18.013
 24     5.280 53072.17812237 29.68  89.776023  24.207427 18.013
 24     5.320 53072.17812301 27.21  89.775193  24.204137 18.013
 24     5.388 53072.17812366 22.57  89.774373  24.200837 18.013
 24     5.260 53072.17812430 24.94  89.773543  24.197547 18.013
 24     5.275 53072.17812495 26.00  89.772723  24.194257 18.013
 25     9.048 53107.17809513 22.86  89.775126  24.225475 13.343
 25     9.241 53107.17809577 20.82  89.774296  24.222175 13.343
 25     8.981 53107.17809642 21.16  89.773476  24.218885 13.343
 25     8.575 53107.17809706 21.71  89.772646  24.215595 13.343
 25     7.035 53107.17809771 23.69  89.771826  24.212295 13.343
 25     7.086 53107.17809835 25.52  89.770996  24.209005 13.343
 25     7.022 53107.17809899 28.97  89.770176  24.205705 13.343
 25     7.059 53107.17809964 29.97  89.769346  24.202415 13.343
 25     6.890 53107.17810093 27.33  89.767696  24.195825 13.343
 26     8.296 53142.17812983 43.02  89.779353  24.209895 22.603
 26     8.205 53142.17813048 46.90  89.778533  24.206595 22.603
 26     8.096 53142.17813112 43.48  89.777703  24.203305 22.603
 26     8.011 53142.17813177 36.00  89.776883  24.200015 22.603
 26     7.800 53142.17813241 35.12  89.776053  24.196715 22.603
 26     7.941 53142.17813306 35.45  89.775223  24.193425 22.603
 28    12.935 53212.17817376 37.58  89.777659  24.217665 16.956
 28    12.889 53212.17817440 30.98  89.776829  24.214375 16.956
 28    12.687 53212.17817505 28.34  89.776009  24.211075 16.956
 28    12.719 53212.17817569 30.39  89.775179  24.207785 16.956
 28    12.611 53212.17817634 31.25  89.774359  24.204485 16.956
 28    12.582 53212.17817698 31.25  89.773529  24.201195 16.956
 28    12.570 53212.17817763 32.21  89.772709  24.197895 16.956
 28    12.500 53212.17817827 31.02  89.771879  24.194605 16.956
 29    11.205 53247.17814313 32.20  89.778287  24.213161 20.986
 29    11.037 53247.17814377 25.75  89.777457  24.209871 20.986
 29    10.985 53247.17814442 24.74  89.776637  24.206571 20.986
 29    10.831 53247.17814506 24.86  89.775807  24.203281 20.986
 29    10.899 53247.17814571 22.79  89.774987  24.199981 20.986
 29    10.956 53247.17814635 24.09  89.774157  24.196691 20.986
 29    10.968 53247.17814699 26.45  89.773337  24.193391 20.986
 30    10.410 53282.17813117 39.23  89.778752  24.215061 23.645
 30    10.388 53282.17813181 36.35  89.777922  24.211771 23.645
 30    10.525 53282.17813246 32.50  89.777092  24.208471 23.645
 30    10.514 53282.17813310 28.57  89.776272  24.205181 23.645
 30    10.460 53282.17813375 28.79  89.775442  24.201891 23.645
 30    10.402 53282.17813439 29.20  89.774622  24.198591 23.645
 30    10.320 53282.17813503 28.10  89.773792  24.195301 23.645
 48    10.448 53912.17812407 35.51  89.776319  24.224419 20.028
 48    10.194 53912.17812472 42.31  89.775489  24.221119 20.028
 48    10.175 53912.17812536 35.40  89.774659  24.217829 20.028
 48    10.286 53912.17812600 22.90  89.773839  24.214529 20.028
 48    10.097 53912.17812665 19.32  89.773009  24.211239 20.028
 48     9.859 53912.17812729 20.64  89.772189  24.207939 20.028
 48     9.764 53912.17812794 22.21  89.771359  24.204649 20.028
 48     9.680 53912.17812858 23.69  89.770539  24.201349 20.028
 48     9.513 53912.17812923 25.99  89.769709  24.198059 20.028
 56     5.547 54192.17802207 19.77  89.777712  24.218851 15.984
 56     5.414 54192.17802272 20.05  89.776882  24.215551 15.984
 56     5.370 54192.17802336 23.67  89.776062  24.212261 15.984
 56     5.543 54192.17802401 21.38  89.775232  24.208971 15.984
 56     5.694 54192.17802465 19.69  89.774412  24.205671 15.984
 56     5.789 54192.17802530 19.48  89.773582  24.202381 15.984
 56     5.916 54192.17802594 18.65  89.772762  24.199081 15.984
 56     5.847 54192.17802659 22.40  89.771932  24.195791 15.984
 57     7.641 54227.17807230 15.08  89.779379  24.213130 14.429
 57     7.772 54227.17807294 16.48  89.778549  24.209840 14.429
 57     7.947 54227.17807359 13.97  89.777719  24.206540 14.429
 57     7.806 54227.17807423 15.29  89.776899  24.203250 14.429
 57     7.728 54227.17807488 18.44  89.776069  24.199960 14.429
 57     7.850 54227.17807552 20.50  89.775249  24.196660 14.429
 57     7.846 54227.17807617 24.55  89.774419  24.193370 14.429
 58    10.492 54262.17809193 35.80  89.779929  24.211796 17.515
 58    10.209 54262.17809257 38.60  89.779109  24.208506 17.515
 58    10.202 54262.17809322 33.77  89.778279  24.205206 17.515
 58    10.020 54262.17809386 26.95  89.777459  24.201916 17.515
 58     9.960 54262.17809451 28.17  89.776629  24.198626 17.515
 58    10.075 54262.17809515 29.29  89.775809  24.195326 17.515
 58    10.001 54262.17809580 29.99  89.774979  24.192036 17.515
 59    10.874 54297.17809734 44.60  89.779011  24.210345 23.258
 59    10.851 54297.17809798 27.94  89.778191  24.207055 23.258
 59    10.186 54297.17809863 24.76  89.777361  24.203765 23.258
 59    10.314 54297.17809927 23.85  89.776541  24.200465 23.258
 59    10.319 54297.17809992 25.56  89.775711  24.197175 23.258
 59    10.425 54297.17810056 23.40  89.774891  24.193875 23.258
 60    11.812 54332.17808762 39.54  89.779179  24.210876 20.115
 60    11.693 54332.17808826 25.71  89.778359  24.207586 20.115
 60    11.227 54332.17808891 24.81  89.777529  24.204286 20.115
 60    11.248 54332.17808955 25.36  89.776709  24.200996 20.115
 60    11.236 54332.17809020 24.90  89.775879  24.197706 20.115
 60    11.292 54332.17809084 24.12  89.775059  24.194406 20.115
 61    11.561 54367.17802791 38.21  89.777966  24.217847 22.862
 61    11.529 54367.17802856 42.04  89.777136  24.214547 22.862
 61    11.448 54367.17802920 30.05  89.776316  24.211257 22.862
 61    11.291 54367.17802984 22.92  89.775486  24.207967 22.862
 61    11.041 54367.17803049 23.04  89.774666  24.204667 22.862
 61    10.741 54367.17803113 24.25  89.773836  24.201377 22.862
 61    10.725 54367.17803178 23.96  89.773016  24.198077 22.862
 61    10.614 54367.17803242 23.54  89.772186  24.194787 22.862
 62    10.211 54402.17803077 19.77  89.779035  24.209706 14.000
 62     9.724 54402.17803141 19.07  89.778215  24.206416 14.000
 62    10.768 54402.17803206 20.85  89.777385  24.203116 14.000
 62     9.816 54402.17803270 21.29  89.776565  24.199826 14.000
 62     9.847 54402.17803335 21.31  89.775735  24.196536 14.000
 62     9.780 54402.17803399 21.67  89.774915  24.193236 14.000
 63     7.148 54437.17798694 31.08  89.777338  24.215171 22.335
 63     7.087 54437.17798758 28.59  89.776508  24.211871 22.335
 63     6.926 54437.17798823 29.68  89.775688  24.208581 22.335
 63     6.864 54437.17798887 30.53  89.774858  24.205281 22.335
 63     7.125 54437.17798952 35.46  89.774038  24.201991 22.335
 63     7.087 54437.17799016 38.24  89.773208  24.198691 22.335
 63     7.024 54437.17799081 49.41  89.772388  24.195401 22.335
 64     6.195 54472.17801618 36.80  89.781438  24.207028 30.879
 64     5.952 54472.17801682 41.11  89.780618  24.203728 30.879
 64     5.862 54472.17801747 33.25  89.779788  24.200438 30.879
 64     5.744 54472.17801811 27.86  89.778958  24.197148 30.879
 64     5.989 54472.17801876 25.90  89.778138  24.193848 30.879
 66     5.726 54542.17803042 26.44  89.779539  24.208563 16.142
 66     5.697 54542.17803107 30.27  89.778719  24.205263 16.142
 66     5.619 54542.17803171 29.05  89.777889  24.201973 16.142
 66     5.434 54542.17803236 29.63  89.777069  24.198673 16.142
 66     5.424 54542.17803300 30.14  89.776239  24.195383 16.142
 66     5.427 54542.17803365 27.20  89.775419  24.192083 16.142
 67     6.794 54577.17800023 27.89  89.777619  24.215796 18.806
 67     6.718 54577.17800088 24.41  89.776789  24.212506 18.806
 67     6.587 54577.17800152 19.33  89.775969  24.209206 18.806
 67     6.634 54577.17800217 19.69  89.775139  24.205916 18.806
 67     6.894 54577.17800281 21.22  89.774319  24.202616 18.806
 67     6.711 54577.17800346 26.90  89.773489  24.199326 18.806
 67     6.756 54577.17800410 28.07  89.772669  24.196026 18.806
 68     8.235 54612.17802096 29.54  89.779691  24.211513 10.639
 68     8.443 54612.17802160 30.05  89.778861  24.208223 10.639
 68     8.309 54612.17802225 31.04  89.778041  24.204923 10.639
 68     8.237 54612.17802289 31.23  89.777211  24.201633 10.639
 68     8.328 54612.17802353 32.87  89.776391  24.198343 10.639
 68     8.147 54612.17802418 32.19  89.775561  24.195043 10.639
 69    11.221 54647.17802809 49.04  89.778661  24.212340 30.192
 69    11.265 54647.17802874 37.73  89.777831  24.209050 30.192
 69    11.089 54647.17802938 33.57  89.777011  24.205750 30.192
 69    10.917 54647.17803003 34.62  89.776181  24.202460 30.192
 69    10.953 54647.17803067 34.50  89.775361  24.199160 30.192
 69    10.934 54647.17803132 36.94  89.774531  24.195870 30.192
 70    11.949 54682.17802826 49.78  89.778744  24.214005 30.927
 70    11.917 54682.17802890 44.82  89.777924  24.210705 30.927
 70    11.732 54682.17802955 26.98  89.777094  24.207415 30.927
 70    11.263 54682.17803019 24.74  89.776274  24.204115 30.927
 70    11.239 54682.17803084 23.54  89.775444  24.200825 30.927
 70    11.216 54682.17803148 23.75  89.774624  24.197535 30.927
 70    11.053 54682.17803212 24.29  89.773794  24.194235 30.927
 71    12.644 54717.17797651 49.38  89.778140  24.214943 28.241
 71    12.627 54717.17797716 46.97  89.777320  24.211643 28.241
 71    12.595 54717.17797780 41.25  89.776490  24.208353 28.241
 71    12.492 54717.17797845 31.16  89.775670  24.205053 28.241
 71    12.587 54717.17797909 30.51  89.774840  24.201763 28.241
 71    12.036 54717.17797974 29.41  89.774020  24.198463 28.241
 71    12.184 54717.17798038 29.24  89.773190  24.195173 28.241
 72    10.693 54752.17800109 34.48  89.779658  24.212196 17.644
 72     9.791 54752.17800173 34.67  89.778838  24.208896 17.644
 72     9.883 54752.17800238 38.64  89.778008  24.205606 17.644
 72     9.734 54752.17800302 45.97  89.777188  24.202306 17.644
 72     9.629 54752.17800367 44.02  89.776358  24.199016 17.644
 72     9.510 54752.17800431 36.32  89.775538  24.195726 17.644
 72     9.784 54752.17800496 33.79  89.774708  24.192426 17.644
 73     9.692 54787.17796657 21.97  89.778336  24.216724 12.738
 73     7.516 54787.17796721 21.23  89.777506  24.213434 12.738
 73     7.463 54787.17796786 23.90  89.776686  24.210134 12.738
 73     7.751 54787.17796850 20.36  89.775856  24.206844 12.738
 73     8.073 54787.17796914 19.96  89.775036  24.203544 12.738
 73     8.391 54787.17796979 20.06  89.774206  24.200254 12.738
 73     7.682 54787.17797043 21.94  89.773386  24.196964 12.738
 73     7.704 54787.17797108 23.64  89.772556  24.193664 12.738
 74     6.729 54822.17799564 33.49  89.779927  24.207595 15.790
 74     6.391 54822.17799628 30.81  89.779097  24.204305 15.790
 74     6.476 54822.17799693 30.50  89.778277  24.201015 15.790
 74     6.360 54822.17799757 29.33  89.777447  24.197715 15.790
 74     6.305 54822.17799822 29.87  89.776617  24.194425 15.790
 75     5.724 54857.17796311 35.08  89.778694  24.213734 21.342
 75     5.830 54857.17796375 41.46  89.777874  24.210434 21.342
 75     5.816 54857.17796439 45.86  89.777044  24.207144 21.342
 75     5.794 54857.17796504 44.47  89.776224  24.203844 21.342
 75     5.767 54857.17796568 45.25  89.775394  24.200554 21.342
 75     5.682 54857.17796633 51.56  89.774574  24.197264 21.342
 75     5.648 54857.17796697 50.68  89.773744  24.193964 21.342
 76     5.549 54892.17799739 26.66  89.778136  24.216777 19.804
 76     5.461 54892.17799803 32.41  89.777306  24.213487 19.804
 76     5.509 54892.17799868 33.80  89.776486  24.210187 19.804
 76     5.862 54892.17799932 25.86  89.775656  24.206897 19.804
 76     5.628 54892.17799997 23.81  89.774836  24.203607 19.804
 76     5.326 54892.17800061 26.54  89.774006  24.200307 19.804
 76     5.206 54892.17800126 26.20  89.773186  24.197017 19.804
 76     5.311 54892.17800190 24.49  89.772356  24.193717 19.804
 77     5.852 54927.17795987 28.06  89.776593  24.219585 18.674
 77     5.853 54927.17796051 30.07  89.775773  24.216285 18.674
 77     5.874 54927.17796115 29.87  89.774943  24.212995 18.674
 77     5.636 54927.17796180 28.19  89.774123  24.209695 18.674
 77     5.532 54927.17796244 23.61  89.773293  24.206405 18.674
 77     5.399 54927.17796309 23.71  89.772473  24.203105 18.674
 77     5.639 54927.17796373 21.53  89.771643  24.199815 18.674
 77     5.704 54927.17796438 25.41  89.770823  24.196515 18.674
 78     7.070 54962.17799675 25.36  89.778664  24.211186 12.990
 78     7.068 54962.17799739 27.54  89.777834  24.207896 12.990
 78     6.961 54962.17799804 25.11  89.777014  24.204596 12.990
 78     6.804 54962.17799868 22.67  89.776184  24.201306 12.990
 78     6.815 54962.17799933 23.62  89.775364  24.198006 12.990
 78     6.864 54962.17799997 29.51  89.774534  24.194716 12.990
 79     9.297 54997.17801706 17.74  89.777758  24.217357 13.439
 79     8.834 54997.17801770 15.61  89.776938  24.214057 13.439
 79     8.907 54997.17801835 14.03  89.776108  24.210767 13.439
 79     8.828 54997.17801899 13.85  89.775288  24.207467 13.439
 79     8.669 54997.17801964 13.93  89.774458  24.204177 13.439
 79     8.280 54997.17802028 15.98  89.773638  24.200887 13.439
 79     8.401 54997.17802093 17.41  89.772808  24.197587 13.439
 79     8.515 54997.17802157 18.30  89.771988  24.194297 13.439
 80    10.745 55032.17800728 42.46  89.778310  24.213331 28.933
 80    10.730 55032.17800793 25.03  89.777480  24.210041 28.933
 80    10.620 55032.17800857 18.00  89.776660  24.206741 28.933
 80     9.724 55032.17800922 20.01  89.775830  24.203451 28.933
 80     9.612 55032.17800986 19.63  89.775010  24.200161 28.933
 80     9.792 55032.17801051 19.74  89.774180  24.196861 28.933
 80     9.754 55032.17801115 19.80  89.773360  24.193571 28.933
 81    11.869 55067.17799624 51.61  89.778738  24.212095 33.214
 81    11.862 55067.17799689 39.50  89.777918  24.208795 33.214
 81    11.781 55067.17799753 32.20  89.777088  24.205505 33.214
 81    11.152 55067.17799818 26.93  89.776268  24.202205 33.214
 81    11.053 55067.17799882 27.36  89.775438  24.198915 33.214
 81    11.254 55067.17799947 24.50  89.774618  24.195615 33.214
 82    10.520 55102.17793502 31.16  89.776625  24.220788 12.608
 82    10.511 55102.17793567 24.95  89.775795  24.217498 12.608
 82    10.357 55102.17793631 23.17  89.774975  24.214198 12.608
 82    10.322 55102.17793696 23.31  89.774145  24.210908 12.608
 82    10.390 55102.17793760 23.97  89.773325  24.207608 12.608
 82    10.451 55102.17793825 24.46  89.772495  24.204318 12.608
 82    10.353 55102.17793889 28.52  89.771675  24.201018 12.608
 82    10.276 55102.17793954 31.74  89.770845  24.197728 12.608
 83     8.315 55137.17794312 28.29  89.779709  24.211675 16.901
 83     8.329 55137.17794376 29.52  89.778889  24.208375 16.901
 83     8.111 55137.17794441 30.80  89.778059  24.205085 16.901
 83     8.084 55137.17794505 29.69  89.777239  24.201795 16.901
 83     8.057 55137.17794570 30.68  89.776409  24.198495 16.901
 83     7.979 55137.17794634 32.57  89.775589  24.195205 16.901
 84     6.798 55172.17790411 34.44  89.777862  24.214220 15.805
 84     6.792 55172.17790476 33.91  89.777042  24.210920 15.805
 84     6.761 55172.17790540 35.30  89.776212  24.207630 15.805
 84     6.811 55172.17790605 37.92  89.775392  24.204330 15.805
 84     6.826 55172.17790669 40.59  89.774562  24.201040 15.805
 84     6.829 55172.17790733 40.75  89.773742  24.197740 15.805
 84     6.876 55172.17790798 43.28  89.772912  24.194450 15.805
 85     6.700 55207.17793717 23.42  89.779746  24.210750 13.620
 85     6.758 55207.17793781 29.00  89.778926  24.207450 13.620
 85     6.521 55207.17793846 30.48  89.778096  24.204160 13.620
 85     6.300 55207.17793910 30.63  89.777276  24.200870 13.620
 85     6.010 55207.17793975 29.40  89.776446  24.197570 13.620
 85     5.831 55207.17794039 30.65  89.775616  24.194280 13.620
 86     5.542 55242.17790875 28.37  89.777100  24.218307 20.478
 86     5.553 55242.17790940 37.23  89.776270  24.215017 20.478
 86     5.443 55242.17791004 40.79  89.775450  24.211717 20.478
 86     5.524 55242.17791069 31.71  89.774620  24.208427 20.478
 86     5.446 55242.17791133 33.10  89.773800  24.205127 20.478
 86     5.522 55242.17791198 35.32  89.772970  24.201837 20.478
 86     5.527 55242.17791262 35.15  89.772150  24.198547 20.478
 86     5.459 55242.17791326 34.13  89.771320  24.195247 20.478
 87     5.928 55277.17793024 16.88  89.778307  24.214199 15.147
 87     5.545 55277.17793088 21.02  89.777477  24.210909 15.147
 87     5.637 55277.17793153 25.63  89.776657  24.207609 15.147
 87     5.715 55277.17793217 31.86  89.775827  24.204319 15.147
 87     5.738 55277.17793282 30.67  89.775007  24.201029 15.147
 87     5.734 55277.17793346 25.45  89.774177  24.197729 15.147
 87     5.592 55277.17793411 24.11  89.773357  24.194439 15.147
 88     8.539 55312.17789344 14.23  89.778188  24.216612  8.188
 88     8.454 55312.17789409 15.78  89.777368  24.213312  8.188
 88     8.578 55312.17789473 14.21  89.776538  24.210022  8.188
 88     8.722 55312.17789538 12.58  89.775718  24.206722  8.188
 88     8.739 55312.17789602 11.86  89.774888  24.203432  8.188
 88     8.762 55312.17789666 11.29  89.774068  24.200132  8.188
 88     8.874 55312.17789731 13.37  89.773238  24.196842  8.188
 88     9.462 55312.17789795 12.84  89.772418  24.193542  8.188
 89    10.052 55347.17790079 22.25  89.779183  24.211088 24.455
 89     9.407 55347.17790143 17.01  89.778363  24.207788 24.455
 89     9.450 55347.17790208 18.81  89.777533  24.204498 24.455
 89     9.386 55347.17790272 21.32  89.776713  24.201208 24.455
 89     9.445 55347.17790337 20.05  89.775883  24.197908 24.455
 89     9.429 55347.17790401 19.94  89.775063  24.194618 24.455
 90    11.296 55382.17789187 33.42  89.778113  24.213216 25.084
 90    11.187 55382.17789251 28.59  89.777283  24.209926 25.084
 90    10.888 55382.17789316 28.74  89.776463  24.206626 25.084
 90    10.737 55382.17789380 30.06  89.775633  24.203336 25.084
 90    10.616 55382.17789445 30.60  89.774813  24.200036 25.084
 90    10.629 55382.17789509 30.14  89.773983  24.196746 25.084
 90    10.981 55382.17789573 29.26  89.773163  24.193446 25.084
 91    10.944 55417.17792010 28.09  89.779967  24.208688 28.280
 91    10.563 55417.17792075 23.13  89.779147  24.205388 28.280
 91    10.591 55417.17792139 23.89  89.778317  24.202098 28.280
 91    10.481 55417.17792204 25.40  89.777497  24.198798 28.280
 91    10.315 55417.17792268 26.70  89.776667  24.195508 28.280
 91    10.369 55417.17792333 26.95  89.775847  24.192218 28.280
 92    12.242 55452.17790207 47.62  89.778320  24.211789 24.141
 92    12.203 55452.17790271 42.38  89.777500  24.208489 24.141
 92    12.130 55452.17790336 42.57  89.776670  24.205199 24.141
 92    12.062 55452.17790400 40.46  89.775850  24.201899 24.141
 92    11.786 55452.17790465 39.28  89.775020  24.198609 24.141
 92    11.725 55452.17790529 38.50  89.774200  24.195319 24.141
 93    10.004 55487.17782443 34.32  89.777684  24.214387 15.957
 93     9.678 55487.17782508 30.97  89.776854  24.211097 15.957
 93     9.799 55487.17782572 29.01  89.776034  24.207797 15.957
 93     9.851 55487.17782636 28.91  89.775204  24.204507 15.957
 93     9.917 55487.17782701 30.41  89.774384  24.201207 15.957
 93     9.897 55487.17782765 30.54  89.773554  24.197917 15.957
 93     9.923 55487.17782830 31.95  89.772734  24.194627 15.957
