-147032.353   996.098     0.00  187.88
-146657.892  1027.542    83.98  166.73
-146283.446  1069.649   112.47  177.95
-145909.017  1107.602   101.37  155.41
-145534.603  1146.718   104.49  144.36
-145160.206  1214.986   182.36  161.44
-144785.825  1324.716   293.13  196.93
-144411.460  1475.399   402.55  213.80
-144037.112  1619.071   383.84  200.44
-143662.779  1765.149   390.28  180.75
-143288.462  1890.049   333.71  170.96
-142914.162  1931.536   110.85  165.98
-142539.878  1895.251   -96.96  228.54
-142165.610  1807.576  -234.28  245.02
-141791.358  1744.972  -167.30  225.63
-141417.122  1750.555    14.92  212.19
-141042.902  1747.127    -9.16  191.34
-140668.698  1717.861   -78.22  202.75
-140294.510  1620.809  -259.40  176.10
-139920.339  1576.390  -118.73  138.53
-139546.183  1591.476    40.32  136.41
-139172.044  1667.000   201.88  148.43
-138797.921  1764.991   261.95  161.09
-138423.813  1901.490   364.91  190.18
-138049.722  2016.336   307.03  149.01
-137675.647  2065.024   130.17  108.64
-137301.588  2045.831   -51.32  114.84
-136927.545  2014.469   -83.86  132.57
-136553.518  1990.716   -63.51  132.50
-136179.507  2001.030    27.58  130.68
-135805.512  2048.190   126.11  106.30
-135431.533  2072.371    64.67  100.88
-135057.570  2071.042    -3.56  109.15
-134683.624  2049.571   -57.42  135.64
-134309.693  2003.643  -122.84  138.90
-133933.804  1917.000  -230.53  142.94
-133556.670  1812.548  -276.99  144.62
-133179.551  1698.831  -301.57  139.51
-132802.449  1611.275  -232.21  109.98
-132425.363  1552.414  -156.11   99.49
-132048.294  1518.786   -89.19  105.43
-131671.240  1495.879   -60.76  143.50
-131294.204  1503.088    19.12  160.57
-130917.183  1498.500   -12.17  164.21
-130540.179  1429.228  -183.76  162.49
-130163.190  1379.643  -131.54  152.50
-129786.219  1379.297    -0.92  146.92
-129409.263  1439.357   159.35  188.34
-129032.324  1546.566   284.45  168.21
-128655.401  1593.321   124.06  129.34
-128278.494  1592.321    -2.65  124.12
-127901.604  1534.619  -153.12  156.64
-127524.729  1407.623  -337.01  164.08
-127147.871  1282.071  -333.19  169.08
-126771.030  1159.739  -324.66  155.16
-126394.204  1047.530  -297.81  134.50
-126017.395   921.739  -333.87  143.97
-125640.602   791.929  -344.55  143.08
-125263.825   714.333  -205.97  118.27
-124887.065   671.414  -113.93   77.43
-124510.320   702.143    81.57  108.79
-124133.592   819.576   311.75  182.56
-123756.880   959.929   372.61  201.12
-123380.184  1048.143   234.20  189.39
-123003.505  1154.786   283.14  160.65
-122626.842  1248.000   247.50  150.91
-122250.194  1355.831   286.32  176.68
-121873.564  1469.181   300.99  149.66
-121496.949  1530.739   163.47  112.92
-121120.350  1557.571    71.26  112.92
-120743.768  1550.414   -19.01  131.80
-120367.202  1567.879    46.38  132.36
-119990.652  1556.667   -29.78  157.91
-119614.118  1570.576    36.95  143.93
-119237.600  1571.714     3.02  146.48
-118861.098  1566.414   -14.08  114.50
-118484.613  1596.786    80.68   90.94
-118108.144  1608.310    30.61   98.33
-117731.691  1598.877   -25.06  127.20
-117355.254  1516.990  -217.55  168.80
-116978.833  1437.143  -212.14  147.46
-116602.428  1364.228  -193.73  127.22
-116226.040  1323.367  -108.57   96.75
-115849.667  1347.902    65.19   96.40
-115473.311  1401.095   141.35  121.58
-115096.971  1504.786   275.55  140.95
-114720.647  1640.357   360.29  133.00
-114344.339  1715.576   199.91  118.82
-113968.047  1789.716   197.05   91.36
-113591.772  1842.395   140.02   72.65
-113215.512  1881.357   103.56   79.58
-112839.268  1940.263   156.58   90.77
-112463.041  1991.381   135.88   88.20
-112086.830  2044.437   141.04   78.82
-111710.634  2085.739   109.80   76.85
-111334.455  2141.390   147.95   76.47
-110958.292  2173.405    85.12   67.55
-110582.145  2200.158    71.13   58.18
-110206.014  2200.437     0.74   83.35
-109829.899  2200.786     0.93   99.31
-109453.800  2189.460   -30.12  127.78
-109077.718  2170.591   -50.18  139.03
-108701.651  2170.690     0.27  128.76
-108325.600  2177.263    17.48  127.23
-107949.566  2222.111   119.28  117.26
-107573.547  2293.104   188.82  124.42
-107197.545  2353.879   161.65   98.70
-106821.558  2374.623    55.18   76.04
-106445.588  2353.833   -55.30  101.04
-106069.633  2279.111  -198.77  135.74
-105693.695  2208.739  -187.21  140.24
-105317.772  2174.490   -91.11  141.95
-104941.866  2152.902   -57.43  142.83
-104565.976  2176.810    63.61  140.63
-104190.101  2210.030    88.39  121.45
-103814.243  2271.530   163.64  127.29
-103438.400  2362.414   241.83  135.50
-103062.574  2422.513   159.93  117.65
-102686.764  2442.832    54.07   95.57
-102310.969  2404.095  -103.09  108.33
-101935.191  2328.036  -202.42   94.13
-101559.428  2248.135  -212.66   81.03
-101183.682  2190.228  -154.13   76.48
-100807.951  2139.763  -134.32   72.21
-100432.237  2086.669  -141.33   81.54
-100056.538  2053.286   -88.87   89.83
 -99680.856  2023.786   -78.53   95.25
 -99305.189  1981.262  -113.21  104.00
 -98929.538  1945.111   -96.24  113.42
 -98553.904  1872.172  -194.19  119.60
 -98178.285  1808.321  -170.00  117.02
 -97802.682  1737.553  -188.43  101.23
 -97427.095  1669.452  -181.33   81.66
 -97051.524  1624.167  -120.59   84.89
 -96675.969  1617.553   -17.61  129.93
 -96300.430  1610.195   -19.60  138.27
 -95924.907  1581.833   -75.53  156.95
 -95549.399  1564.172   -47.04  141.13
 -95173.908  1534.048   -80.23  134.80
 -94798.432  1491.981  -112.04  128.94
 -94422.973  1456.042   -95.73  124.90
 -94047.529  1393.949  -165.40  128.43
 -93672.101  1323.857  -186.71  121.14
 -93296.690  1228.600  -253.76  117.41
 -92921.294  1170.024  -156.05   83.41
 -92545.913  1163.135   -18.35   87.49
 -92170.549  1193.548    81.03  115.09
 -91795.201  1267.855   197.99  143.05
 -91419.868  1394.524   337.51  149.86
 -91044.552  1479.786   227.19  130.85
 -90669.251  1571.333   243.95  108.06
 -90293.966  1633.311   165.16   83.56
 -89918.697  1671.925   102.91   66.08
 -89543.444  1671.111    -2.17   75.91
 -89168.207  1630.690  -107.73  105.70
 -88792.985  1549.048  -217.60  148.94
 -88417.779  1470.576  -209.16  140.71
 -88042.590  1420.714  -132.91  101.51
 -87667.416  1416.152   -12.16   85.49
 -87292.258  1448.672    86.69   95.41
 -86917.115  1516.347   180.41   99.54
 -86541.989  1569.507   141.72   94.28
 -86166.878  1642.548   194.73  106.15
 -85791.783  1706.661   170.94  116.93
 -85416.704  1783.536   204.97  122.72
 -85041.641  1842.555   157.37  106.87
 -84666.594  1889.995   126.50   98.64
 -84291.562  1957.357   179.63   97.46
 -83916.546  1998.483   109.67   90.54
 -83541.546  2066.111   180.35   81.86
 -83166.562  2104.786   103.14   72.30
 -82791.593  2104.331    -1.21   89.22
 -82416.641  2093.161   -29.79  111.79
 -82041.704  2087.048   -16.31  116.59
 -81666.783  2109.127    58.89  103.05
 -81291.877  2168.976   159.65  112.71
 -80916.988  2264.490   254.80  137.26
 -80542.114  2354.555   240.27  105.79
 -80167.256  2393.127   102.90  101.41
 -79792.414  2401.310    21.83  114.22
 -79417.587  2359.297  -112.09  135.80
 -79042.776  2312.274  -125.47  135.17
 -78667.981  2228.811  -222.70  131.79
 -78293.202  2111.513  -313.00  156.78
 -77918.438  1991.273  -320.86  133.03
 -77543.690  1921.405  -186.45   99.65
 -77168.958  1877.468  -117.26   84.44
 -76794.242  1855.119   -59.64   88.35
 -76419.541  1826.195   -77.20   98.14
 -76044.856  1793.075   -88.40   97.42
 -75670.187  1787.013   -16.18   99.83
 -75295.533  1745.204  -111.60  107.52
 -74920.895  1701.693  -116.15  116.32
 -74546.273  1619.576  -219.21  115.62
 -74171.667  1549.529  -187.00   79.46
 -73797.076  1546.399    -8.36   81.87
 -73422.501  1588.536   112.50  110.57
 -73047.942  1687.071   263.09  123.57
 -72673.398  1752.065   173.54   86.73
 -72298.870  1765.381    35.56  101.22
 -71924.357  1732.437   -87.97  150.19
 -71549.861  1670.632  -165.04  154.12
 -71175.380  1616.127  -145.56  125.27
 -70800.914  1584.615   -84.16   77.92
 -70426.465  1587.762     8.41   61.97
 -70052.031  1605.786    48.14   66.14
 -69677.612  1616.493    28.60   64.96
 -69303.209  1658.716   112.78   83.94
 -68928.822  1716.429   154.16  114.10
 -68554.451  1791.333   200.09  126.90
 -68180.095  1857.228   176.03   85.46
 -67805.755  1890.832    89.78   72.46
 -67431.430  1921.762    82.63   74.52
 -67057.121  1909.181   -33.61   82.38
 -66682.828  1874.367   -93.02   87.84
 -66308.550  1808.262  -176.63  102.67
 -65934.288  1710.429  -261.42  129.41
 -65560.042  1635.013  -201.52  130.58
 -65185.811  1568.905  -176.66  118.42
 -64811.595  1518.949  -133.50   98.01
 -64437.396  1482.158   -98.32   75.73
 -64063.212  1478.786    -9.01   85.60
 -63689.043  1494.262    41.36  100.75
 -63314.890  1541.071   125.11   97.12
 -62940.753  1562.530    57.36   79.65
 -62566.631  1554.899   -20.40   72.60
 -62192.525  1521.693   -88.77   80.54
 -61818.434  1456.879  -173.27  102.31
 -61444.359  1360.623  -257.33  134.07
 -61070.300  1251.405  -292.00  133.45
 -60696.256  1149.167  -273.35  119.12
 -60322.227  1054.623  -252.78   97.94
 -59948.215   995.762  -157.38   82.85
 -59574.217   967.333   -76.02   66.31
 -59200.236   968.181     2.27   67.04
 -58823.833   968.228     0.12   67.12
 -58446.748   973.249    13.32   49.61
 -58069.678   994.310    55.86   64.61
 -57692.625  1036.857   112.85   98.99
 -57315.587  1078.500   110.45   99.65
 -56938.565  1147.669   183.47   90.53
 -56561.559  1190.127   112.62   94.67
 -56184.569  1220.214    79.81   91.39
 -55807.594  1271.143   135.10   87.65
 -55430.636  1314.405   114.77   87.86
 -55053.693  1385.524   188.68  109.18
 -54676.766  1468.367   219.80  108.54
 -54299.854  1587.048   314.89  137.43
 -53922.959  1709.737   325.54  141.89
 -53546.079  1804.739   252.09  126.24
 -53169.215  1843.078   101.74   94.04
 -52792.366  1832.042   -29.29  109.17
 -52415.534  1771.976  -159.40  131.67
 -52038.717  1711.511  -160.47  114.48
 -51661.916  1672.623  -103.21  100.49
 -51285.130  1628.511  -117.08   96.24
 -50908.361  1582.667  -121.68   92.17
 -50531.607  1540.357  -112.30   83.31
 -50154.869  1503.571   -97.65   76.60
 -49778.146  1457.595  -122.05   96.12
 -49401.440  1394.486  -167.54  126.64
 -49024.749  1308.995  -226.96  153.29
 -48648.073  1191.024  -313.20  155.36
 -48271.414  1093.646  -258.54  122.13
 -47894.770  1001.333  -245.10  103.75
 -47518.142   960.561  -108.26   91.90
 -47141.529   935.990   -65.24  107.48
 -46764.932   892.859  -114.53  112.50
 -46388.351   898.333    14.54  122.42
 -46011.786   900.143     4.81  135.09
 -45635.236   910.886    28.53  133.06
 -45258.702   856.445  -144.59  137.16
 -44882.184   788.529  -180.38  116.23
 -44505.681   740.238  -128.27   90.75
 -44129.194   754.167    37.00  121.64
 -43752.723   817.762   168.93  148.95
 -43376.267   889.646   190.96  118.47
 -42999.827   889.478    -0.45  111.12
 -42623.403   824.740  -171.99  133.01
 -42246.994   706.883  -313.12  146.56
 -41870.601   600.693  -282.14  126.03
 -41494.224   533.286  -179.10   97.68
 -41117.862   511.911   -56.80  113.06
 -40741.516   553.649   110.91  127.40
 -40365.185   586.940    88.46  112.55
 -39988.870   581.905   -13.38   98.08
 -39612.571   507.925  -196.60  142.25
 -39236.287   403.833  -276.64  148.78
 -38860.019   299.058  -278.47  116.39
 -38483.767   219.760  -210.77   52.33
 -38107.530   208.036   -31.16   47.51
 -37731.309   234.524    70.41   64.62
 -37355.103   266.809    85.82   68.52
 -36978.913   292.902    69.36   55.62
 -36602.739   296.075     8.44   47.05
 -36226.580   288.422   -20.35   38.30
 -35850.436   276.836   -30.80   27.14
 -35474.309   275.195    -4.36   29.14
 -35098.197   295.228    53.26   49.49
 -34722.100   319.336    64.10   56.26
 -34346.019   350.218    82.12   51.49
 -33969.954   377.606    72.83   54.84
 -33593.904   412.623    93.12   91.00
 -33217.870   444.042    83.55   86.91
 -32841.851   477.972    90.24   79.49
 -32465.848   493.331    40.85   76.64
 -32089.860   533.707   107.39   90.65
 -31713.888   571.990   101.83   90.59
 -31337.931   576.738    12.63   79.08
 -30961.990   537.286  -104.95   99.40
 -30586.065   452.643  -225.16  122.04
 -30210.155   390.068  -166.47  135.23
 -29834.261   314.058  -202.21  124.62
 -29458.382   239.350  -198.76   90.25
 -29082.518   190.024  -131.24   79.83
 -28706.670   142.925  -125.32   66.26
 -28330.838   101.200  -111.02   39.78
 -27955.021    75.786   -67.63   12.25
 -27579.220    68.575   -19.19    5.70
 -27203.434    66.649    -5.12    4.38
 -26827.663    65.600    -2.79    5.41
 -26451.908    62.693    -7.74    7.07
 -26076.169    58.949    -9.97    8.30
 -25700.445    55.375    -9.51    8.09
 -25324.737    51.877    -9.31    3.52
 -24949.044    51.261    -1.64    2.41
 -24573.366    53.571     6.15    5.30
 -24197.704    55.881     6.15    5.88
 -23822.058    58.200     6.17    5.11
 -23446.426    58.695     1.32    4.34
 -23070.811    56.996    -4.52    3.97
 -22695.211    55.048    -5.19    4.03
 -22319.626    52.437    -6.95    3.32
 -21944.057    51.071    -3.64    3.44
 -21568.503    50.452    -1.65    3.50
 -21192.964    49.561    -2.37    3.81
 -20817.441    48.600    -2.56    4.39
 -20441.934    47.986    -1.64    4.82
 -20066.441    46.639    -3.59    4.44
 -19690.965    43.071    -9.50    5.07
 -19315.503    40.664    -6.41    5.63
 -18940.058    35.181   -14.60    7.53
 -18564.627    30.249   -13.14    6.16
 -18189.212    26.738    -9.35    4.49
 -17813.812    24.367    -6.32    2.41
 -17438.428    23.902    -1.24    2.64
 -17063.059    23.286    -1.64    2.80
 -16687.706    22.214    -2.85    2.91
 -16312.367    21.190    -2.73    2.64
 -15937.045    20.333    -2.28    2.67
 -15561.737    19.925    -1.09    2.42
 -15186.445    19.414    -1.36    2.24
 -14811.169    19.018    -1.05    2.03
 -14435.908    18.604    -1.10    1.90
 -14060.662    18.204    -1.06    1.89
 -13685.431    17.548    -1.75    2.32
 -13310.216    16.952    -1.59    2.39
 -12935.016    16.167    -2.09    2.13
 -12559.832    15.902    -0.71    2.20
 -12184.663    15.925     0.06    2.20
 -11809.509    15.548    -1.01    2.08
 -11434.371    15.371    -0.47    1.87
 -11059.248    15.214    -0.42    2.13
 -10684.140    14.576    -1.70    2.40
 -10309.047    13.571    -2.68    2.59
  -9933.970    12.553    -2.71    2.51
  -9558.909    11.357    -3.19    2.87
  -9183.862    10.181    -3.14    3.62
  -8808.831     8.929    -3.34    3.82
  -8433.815     6.738    -5.84    3.26
  -8058.815     5.600    -3.04    2.91
  -7683.829     4.976    -1.66    2.14
  -7308.859     4.286    -1.84    1.71
  -6933.905     4.286     0.00    1.76
  -6558.965     4.381     0.25    1.70
  -6184.041     4.461     0.21    1.95
  -5809.133     4.809     0.93    2.29
  -5434.239     4.469    -0.91    2.67
  -5059.361     4.071    -1.06    2.92
  -4684.498     2.905    -3.11    3.28
  -4309.650     1.357    -4.13    3.02
  -3934.818    -0.333    -4.51    3.09
  -3560.001    -1.984    -4.40    3.74
  -3185.199    -3.464    -3.95    4.22
  -2810.412    -4.117    -1.74    3.94
  -2435.641    -3.656     1.23    4.05
  -2060.885    -1.873     4.76    4.00
  -1686.144    -0.372     4.00    3.51
  -1311.418    -0.214     0.42    3.12
   -936.708    -0.496    -0.75    2.67
   -562.012    -0.331     0.44    2.44
   -187.332     0.135     1.24    2.72
    187.332     0.274     0.37    2.68
    561.982     0.468     0.52    1.95
    936.616     0.207    -0.70    2.10
   1311.235     0.149    -0.15    2.15
   1685.839    -1.738    -5.04    3.67
   2060.428    -4.055    -6.19    4.55
   2435.001    -5.381    -3.54    4.24
   2809.560    -7.266    -5.03    3.43
   3184.103    -8.169    -2.41    3.02
   3558.631    -9.035    -2.31    2.49
   3933.143    -8.619     1.11    3.72
   4307.641    -5.610     8.04    6.11
   4682.123    -3.881     4.62    6.32
   5056.590    -1.851     5.42    6.04
   5431.042    -0.394     3.89    6.82
   5805.479     1.945     6.25    6.63
   6179.901     4.929     7.97    4.89
   6554.307     5.018     0.24    4.52
   6928.699     4.452    -1.51    4.50
   7303.075     4.078    -1.00    4.07
   7677.436     4.354     0.74    3.76
   8051.782     5.236     2.36    3.73
   8426.113     5.762     1.41    3.81
   8800.428     6.018     0.68    3.62
   9174.729     5.444    -1.53    3.93
   9549.014     5.833     1.04    4.57
   9923.284     6.905     2.86    5.00
  10297.540     6.761    -0.38    4.82
  10671.780     6.619    -0.38    3.94
  11046.004     5.181    -3.84    2.90
  11420.214     3.646    -4.10    2.23
  11794.409     3.483    -0.44    2.01
  12168.588     3.013    -1.26    1.44
  12542.753     2.669    -0.92    1.43
  12916.902     2.310    -0.96    1.44
  13291.036     1.591    -1.92    1.44
  13665.156     1.225    -0.98    1.23
  14039.260     1.065    -0.43    1.64
  14413.349     1.513     1.20    2.28
  14787.423     3.881     6.33    5.02
  15161.481     6.763     7.70    6.19
  15535.525    12.048    14.13   12.01
  15909.554    20.298    22.06   19.60
  16286.460    35.469    40.25   34.55
  16663.507    56.088    54.69   44.24
  17040.539    70.024    36.96   45.86
  17417.556    74.111    10.84   39.58
  17794.557    66.143   -21.14   39.66
  18171.543    47.381   -49.77   35.95
  18548.514    23.476   -63.41   20.00
  18925.469    14.857   -22.86    8.82
  19302.409    12.716    -5.68    5.59
  19679.334    19.390    17.71   21.30
  20056.243    42.595    61.57   37.74
  20433.137    69.834    72.27   42.55
  20810.016    97.024    72.14   37.54
  21186.880   116.371    51.34   26.70
  21563.728   130.855    38.43   25.53
  21940.561   144.119    35.20   22.81
  22317.379   149.786    15.04   19.96
  22694.182   151.902     5.62   18.23
  23070.969   156.981    13.48   22.55
  23447.741   156.286    -1.84   25.45
  23824.498   168.095    31.34   36.50
  24201.239   187.859    52.46   42.99
  24577.965   201.855    37.15   37.59
  24954.676   214.914    34.66   29.16
  25331.372   214.214    -1.86   26.14
  25708.053   201.119   -34.76   18.53
  26084.718   193.483   -20.27   12.71
  26461.368   194.119     1.69   13.79
  26838.003   203.375    24.58   19.69
  27214.623   228.922    67.83   39.04
  27591.227   277.761   129.68   69.06
  27967.816   336.065   154.82   81.71
  28344.390   429.762   248.81  116.04
  28720.949   542.911   300.47  124.95
  29097.493   620.399   205.78  106.74
  29474.021   671.591   135.95   47.25
  29850.535   670.405    -3.15   33.07
  30227.033   643.832   -70.58   37.56
  30603.515   624.737   -50.72   26.14
  30979.983   627.513     7.37   33.08
  31356.436   639.145    30.90   39.91
  31732.873   654.925    41.92   35.90
  32109.295   667.530    33.48   20.08
  32485.702   669.158     4.32   14.69
  32862.094   663.695   -14.51   13.91
  33238.471   654.102   -25.49   11.83
  33614.832   647.945   -16.36   13.22
  33991.178   638.961   -23.87   10.50
  34367.510   631.902   -18.76    8.28
  34743.826   629.476    -6.45    7.45
  35120.127   629.016    -1.22    8.02
  35496.412   628.218    -2.12   10.84
  35872.683   621.940   -16.68   20.10
  36248.938   611.667   -27.30   22.33
  36625.179   603.422   -21.91   24.59
  37001.404   600.636    -7.41   29.14
  37377.614   586.877   -36.57   40.92
  37753.809   578.549   -22.14   44.21
  38129.989   558.218   -54.05   41.62
  38506.154   536.483   -57.78   18.88
  38882.304   528.344   -21.64   21.17
  39258.438   511.718   -44.20   23.13
  39634.558   500.247   -30.50   25.56
  40010.662   489.877   -27.57   23.76
  40386.752   483.911   -15.86   22.31
  40762.826   486.065     5.73   23.05
  41138.885   491.357    14.07   21.18
  41514.929   492.042     1.82   19.39
  41890.958   477.740   -38.03   33.14
  42266.972   444.207   -89.18   56.28
  42642.971   388.054  -149.34   75.28
  43018.955   353.530   -91.82   62.64
  43394.923   361.591    21.44   64.29
  43770.877   398.786    98.93   73.71
  44146.816   431.401    86.75   51.36
  44522.739   433.500     5.58   46.91
  44898.648   391.786  -110.97   78.32
  45274.541   329.262  -166.33  103.46
  45650.420   252.262  -204.85  111.44
  46026.283   186.611  -174.66  104.79
  46402.132   126.321  -160.40   91.53
  46777.965    84.686  -110.78   74.00
  47153.783    50.810   -90.14   31.05
  47529.587    38.048   -33.96    3.65
  47905.375    36.566    -3.94    3.16
  48281.148    35.929    -1.70    2.88
  48656.906    34.956    -2.59    2.52
  49032.650    34.643    -0.83    2.98
  49408.378    33.667    -2.60    3.39
  49784.091    33.143    -1.39    3.11
  50159.790    32.310    -2.22    2.34
  50535.473    32.623     0.83    2.37
  50911.141    33.333     1.89    3.49
  51286.794    33.429     0.25    3.54
  51662.433    33.414    -0.04    3.68
  52038.056    32.976    -1.16    3.88
  52413.665    32.111    -2.30    3.05
  52789.258    31.286    -2.20    3.02
  53164.836    29.857    -3.80    2.16
  53540.400    28.737    -2.98    2.36
  53915.948    27.483    -3.34    2.71
  54291.482    26.995    -1.30    2.52
  54667.001    26.972    -0.06    2.48
  55042.504    26.669    -0.81    2.70
  55417.993    26.390    -0.74    2.71
  55793.467    25.881    -1.36    2.78
  56168.926    25.200    -1.81    2.96
  56544.370    24.553    -1.72    3.07
  56919.799    24.000    -1.47    2.82
  57295.213    23.857    -0.38    2.72
  57670.612    23.877     0.05    2.90
  58045.996    24.524     1.72    2.84
  58421.366    23.524    -2.66    3.12
  58796.720    22.262    -3.36    3.29
  59172.059    21.005    -3.35    3.24
  59547.384    19.976    -2.74    2.23
  59922.694    19.452    -1.40    2.53
  60297.989    19.347    -0.28    2.78
  60673.268    19.595     0.66    3.53
  61048.534    20.529     2.49    4.56
  61423.784    22.879     6.26    6.96
  61799.019    25.786     7.75   10.33
  62174.239    27.181     3.72   10.32
  62549.445    26.619    -1.50    6.00
  62924.635    26.075    -1.45    4.95
  63299.811    25.695    -1.01    4.68
  63674.972    25.834     0.37    4.61
  64050.118    27.176     3.58    5.54
  64425.249    26.857    -0.85    5.50
  64800.366    26.436    -1.12    5.54
  65175.467    24.672    -4.70    5.32
  65550.554    24.273    -1.06    3.88
  65925.626    24.437     0.44    3.14
  66300.683    25.111     1.80    3.52
  66675.725    26.024     2.43    3.57
  67050.752    25.877    -0.39    3.48
  67425.765    25.312    -1.51    3.39
  67800.762    25.218    -0.25    3.33
  68175.745    24.011    -3.22    2.83
  68550.713    23.460    -1.47    2.97
  68925.666    23.167    -0.78    2.57
  69300.605    23.119    -0.13    2.59
  69675.528    24.240     2.99    2.51
  70050.437    24.970     1.95    2.36
  70425.331    24.883    -0.23    2.26
  70800.210    24.762    -0.32    2.19
  71175.075    24.810     0.13    2.53
  71549.924    24.399    -1.10    2.98
  71924.759    23.504    -2.39    3.11
  72299.579    22.524    -2.61    2.50
  72674.384    21.762    -2.03    2.51
  73049.175    22.048     0.76    2.32
  73423.951    23.024     2.60    2.48
  73798.712    23.493     1.25    2.84
  74173.458    23.452    -0.11    2.61
  74548.189    23.811     0.96    2.33
  74922.906    23.639    -0.46    2.16
  75297.608    23.690     0.14    2.10
  75672.295    23.238    -1.21    2.22
  76046.967    22.405    -2.22    1.71
  76421.625    22.297    -0.29    1.82
  76796.268    22.405     0.29    1.99
  77170.896    22.905     1.33    2.70
  77545.510    23.809     2.41    3.19
  77920.109    24.669     2.30    3.14
  78294.693    24.460    -0.56    2.94
  78669.262    24.576     0.31    2.54
  79043.817    25.024     1.19    3.01
  79418.357    25.956     2.49    3.15
  79792.882    27.639     4.49    4.62
  80167.392    32.405    12.72    9.80
  80541.888    40.738    22.25   15.32
  80916.369    47.469    17.97   15.49
  81290.835    57.071    25.64   15.08
  81665.287    60.143     8.20   13.49
  82039.724    60.881     1.97   12.52
  82414.147    61.737     2.29   13.58
  82788.554    61.095    -1.71   15.57
  83162.947    57.639    -9.23   18.45
  83537.325    52.420   -13.94   20.03
  83911.689    42.420   -26.71   13.85
  84286.038    36.061   -16.99    7.41
  84660.372    34.536    -4.07    5.14
  85034.692    33.529    -2.69    4.10
  85408.997    33.809     0.75    4.70
  85783.287    36.286     6.62    7.30
  86157.563    38.739     6.55    8.42
  86531.824    40.204     3.91    8.18
  86906.070    42.733     6.76    8.86
  87280.302    43.718     2.63   10.16
  87654.519    48.586    13.01   12.44
  88028.722    52.762    11.16   11.48
  88402.910    55.738     7.95   10.67
  88777.083    54.247    -3.98    7.81
  89151.242    51.263    -7.98    6.68
  89525.386    49.417    -4.93    6.62
  89899.515    47.111    -6.16    6.54
  90273.630    44.786    -6.22    5.69
  90647.730    43.500    -3.44    4.23
  91022.195    42.414    -2.90    2.96
  91399.211    43.145     1.94    2.98
  91776.213    44.377     3.27    2.71
  92153.199    44.929     1.46    2.96
  92530.171    44.905    -0.06    3.13
  92907.127    44.881    -0.06    4.05
  93284.069    44.401    -1.27    5.09
  93660.997    45.763     3.61    6.19
  94037.909    47.586     4.84    6.09
  94414.806    49.976     6.34    5.48
  94791.689    54.322    11.53    6.43
  95168.557    57.713     9.00    8.78
  95545.410    60.399     7.13    9.70
  95922.249    62.136     4.61    8.80
  96299.072    62.591     1.21    7.94
  96675.881    63.310     1.91    7.39
  97052.675    64.493     3.14    7.48
  97429.454    66.646     5.71    9.76
  97806.218    69.261     6.94   11.44
  98182.968    71.238     5.25   10.35
  98559.703    71.833     1.58    9.85
  98936.423    68.833    -7.96    9.89
  99313.128    63.452   -14.28    6.90
  99689.818    62.103    -3.58    7.47
 100066.494    62.005    -0.26    9.45
 100443.155    60.714    -3.43    9.63
 100819.801    58.158    -6.79    8.46
 101196.433    56.395    -4.68    8.15
 101573.049    53.952    -6.49    5.97
 101949.651    52.908    -2.77    5.71
 102326.239    52.976     0.18    6.85
 102702.811    50.452    -6.70    7.38
 103079.369    47.119    -8.85    7.02
 103455.912    43.810    -8.79    6.65
 103832.440    40.445    -8.94    5.79
 104208.954    36.739    -9.84    6.30
 104585.453    34.452    -6.07    6.70
 104961.937    32.086    -6.29    5.64
 105338.407    31.929    -0.42    5.39
 105714.861    35.065     8.33    8.21
 106091.301    39.949    12.97    9.00
 106467.727    45.929    15.89    9.05
 106844.137    51.811    15.63    8.66
 107220.533    57.956    16.33   10.98
 107596.915    63.762    15.42   12.50
 107973.281    71.553    20.70   14.70
 108349.633    83.357    31.36   18.07
 108725.970    99.972    44.14   24.05
 109102.293   117.643    46.95   28.90
 109478.601   133.476    42.07   28.09
 109854.894   132.249    -3.26   30.56
 110231.173   117.524   -39.13   44.21
 110607.437   100.643   -44.86   47.68
 110983.686    79.786   -55.43   33.36
 111359.920    73.639   -16.34   30.39
 111736.140    78.119    11.91   33.75
 112112.346    83.336    13.87   36.04
 112488.536    87.000     9.74   40.41
 112864.712    95.286    22.02   37.96
 113240.874    99.952    12.40   32.61
 113617.020   103.143     8.48   23.52
 113993.152   110.529    19.64   25.28
 114369.270   124.204    36.36   32.65
 114745.373   134.444    27.22   30.74
 115121.461   141.214    18.00   37.54
 115497.535   151.298    26.81   45.18
 115873.594   175.023    63.08   47.09
 116249.638   186.649    30.92   41.57
 116625.668   185.311    -3.56   38.86
 117001.683   168.176   -45.57   41.92
 117377.684   142.667   -67.84   50.14
 117753.670   122.861   -52.67   43.24
 118129.641   109.899   -34.47   35.14
 118505.598   107.658    -5.96   35.69
 118881.540   115.530    20.94   32.89
 119257.468   122.693    19.05   27.97
 119633.381   132.167    25.20   28.46
 120009.280   153.149    55.81   32.85
 120385.164   165.049    31.65   27.26
 120761.033   166.377     3.53   26.16
 121136.888   161.274   -13.58   22.40
 121512.728   167.786    17.33   31.09
 121888.554   175.190    19.70   34.28
 122264.365   185.427    27.24   31.38
 122640.162   186.695     3.37   28.78
 123015.944   172.606   -37.49   33.81
 123391.712   157.357   -40.58   32.73
 123767.465   143.395   -37.15   30.08
 124143.203   135.511   -20.98   24.09
 124518.927   134.877    -1.69   23.07
 124894.637   138.391     9.35   23.56
 125270.332   138.071    -0.85   23.79
 125646.012   135.716    -6.27   24.26
 126021.678   129.469   -16.63   21.36
 126397.329   137.274    20.78   29.31
 126772.966   146.734    25.18   30.14
 127148.589   150.524    10.09   28.21
 127524.197   144.500   -16.04   31.72
 127899.790   124.119   -54.26   29.29
 128275.369   104.976   -50.96   26.62
 128650.933    89.336   -41.64   21.66
 129026.483    81.127   -21.86   13.98
 129402.019    78.461    -7.10   16.01
 129777.539    84.322    15.61   19.94
 130153.046    82.095    -5.93   21.56
 130528.538    76.500   -14.90   24.79
 130904.015    64.857   -31.00   23.91
 131279.479    58.065   -18.09   14.62
 131654.927    57.176    -2.37   10.98
 132030.361    68.386    29.85   22.69
 132405.781    78.786    27.70   24.07
 132781.186    82.832    10.78   25.15
 133156.577    91.553    23.23   33.71
 133531.953    93.524     5.25   40.48
 133907.315   101.686    21.74   47.22
 134282.663   114.095    33.06   49.73
 134657.996   133.623    52.02   54.41
 135033.314   157.371    63.27   52.26
 135408.619   170.857    35.93   51.06
 135783.908   177.048    16.49   51.52
 136159.184   184.405    19.60   44.80
 136534.445   185.444     2.77   44.55
 136909.691   186.493     2.79   37.87
 137284.923   193.061    17.50   31.36
 137660.141   198.024    13.23   27.58
 138035.344   201.095     8.19   25.65
 138410.533   210.595    25.32   23.04
 138785.708   218.738    21.70   24.99
 139160.868   223.914    13.79   22.08
 139536.014   230.135    16.58   27.71
 139911.145   232.859     7.26   34.92
 140286.262   227.238   -14.98   40.68
 140661.365   225.103    -5.69   39.79
 141036.453   223.102    -5.33   37.98
 141411.527   206.377   -44.59   47.39
 141786.586   171.093   -94.06   60.31
 142161.631   148.929   -59.09   58.40
 142536.662   146.367    -6.83   60.60
 142911.678   162.145    42.07   71.83
 143286.680   201.240   104.24   64.65
 143661.668   237.838    97.59   50.25
 144036.641   261.558    63.25   46.76
 144411.600   272.929    30.32   38.54
 144786.545   275.949     8.05   38.57
 145161.475   273.925    -5.40   48.16
 145536.391   272.863    -2.83   42.62
 145911.293   295.513    60.41   52.50
 146286.180   302.311    18.13   49.11
 146661.053   294.018   -22.12   58.14
 147035.912   292.347    -4.46   59.99
 147410.757   280.639   -31.23   51.87
 147785.587   249.490   -83.09   77.10
 148160.402   232.812   -44.49   82.70
 148535.204   207.591   -67.28   74.12
 148909.991   207.524    -0.18   76.69
 149284.764   223.810    43.45   76.46
 149659.523   229.833    16.07   78.18
 150034.267   220.486   -24.94   72.55
 150408.997   229.286    23.48   71.48
 150783.713   235.932    17.73   76.94
 151158.414   265.995    80.22   98.77
 151533.101   298.517    86.79  103.99
 151907.774   305.190    17.81  106.58
 152282.433   322.833    47.08   97.51
 152657.077   332.095    24.72   91.22
 153031.707   348.786    44.55   74.92
 153406.323   357.688    23.76   86.00
 153780.925   346.667   -29.42  106.23
 154155.512   331.228   -41.21  109.00
 154530.085   300.405   -82.28  105.04
 154904.644   283.690   -44.62   97.58
 155279.188   292.249    22.85   96.44
 155653.719   278.336   -37.14   86.35
 156028.235   291.390    34.85   92.77
 156402.737   280.024   -30.35   97.39
 156777.224   278.981    -2.78   96.69
 157151.698   292.619    36.42   96.18
 157526.157   297.664    13.47   88.07
 157900.602   285.861   -31.52   77.38
 158275.033   292.018    16.44   68.17
 158649.449   313.261    56.73   81.48
 159023.852   352.143   103.84   99.37
 159398.240   411.571   158.72  112.77
 159772.614   456.321   119.52  115.35
 160146.974   523.925   180.56  102.42
 160521.319   581.759   154.47   84.82
 160895.651   631.672   133.32   68.05
 161269.968   677.561   122.58   43.49
 161644.271   690.000    33.23   29.07
 162018.560   671.310   -49.93   44.87
 162392.834   639.529   -84.90   52.25
 162767.095   612.058   -73.39   43.59
 163141.341   595.170   -45.12   34.35
 163515.573   599.347    11.16   38.68
 163889.791   624.333    66.76   41.51
 164263.995   644.152    52.95   51.97
 164638.185   678.081    90.66   47.22
 165012.360   699.233    56.52   35.47
 165386.522   702.643     9.11   28.60
 165760.669   692.855   -26.16   36.70
 166135.697   664.952   -74.39   51.79
 166512.673   627.143  -100.28   59.02
 166889.635   602.632   -65.01   51.61
 167266.583   587.381   -40.45   51.31
 167643.516   585.298    -5.53   53.81
 168020.435   579.690   -14.88   51.51
 168397.340   575.738   -10.49   48.89
 168774.230   577.444     4.53   57.72
 169151.106   593.395    42.32   69.09
 169527.967   607.711    37.98   69.97
 169904.815   602.737   -13.20   61.83
 170281.648   593.095   -25.58   53.90
 170658.466   594.071     2.59   51.22
 171035.270   608.566    38.46   59.86
 171412.060   639.857    83.03   68.58
 171788.836   663.714    63.31   65.72
 172165.597   692.381    76.08   71.63
 172542.344   726.571    90.74   68.31
 172919.077   771.190   118.42   66.82
 173295.795   827.135   148.48   85.45
 173672.499   899.517   192.12   92.66
 174049.189   961.436   164.35   86.20
 174425.865  1012.000   134.22   77.74
 174802.526  1037.600    67.96   81.82
 175179.173  1040.762     8.40   88.57
 175555.805  1016.095   -65.49  105.04
 175932.424   966.211  -132.44  117.00
 176309.028   921.493  -118.72   82.98
 176685.617   919.879    -4.29   66.31
 177062.193   953.048    88.07   97.79
 177438.754  1033.667   214.06  127.09
 177815.301  1095.048   162.99  118.43
 178191.834  1118.548    62.40  105.13
 178568.352  1056.952  -163.57  145.48
 178944.857   939.981  -310.63  214.81
 179321.346   753.566  -495.07  232.71
 179697.822   595.119  -420.81  187.49
 180074.284   433.225  -429.98  160.35
 180450.731   313.711  -317.43  105.86
 180827.164   233.357  -213.43   85.98
 181203.583   164.086  -184.00   56.75
 181579.987   138.429   -68.15   43.49
 181956.377   162.452    63.82   67.38
 182332.754   201.619   104.05   78.94
 182709.115   250.143   128.91   77.28
 183085.463   279.222    77.25   71.90
 183461.796   288.762    25.35   73.45
 183838.116   312.167    62.18   94.45
 184214.421   360.321   127.95  134.52
 184590.712   432.524   191.85  159.29
 184966.988   501.470   183.21  151.43
 185343.251   551.808   133.77  149.99
 185719.499   618.347   176.82  141.86
 186095.733   685.667   178.90  144.09
 186471.953   781.298   254.15  147.49
 186848.158   860.427   210.30  170.86
 187224.350   915.308   145.87  161.14
 187600.527   933.760    49.04  122.90
 187976.690   903.095   -81.51  101.05
 188352.839   826.347  -204.01  115.34
 188728.974   753.837  -192.75  109.57
 189105.095   666.990  -230.87  114.72
 189481.201   575.452  -243.35  109.62
 189857.294   517.190  -154.89   89.34
 190233.372   466.437  -134.93   82.38
 190609.436   419.664  -124.36   89.73
 190985.486   364.331  -147.12  115.47
 191361.522   307.628  -150.77  121.29
 191737.543   269.667  -100.94   97.76
 192113.551   253.669   -42.54   87.83
 192489.544   266.500    34.12   81.80
 192865.524   282.357    42.17   71.99
 193241.489   280.555    -4.79   71.61
 193617.440   259.119   -57.01   77.44
 193993.377   249.054   -26.77   81.13
 194369.300   232.286   -44.60   73.43
 194745.208   206.595   -68.33   57.67
 195121.103   183.908   -60.35   55.59
 195496.983   154.976   -76.96   51.84
 195872.850   127.411   -73.33   45.57
 196248.702   102.274   -66.87   43.39
 196624.540    80.810   -57.10   40.09
 197000.364    60.738   -53.40   46.51
 197376.174    38.548   -59.04   44.71
 197751.970    18.274   -53.94   25.86
 198127.752    14.517   -10.00   23.86
 198503.520    16.536     5.37   30.93
 198879.274    19.762     8.58   29.92
 199255.013    16.929    -7.54   27.39
 199630.739     7.321   -25.57   26.57
 200006.450    -1.409   -23.23   25.41
 200382.148   -11.614   -27.16   21.71
 200757.831   -23.141   -30.68   20.78
 201133.501   -31.958   -23.47   16.12
 201509.156   -30.263     4.51   19.58
 201884.797   -19.571    28.46   25.98
 202260.425    -6.500    34.79   24.22
 202636.038     3.493    26.60   15.86
 203011.637     2.956    -1.43   13.11
 203387.222    -3.605   -17.47   15.47
 203762.793   -11.970   -22.27   17.09
 204138.350   -19.310   -19.54   18.30
 204513.893   -29.048   -25.93   17.15
 204889.423   -39.439   -27.67   12.53
 205264.938   -43.643   -11.19    9.65
 205640.439   -46.753    -8.28    4.42
 206015.926   -47.024    -0.72    4.40
 206391.399   -47.238    -0.57    4.99
 206766.858   -48.168    -2.48    4.75
 207142.303   -48.905    -1.96    5.39
 207517.734   -48.925    -0.05    5.65
 207893.151   -46.237     7.16    8.24
 208268.554   -44.166     5.52    8.64
 208643.943   -43.810     0.95    7.88
 209019.318   -42.044     4.70    8.15
 209394.679   -42.342    -0.80    7.86
 209770.027   -43.601    -3.35    7.20
 210145.360   -43.522     0.21    7.17
 210520.679   -43.952    -1.15    7.11
 210895.984   -44.405    -1.21    7.95
 211271.276   -43.814     1.57    9.05
 211646.553   -45.305    -3.97    8.49
 212021.816   -45.293     0.03    8.65
 212397.066   -46.381    -2.90    7.71
 212772.301   -48.842    -6.56    3.66
 213147.523   -48.458     1.02    3.61
 213522.731   -47.692     2.04    3.21
 213897.924   -47.189     1.34    3.49
 214273.104   -46.810     1.01    3.78
 214648.270   -46.214     1.59    3.64
 215023.422   -46.095     0.32    3.44
 215398.560   -45.500     1.59    2.38
 215773.684   -45.739    -0.64    1.47
 216148.794   -46.117    -1.01    1.77
 216523.891   -46.314    -0.53    2.04
 216898.973   -46.897    -1.55    1.66
 217274.041   -47.068    -0.46    1.61
 217649.096   -47.429    -0.96    1.84
 218024.137   -47.385     0.12    2.29
 218399.163   -47.586    -0.54    2.53
 218774.176   -47.507     0.21    2.97
 219149.175   -47.064     1.18    3.60
 219524.160   -46.678     1.03    3.36
 219899.132   -46.586     0.24    3.46
 220274.089   -46.024     1.50    3.35
 220649.032   -46.810    -2.10    3.39
 221023.962   -47.039    -0.61    3.84
 221398.878   -48.164    -3.00    3.73
 221773.780   -48.024     0.37    4.17
 222148.668   -47.548     1.27    4.43
 222523.542   -47.019     1.41    4.09
 222898.402   -46.751     0.72    4.08
 223273.249   -47.483    -1.95    3.84
 223648.081   -48.714    -3.29    3.29
 224022.900   -48.381     0.89    4.42
 224397.705   -47.701     1.81    5.35
 224772.496   -47.071     1.68    5.42
 225147.273   -46.643     1.14    4.84
 225522.037   -46.889    -0.66    4.09
 225896.786   -47.643    -2.01    3.25
 226271.522   -46.635     2.69    3.86
 226646.244   -44.964     4.46    4.59
 227020.952   -45.514    -1.47    5.06
 227395.647   -47.143    -4.35    5.75
 227770.327   -49.024    -5.02    4.79
 228144.994   -50.112    -2.90    4.06
 228519.647   -49.692     1.12    3.99
 228894.286   -47.881     4.83    4.79
 229268.911   -47.141     1.97    4.73
 229643.523   -45.239     5.08    3.71
 230018.121   -44.824     1.11    3.80
 230392.705   -43.692     3.02    3.58
 230767.275   -41.635     5.49    5.57
 231141.831   -38.857     7.42    6.46
 231516.374   -36.958     5.07    5.46
 231890.903   -38.117    -3.09    5.86
 232265.418   -40.000    -5.03    5.33
 232639.919   -42.689    -7.18    3.50
 233014.407   -43.548    -2.29    3.37
 233388.881   -43.605    -0.15    3.23
 233763.341   -43.071     1.42    3.20
 234137.787   -42.653     1.12    3.03
 234512.219   -41.667     2.63    3.55
 234886.638   -40.556     2.97    3.36
 235261.043   -40.307     0.66    3.56
 235635.435   -39.141     3.11    4.53
 236009.812   -38.714     1.14    4.34
 236384.176   -39.214    -1.34    3.51
 236758.526   -38.595     1.65    3.65
 237132.863   -38.361     0.63    3.57
 237507.185   -37.857     1.34    3.51
 237881.494   -36.539     3.52    3.38
 238255.789   -36.800    -0.70    2.55
 238630.071   -36.060     1.97    2.81
 239004.339   -35.524     1.43    3.03
 239378.593   -33.336     5.84    4.02
 239752.833   -31.381     5.22    4.14
 240127.060   -28.214     8.46    4.85
 240501.273   -25.451     7.38    4.96
 240875.472   -22.714     7.31    5.58
 241251.050   -21.342     3.65    6.48
 241627.982   -22.409    -2.83    7.14
 242004.900   -23.262    -2.26    6.90
 242381.805   -22.855     1.08    5.92
 242758.696   -21.282     4.17    5.79
 243135.573   -17.907     8.96    7.88
 243512.436   -14.833     8.15    8.43
 243889.285   -14.028     2.14    8.20
 244266.120   -15.339    -3.48    8.38
 244642.941   -19.078    -9.92    7.80
 245019.749   -21.267    -5.81    6.84
 245396.542   -22.540    -3.38    7.35
 245773.322   -23.976    -3.81    7.33
 246150.088   -25.762    -4.74    7.23
 246526.840   -27.646    -5.00    7.16
 246903.578   -30.267    -6.96    5.34
 247280.302   -31.726    -3.87    2.73
 247657.013   -31.952    -0.60    2.46
 248033.709   -31.714     0.63    2.20
 248410.392   -31.772    -0.15    2.51
 248787.061   -31.240     1.41    2.82
 249163.716   -29.865     3.65    3.14
 249540.357   -29.539     0.87    3.28
 249916.985   -28.929     1.62    2.88
 250293.598   -28.970    -0.11    2.54
 250670.198   -29.189    -0.58    3.41
 251046.784   -27.656     4.07    6.91
 251423.356   -26.314     3.56    9.08
 251799.915   -23.605     7.19   13.59
 252176.459   -21.409     5.83   14.41
 252552.990   -20.336     2.85   13.54
 252929.507   -15.976    11.58   17.98
 253306.010   -14.531     3.84   20.52
 253682.499   -13.764     2.04   19.45
 254058.975    -4.976    23.34   32.34
 254435.437    -0.024    13.15   39.39
 254811.885    10.714    28.52   48.91
 255188.319    13.855     8.34   51.02
 255564.739    22.517    23.01   56.18
 255941.146    25.236     7.22   54.35
 256317.539    30.548    14.11   56.15
 256693.918    35.929    14.29   54.81
 257070.283    40.251    11.48   53.25
 257446.635    45.566    14.12   49.94
 257822.973    46.561     2.64   46.99
 258199.297    42.005   -12.10   37.36
 258575.607    48.414    17.03   41.09
 258951.904    54.048    14.97   41.01
 259328.187    63.667    25.56   39.37
 259704.456    76.981    35.38   37.65
 260080.711    83.011    16.02   32.86
 260456.953    81.908    -2.93   31.32
 260833.181    79.469    -6.48   28.15
 261209.395    76.322    -8.36   24.68
 261585.596    73.005    -8.82   30.31
 261961.782    80.298    19.38   36.97
 262337.955    90.636    27.48   35.04
 262714.115    97.429    18.05   34.15
 263090.260    97.311    -0.31   32.25
 263466.392    88.905   -22.34   30.74
 263842.511    83.738   -13.73   30.44
 264218.615    74.274   -25.16   30.76
 264594.706    71.905    -6.30   27.66
 264970.783    68.170    -9.93   26.86
 265346.847    65.460    -7.21   29.43
 265722.896    59.429   -16.04   33.14
 266098.932    49.619   -26.08   36.97
 266474.955    40.228   -24.97   33.92
 266850.964    33.023   -19.16   31.47
 267226.959    29.445    -9.51   30.67
 267602.940    22.711   -17.91   28.70
 267978.908    14.524   -21.77   28.18
 268354.862     8.214   -16.78   24.71
 268730.802     2.991   -13.89   22.87
 269106.729    -0.146    -8.34   17.69
 269482.642     0.734     2.34   18.96
 269858.542     3.452     7.23   21.15
 270234.427     5.859     6.40   24.55
 270610.300     3.247    -6.95   22.47
 270986.158     5.968     7.24   18.41
 271362.003     7.917     5.19   16.31
 271737.834    11.836    10.42   16.26
 272113.652    17.542    15.18   17.78
 272489.456    17.054    -1.30   17.81
 272865.246    19.143     5.56   21.21
 273241.023    14.196   -13.16   18.68
 273616.786    12.249    -5.18   19.07
 273992.536    11.857    -1.04   21.75
 274368.272     9.493    -6.29   21.04
 274743.994    10.262     2.05   22.31
 275119.703     9.615    -1.72   19.99
 275495.398    13.111     9.30   21.27
 275871.079    24.086    29.21   33.33
 276246.747    35.643    30.76   47.01
 276622.402    36.262     1.65   48.44
 276998.042    31.786   -11.91   43.93
 277373.670    36.298    12.01   52.34
 277749.283    44.811    22.66   60.37
 278124.883    45.444     1.69   54.69
 278500.470    49.460    10.69   56.53
 278876.042    38.420   -29.39   47.78
 279251.602    41.310     7.69   49.53
 279627.148    34.517   -18.08   44.04
 280002.680    42.908    22.34   45.42
 280378.198    51.936    24.04   52.55
 280753.703    45.249   -17.80   46.06
 281129.195    48.061     7.49   42.84
 281504.673    49.595     4.09   46.71
 281880.137    55.238    15.03   49.16
 282255.588    58.048     7.48   50.37
 282631.026    47.810   -27.26   37.40
 283006.450    41.222   -17.54   38.86
 283381.860    38.833    -6.36   40.18
 283757.257    33.078   -15.33   32.53
 284132.640    43.925    28.89   38.81
 284508.010    46.762     7.56   36.78
 284883.366    48.233     3.92   34.49
 285258.709    42.740   -14.63   33.08
 285634.038    34.936   -20.79   24.86
 286009.354    31.738    -8.52   25.30
 286384.656    29.786    -5.20   24.67
 286759.945    29.170    -1.64   21.16
 287135.220    32.218     8.12   20.41
 287510.481    33.658     3.84   17.73
 287885.730    40.615    18.54   23.17
 288260.964    52.859    32.62   24.42
 288636.186    58.591    15.27   23.00
 289011.393    65.127    17.42   31.18
 289386.588    65.391     0.70   36.27
 289761.769    53.713   -31.12   33.46
 290136.936    41.714   -31.97   27.29
 290512.090    30.566   -29.71   16.17
 290887.230    29.024    -4.11   18.39
 291262.357    22.401   -17.65   19.74
 291637.471    18.810    -9.57   18.05
 292012.571    19.956     3.06   18.99
 292387.657    32.176    32.57   23.34
 292762.730    40.469    22.10   22.35
 293137.790    48.688    21.91   18.03
 293512.836    48.561    -0.34   14.27
 293887.869    49.311     2.00   17.26
 294262.889    47.688    -4.33   16.84
 294637.895    39.524   -21.77   22.07
 295012.887    33.524   -16.00   23.46
 295387.866    21.762   -31.36   17.08
 295762.832    30.143    22.35   34.88
 296137.784    48.262    48.31   42.02
 296512.723    69.736    57.26   44.49
 296887.649    97.152    73.11   33.49
 297262.561   113.336    43.16   23.12
 297637.459   112.810    -1.40   32.14
 298012.345    97.347   -41.24   45.33
 298387.216    80.643   -44.55   50.93
 298762.075    49.286   -83.63   35.17
 299136.920    34.145   -40.38   15.16
 299511.752    31.218    -7.81   12.69
 299886.570    28.030    -8.50   12.23
 300261.375    28.286     0.68   13.10
 300636.166    29.103     2.18   18.07
 301010.944    27.259    -4.92   20.55
 301385.709    31.172    10.44   25.35
 301760.461    42.888    31.26   32.98
 302135.199    59.176    43.45   35.04
 302509.923    67.956    23.43   38.96
 302884.635    69.299     3.58   42.79
 303259.333    66.649    -7.07   49.22
 303634.017    62.338   -11.50   47.46
 304008.688    80.981    49.75   39.20
 304383.346   100.714    52.66   43.46
 304757.991   126.956    70.03   41.31
 305132.622   152.204    67.38   47.06
 305507.240   161.324    24.34   35.95
 305881.845   175.524    37.90   32.14
 306256.436   191.690    43.15   31.11
 306631.014   198.619    18.49   38.86
 307005.578   210.688    32.21   40.15
 307380.130   237.936    72.73   50.32
 307754.668   261.274    62.30   53.20
 308129.192   271.730    27.91   47.44
