# NaN NaN NaN ;Mean Elev.(m), Avg Gradient(m/km), RMS Gradient(m/km) - SRTM1     
#   62.685 -14.991  82.577 ;Mean Elev.(m), Avg Gradient(m/km), RMS Gradient(m/km) - ASTER GDEM
#   65.412 -14.757  82.666 ;Mean Elev.(m), Avg Gradient(m/km), RMS Gradient(m/km) - GMTED2010 
 10    80.161 52550.64612710 36.65  93.119218  26.616773 25.828
 10    78.095 52550.64612775 36.98  93.118368  26.620063 25.828
 10    74.548 52550.64612839 38.20  93.117518  26.623353 25.828
 12    65.606 52620.64608243 22.41  93.126866  26.618396 16.541
 12    65.302 52620.64608307 25.43  93.126016  26.621686 16.541
 17    69.665 52795.64608588 35.94  93.128779  26.619834 14.049
 17    68.846 52795.64608652 40.76  93.127929  26.623124 14.049
 20    70.222 52900.64622515 42.78  93.125727  26.620118 30.118
 20    70.945 52900.64622579 40.07  93.124877  26.623418 30.118
 21    68.478 52935.64616670 43.30  93.127328  26.618782 18.292
 21    69.512 52935.64616735 43.40  93.126488  26.622072 18.292
 22    66.632 52970.64618800 35.34  93.124119  26.619158 23.954
 22    65.796 52970.64618864 43.05  93.123269  26.622448 23.954
 24    65.425 53040.64615403 30.05  93.120191  26.618025 17.344
 24    65.823 53040.64615468 42.33  93.119341  26.621315 17.344
 25    65.721 53075.64618649 34.17  93.123660  26.619117 27.769
 25    65.835 53075.64618714 43.24  93.122810  26.622407 27.769
 26    68.108 53110.64615635 23.07  93.117743  26.617010  5.140
 26    67.350 53110.64615699 18.76  93.116893  26.620310  5.140
 26    67.567 53110.64615764 19.06  93.116043  26.623600  5.140
 31    70.261 53285.64620064 26.59  93.118510  26.617105  9.975
 31    68.359 53285.64620129 24.02  93.117660  26.620405  9.975
 31    68.388 53285.64620193 24.13  93.116810  26.623695  9.975
 32    66.080 53320.64618054 29.99  93.133522  26.620651 25.817
 32    66.526 53320.64618118 42.30  93.132672  26.623941 25.817
 33    65.964 53355.64614944 26.11  93.134639  26.620703 20.251
 33    66.475 53355.64615008 31.91  93.133789  26.624003 20.251
 35    65.840 53425.64615649 31.84  93.132614  26.619090 12.055
 35    66.369 53425.64615713 35.85  93.131770  26.622377 13.430
 36    67.276 53460.64616470 33.88  93.129049  26.619473 22.140
 36    67.477 53460.64616534 38.38  93.128199  26.622763 22.140
 38    69.391 53530.64622371 32.96  93.132147  26.619874 12.962
 38    69.310 53530.64622436 37.86  93.131297  26.623174 12.962
 41    68.540 53635.64619075 28.94  93.120896  26.616138 12.535
 41    68.256 53635.64619139 32.06  93.120043  26.619425 13.728
 41    67.853 53635.64619204 25.08  93.119193  26.622715 13.728
 42    68.586 53670.64621164 32.70  93.121521  26.615355 16.065
 42    68.232 53670.64621228 44.35  93.120671  26.618645 16.065
 42    69.283 53670.64621293 45.89  93.119823  26.621931 13.379
 43    65.985 53705.64614595 26.75  93.134739  26.620718 15.047
 43    66.416 53705.64614659 33.20  93.133889  26.624008 15.047
 44    65.710 53740.64605859 32.10  93.135238  26.621562 26.120
 44    65.460 53740.64605924 36.18  93.134388  26.624852 26.120
 47    67.460 53845.64610708 40.35  93.121971  26.618262 20.261
 47    67.941 53845.64610773 40.00  93.121121  26.621562 20.261
 48    74.327 53880.64613308 31.30  93.129275  26.619949 22.076
 48    72.803 53880.64613373 34.76  93.128425  26.623236 27.406
 52    75.301 54020.64617482 33.62  93.125703  26.618291 24.840
 52    75.898 54020.64617547 36.45  93.124853  26.621581 24.840
 53    66.504 54055.64616582 28.69  93.134611  26.619409 26.274
 53    67.176 54055.64616646 33.26  93.133761  26.622699 26.274
 55    72.765 54125.64608161 28.70  93.125285  26.617450 24.263
 55    71.130 54125.64608226 37.29  93.124435  26.620740 24.263
 56    65.622 54160.64612042 40.27  93.125934  26.619621 18.557
 56    65.696 54160.64612106 39.73  93.125084  26.622911 18.557
 57    66.342 54195.64608360 42.68  93.124753  26.619937 20.568
 57    66.907 54195.64608424 38.40  93.123903  26.623227 20.568
 58    67.321 54230.64613328 46.04  93.126204  26.619659 24.476
 58    67.347 54230.64613392 42.66  93.125354  26.622959 24.476
 63    66.998 54405.64608819 42.91  93.127072  26.619829 39.907
 63    68.676 54405.64608883 47.86  93.126222  26.623119 39.907
 64    66.544 54440.64604569 39.79  93.124206  26.618565 23.805
 64    66.820 54440.64604633 43.91  93.123366  26.621865 23.805
 65    65.376 54475.64607514 30.15  93.128439  26.617873 24.119
 65    65.585 54475.64607578 42.51  93.127589  26.621163 24.119
 66    65.656 54510.64606077 43.36  93.124986  26.619097 23.844
 66    69.562 54510.64606142 44.06  93.124136  26.622387 23.844
 67    66.511 54545.64608954 17.70  93.128261  26.618475  8.703
 67    66.536 54545.64609018 18.67  93.127411  26.621765  8.703
 68    69.506 54580.64605665 18.31  93.127980  26.619251 13.759
 68    68.990 54580.64605729 18.67  93.127130  26.622541 13.759
 69    69.115 54615.64607909 37.74  93.128508  26.618394 25.648
 69    68.589 54615.64607973 44.86  93.127658  26.621684 25.648
 75    65.180 54825.64605555 28.99  93.126695  26.618151 22.298
 75    65.305 54825.64605620 40.66  93.125845  26.621441 22.298
 76    65.834 54860.64602298 29.96  93.125579  26.618548 19.921
 76    65.925 54860.64602363 40.58  93.124729  26.621838 19.921
 77    66.266 54895.64605610 24.65  93.126993  26.617483 14.497
 77    65.516 54895.64605674 35.92  93.126143  26.620773 14.497
 79    66.725 54965.64605737 26.64  93.126442  26.618389 11.474
 79    67.670 54965.64605801 27.16  93.125592  26.621679 11.474
 84    66.760 55140.64600072 36.01  93.127180  26.618416 23.412
 84    69.852 55140.64600136 44.83  93.126330  26.621706 23.412
 87    66.119 55245.64596804 37.43  93.124782  26.619308 20.898
 87    66.885 55245.64596869 42.56  93.123932  26.622598 20.898
 88    66.377 55280.64598928 15.21  93.127652  26.617417  8.221
 88    67.322 55280.64598993 14.75  93.126802  26.620707  8.221
