# NaN NaN NaN ;Mean Elev.(m), Avg Gradient(m/km), RMS Gradient(m/km) - SRTM1     
#   44.500  -1.270   2.251 ;Mean Elev.(m), Avg Gradient(m/km), RMS Gradient(m/km) - ASTER GDEM
#   56.928  -1.303   2.167 ;Mean Elev.(m), Avg Gradient(m/km), RMS Gradient(m/km) - GMTED2010 
  6    59.407 52420.17158361 46.88  92.540848  26.605187 20.361
  6    59.507 52420.17158426 46.45  92.539998  26.601897 20.361
  6    59.263 52420.17158490 40.41  92.539148  26.598607 20.361
  6    59.222 52420.17158555 36.48  92.538301  26.595314 10.693
  6    58.891 52420.17158619 32.88  92.537451  26.592024 10.693
  6    58.962 52420.17158684 30.94  92.536601  26.588734 10.693
  6    59.401 52420.17158748 29.79  92.535751  26.585444 10.693
  7    60.594 52455.17160805 52.17  92.538937  26.603535 30.038
  7    60.501 52455.17160869 51.19  92.538087  26.600235 30.038
  7    60.472 52455.17160934 47.64  92.537237  26.596945 30.038
  7    60.372 52455.17160998 44.14  92.536387  26.593655 30.038
  7    60.343 52455.17161063 41.84  92.535537  26.590365 30.038
  7    60.278 52455.17161127 42.47  92.534687  26.587075 30.038
  8    61.735 52490.17158250 45.49  92.548305  26.606796 27.399
  8    61.642 52490.17158315 46.08  92.547465  26.603496 27.399
  8    61.633 52490.17158379 45.50  92.546615  26.600206 27.399
  8    61.602 52490.17158637 47.09  92.543215  26.587046 27.399
  8    61.351 52490.17158701 48.68  92.542365  26.583746 27.399
  8    61.409 52490.17158766 43.58  92.541515  26.580456 27.399
  9    59.130 52525.17156189 49.42  92.540300  26.603586 37.477
  9    59.092 52525.17156254 43.70  92.539450  26.600296 37.477
  9    59.272 52525.17156318 46.34  92.538600  26.597006 37.477
  9    59.150 52525.17156383 47.93  92.537750  26.593706 37.477
  9    59.195 52525.17156447 51.10  92.536910  26.590416 37.477
  9    59.130 52525.17156512 53.18  92.536060  26.587126 37.477
  9    59.135 52525.17156576 45.46  92.535210  26.583836 37.477
 10    58.885 52560.17161027 48.70  92.542970  26.606401 24.946
 10    58.834 52560.17161092 47.06  92.542120  26.603111 24.946
 10    58.652 52560.17161156 38.04  92.541270  26.599821 24.946
 10    58.861 52560.17161220 44.19  92.540420  26.596531 24.946
 10    58.677 52560.17161349 49.04  92.538730  26.589941 24.946
 10    58.618 52560.17161414 43.51  92.537880  26.586651 24.946
 10    58.690 52560.17161478 36.28  92.537030  26.583361 24.946
 11    56.982 52595.17161852 38.59  92.534970  26.601301 29.676
 11    57.131 52595.17161917 47.86  92.534120  26.598001 29.676
 11    57.210 52595.17161981 50.50  92.533270  26.594711 29.676
 11    57.158 52595.17162046 50.17  92.532420  26.591421 29.676
 11    57.145 52595.17162110 49.04  92.531570  26.588131 29.676
 11    57.145 52595.17162175 48.49  92.530720  26.584841 29.676
 12    56.453 52630.17155045 28.71  92.548044  26.604549 16.592
 12    56.388 52630.17155110 33.16  92.547194  26.601259 16.592
 12    56.191 52630.17155432 34.85  92.542944  26.584799 16.592
 12    56.957 52630.17155497 34.80  92.542094  26.581509 16.592
 12    57.163 52630.17155561 37.56  92.541244  26.578219 16.592
 14    55.997 52700.17155145 27.19  92.552459  26.605766 18.503
 14    55.160 52700.17155210 29.14  92.551619  26.602476 18.503
 14    55.554 52700.17155274 31.25  92.550769  26.599176 18.503
 14    56.018 52700.17155597 34.32  92.546519  26.582726 18.503
 14    56.626 52700.17155661 30.88  92.545669  26.579436 18.503
 14    56.872 52700.17155725 41.18  92.544819  26.576136 18.503
 15    56.769 52735.17158389 37.85  92.547063  26.604759 13.920
 15    57.063 52735.17158454 44.61  92.546213  26.601459 13.920
 15    56.549 52735.17158776 35.25  92.541973  26.585007 16.952
 15    57.412 52735.17158840 32.37  92.541123  26.581717 16.952
 16    59.062 52770.17157107 22.31  92.539715  26.605025 14.755
 16    58.873 52770.17157171 39.25  92.538865  26.601735 14.755
 16    58.885 52770.17157236 35.70  92.538015  26.598435 14.755
 16    58.745 52770.17157300 26.22  92.537165  26.595145 14.755
 16    58.447 52770.17157365 25.66  92.536315  26.591855 14.755
 16    58.328 52770.17157429 28.34  92.535465  26.588565 14.755
 16    58.559 52770.17157494 29.18  92.534615  26.585275 14.755
 17    60.695 52805.17160792 47.78  92.544818  26.605099 22.532
 17    60.659 52805.17160856 50.38  92.543978  26.601809 22.532
 17    60.642 52805.17160920 50.10  92.543128  26.598519 22.532
 17    60.396 52805.17161114 46.40  92.540578  26.588639 22.532
 17    60.348 52805.17161178 46.03  92.539728  26.585349 22.532
 17    60.169 52805.17161243 39.30  92.538878  26.582059 22.532
 18    60.711 52840.17166868 23.58  92.546761  26.607116 24.224
 18    61.139 52840.17166933 23.59  92.545911  26.603816 24.224
 18    61.403 52840.17166997 26.20  92.545061  26.600526 24.224
 18    61.172 52840.17167255 32.85  92.541661  26.587366 24.224
 18    61.331 52840.17167319 42.94  92.540811  26.584066 24.224
 18    61.409 52840.17167384 47.40  92.539961  26.580776 24.224
 19    60.662 52875.17170820 39.78  92.544322  26.605811 22.848
 19    60.855 52875.17170885 35.89  92.543472  26.602511 22.848
 19    60.697 52875.17170949 32.27  92.542632  26.599221 22.848
 19    60.387 52875.17171014 29.25  92.541782  26.595931 22.848
 19    60.404 52875.17171143 33.89  92.540082  26.589351 22.848
 19    60.761 52875.17171207 35.42  92.539232  26.586061 22.848
 19    60.833 52875.17171272 41.98  92.538382  26.582761 22.848
 20    60.343 52910.17167929 33.40  92.547291  26.604679 12.805
 20    60.309 52910.17167994 33.88  92.546441  26.601389 12.805
 20    60.738 52910.17168316 32.98  92.542191  26.584939 12.805
 20    60.413 52910.17168381 37.05  92.541351  26.581639 12.805
 23    56.259 53015.17166698 45.14  92.539645  26.604699 23.565
 23    56.213 53015.17166762 42.23  92.538795  26.601409 23.565
 23    56.052 53015.17166827 39.96  92.537945  26.598119 23.565
 23    55.871 53015.17166891 41.66  92.537095  26.594829 23.565
 23    55.863 53015.17166956 46.34  92.536245  26.591529 23.565
 23    55.893 53015.17167020 48.63  92.535405  26.588239 23.565
 23    55.939 53015.17167085 46.03  92.534555  26.584949 23.565
 24    56.271 53050.17164103 45.71  92.547020  26.605579 25.429
 24    56.017 53050.17164167 44.44  92.546170  26.602289 25.429
 24    55.787 53050.17164490 41.60  92.541930  26.585829 25.429
 24    55.607 53050.17164554 30.18  92.541080  26.582539 25.429
 24    54.918 53050.17164619 27.04  92.540230  26.579249 25.429
 25    56.231 53085.17167833 22.05  92.533129  26.601563  9.262
 25    55.950 53085.17167897 22.55  92.532279  26.598263  9.262
 25    56.669 53085.17167962 21.44  92.531429  26.594973  9.262
 25    56.967 53085.17168026 21.78  92.530579  26.591683  9.262
 25    58.401 53085.17168091 20.23  92.529729  26.588393  9.262
 26    58.435 53120.17164714 53.05  92.542672  26.605752 27.393
 26    58.487 53120.17164778 51.35  92.541832  26.602462 27.393
 26    58.401 53120.17164842 49.80  92.540982  26.599172 27.393
 26    58.419 53120.17164907 47.23  92.540132  26.595872 27.393
 26    58.383 53120.17165036 44.46  92.538432  26.589292 27.393
 26    58.437 53120.17165100 45.09  92.537582  26.586002 27.393
 26    58.484 53120.17165165 42.51  92.536732  26.582712 27.393
 27    59.701 53155.17170063 39.25  92.537750  26.603648 26.336
 27    59.600 53155.17170127 41.79  92.536900  26.600348 26.336
 27    59.535 53155.17170192 44.92  92.536060  26.597058 26.336
 27    59.465 53155.17170256 46.13  92.535210  26.593768 26.336
 27    59.558 53155.17170320 46.69  92.534360  26.590478 26.336
 27    59.404 53155.17170385 43.60  92.533510  26.587188 26.336
 28    60.781 53190.17169056 47.27  92.549115  26.604897 28.337
 28    60.936 53190.17169121 50.01  92.548265  26.601607 28.337
 28    60.874 53190.17169443 48.15  92.544015  26.585147 28.337
 28    60.894 53190.17169508 41.36  92.543165  26.581847 28.337
 28    61.077 53190.17169572 47.02  92.542315  26.578557 28.337
 29    61.498 53225.17170032 47.72  92.544945  26.605153 23.862
 29    61.299 53225.17170097 44.93  92.544095  26.601863 23.862
 29    61.367 53225.17170161 44.50  92.543245  26.598573 23.862
 29    61.138 53225.17170355 43.13  92.540705  26.588693 23.862
 29    61.198 53225.17170419 42.92  92.539855  26.585403 23.862
 29    61.216 53225.17170483 43.13  92.539005  26.582113 23.862
 30    59.761 53260.17167573 18.09  92.535943  26.601946 15.563
 30    59.933 53260.17167638 17.11  92.535093  26.598656 15.563
 30    60.248 53260.17167702 16.52  92.534243  26.595366 15.563
 30    60.470 53260.17167767 16.35  92.533403  26.592066 15.563
 30    60.582 53260.17167831 17.15  92.532553  26.588776 15.563
 30    60.830 53260.17167896 19.35  92.531703  26.585486 15.563
 57    57.658 54205.17158929 44.30  92.544612  26.604681 19.520
 57    57.997 54205.17158993 47.01  92.543762  26.601391 19.520
 57    58.013 54205.17159058 46.82  92.542911  26.598098 29.168
 57    57.826 54205.17159251 52.76  92.540361  26.588228 29.168
 57    57.843 54205.17159316 50.98  92.539511  26.584928 29.168
 57    57.921 54205.17159380 49.29  92.538661  26.581638 29.168
 58    59.322 54240.17162279 44.61  92.544281  26.605139 25.300
 58    59.600 54240.17162344 48.32  92.543431  26.601849 25.300
 58    59.501 54240.17162408 47.32  92.542581  26.598559 25.300
 58    59.509 54240.17162472 49.90  92.541737  26.595265 30.750
 58    59.241 54240.17162601 40.38  92.540037  26.588685 30.750
 58    59.529 54240.17162666 42.40  92.539187  26.585395 30.750
 58    59.361 54240.17162730 48.06  92.538337  26.582095 30.750
 59    61.342 54275.17163934 49.41  92.543710  26.604596 28.664
 59    61.274 54275.17163999 45.97  92.542860  26.601306 28.664
 59    61.225 54275.17164063 42.74  92.542010  26.598016 28.664
 59    61.210 54275.17164128 42.73  92.541167  26.594724 25.224
 59    61.246 54275.17164256 48.09  92.539467  26.588144 25.224
 59    61.219 54275.17164321 47.81  92.538617  26.584854 25.224
 59    61.045 54275.17164385 46.01  92.537767  26.581554 25.224
 61    60.557 54345.17161660 30.93  92.541649  26.603538 24.899
 61    60.473 54345.17161725 31.19  92.540799  26.600248 24.899
 61    60.377 54345.17161789 26.17  92.539949  26.596958 24.899
 61    60.190 54345.17161918 28.31  92.538253  26.590373 18.317
 61    60.208 54345.17161983 28.33  92.537403  26.587083 18.317
 61    60.211 54345.17162047 29.80  92.536563  26.583793 18.317
 62    58.403 54380.17157698 40.49  92.545237  26.605080 31.005
 62    58.618 54380.17157762 49.05  92.544387  26.601790 31.005
 62    58.675 54380.17157827 50.30  92.543537  26.598500 31.005
 62    58.670 54380.17158020 50.66  92.540987  26.588620 31.005
 62    58.722 54380.17158084 52.20  92.540141  26.585327 33.271
 62    58.687 54380.17158149 51.39  92.539291  26.582037 33.271
 63    56.850 54415.17156490 49.34  92.542409  26.605653 22.638
 63    56.865 54415.17156555 47.58  92.541559  26.602363 22.638
 63    56.883 54415.17156619 50.35  92.540709  26.599073 22.638
 63    56.894 54415.17156684 50.05  92.539859  26.595783 22.638
 63    56.964 54415.17156813 50.37  92.538159  26.589193 22.638
 63    57.105 54415.17156877 50.03  92.537309  26.585903 22.638
 63    57.002 54415.17156942 49.62  92.536461  26.582610 27.914
 66    55.726 54520.17155828 38.92  92.546054  26.604781 26.709
 66    55.704 54520.17155893 48.06  92.545204  26.601491 26.709
 66    55.826 54520.17156215 48.61  92.540954  26.585031 26.709
 66    55.832 54520.17156279 50.35  92.540104  26.581741 26.709
 67    56.923 54555.17157115 44.48  92.541520  26.605322 26.579
 67    56.750 54555.17157180 49.87  92.540670  26.602032 26.579
 67    56.861 54555.17157244 45.65  92.539830  26.598732 26.579
 67    56.787 54555.17157309 47.67  92.538980  26.595442 26.579
 67    56.898 54555.17157373 50.35  92.538130  26.592152 26.579
 67    56.843 54555.17157438 54.04  92.537280  26.588862 26.579
 67    56.809 54555.17157502 51.58  92.536430  26.585572 26.579
 68    58.756 54590.17155392 47.51  92.543899  26.604465 28.750
 68    58.896 54590.17155456 47.33  92.543049  26.601175 28.750
 68    58.916 54590.17155521 49.09  92.542199  26.597885 28.750
 68    58.831 54590.17155585 48.74  92.541349  26.594595 28.750
 68    58.810 54590.17155714 51.66  92.539649  26.588015 28.750
 68    58.846 54590.17155779 50.69  92.538799  26.584715 28.750
 68    58.843 54590.17155843 49.82  92.537949  26.581425 28.750
 69    59.671 54625.17157081 50.85  92.542799  26.605568 28.500
 69    59.590 54625.17157145 47.14  92.541949  26.602278 28.500
 69    59.511 54625.17157210 48.42  92.541099  26.598988 28.500
 69    59.445 54625.17157274 48.25  92.540249  26.595698 28.500
 69    59.411 54625.17157403 48.10  92.538549  26.589118 28.500
 69    59.668 54625.17157467 42.01  92.537699  26.585818 28.500
 69    59.526 54625.17157532 36.89  92.536849  26.582528 28.500
 70    60.792 54660.17157915 47.78  92.541556  26.604963 27.510
 70    60.864 54660.17157980 43.29  92.540706  26.601673 27.510
 70    60.849 54660.17158044 43.26  92.539856  26.598383 27.510
 70    60.823 54660.17158109 39.63  92.539006  26.595093 27.510
 70    60.770 54660.17158173 37.24  92.538156  26.591803 27.510
 70    60.867 54660.17158238 45.21  92.537306  26.588513 27.510
 70    60.889 54660.17158302 44.64  92.536456  26.585213 27.510
 71    61.437 54695.17155756 32.90  92.543015  26.605735 22.480
 71    61.173 54695.17155820 27.92  92.542165  26.602445 22.480
 71    60.818 54695.17155885 26.71  92.541325  26.599145 22.480
 71    60.504 54695.17155949 28.91  92.540475  26.595855 22.480
 71    60.929 54695.17156078 28.50  92.538775  26.589275 22.480
 71    61.096 54695.17156143 30.24  92.537925  26.585985 22.480
 71    61.309 54695.17156207 30.70  92.537075  26.582695 22.480
 72    59.781 54730.17153421 35.19  92.545129  26.604235 11.942
 72    59.334 54730.17153485 28.90  92.544289  26.600945 11.942
 72    59.582 54730.17153743 30.76  92.540889  26.587785 11.942
 72    59.594 54730.17153808 33.74  92.540039  26.584485 11.942
 72    59.712 54730.17153872 31.50  92.539189  26.581195 11.942
 73    57.315 54765.17153661 25.02  92.543145  26.604887 11.310
 73    56.900 54765.17153725 24.86  92.542295  26.601587 11.310
 73    56.907 54765.17153790 23.50  92.541445  26.598297 11.310
 73    57.219 54765.17153854 24.02  92.540595  26.595007 11.310
 73    58.019 54765.17153983 19.69  92.538895  26.588427 11.310
 73    58.787 54765.17154048 18.73  92.538045  26.585127 11.310
 73    57.260 54765.17154112 21.19  92.537195  26.581837 11.310
 74    56.182 54800.17152780 44.06  92.544759  26.605045 23.766
 74    56.072 54800.17152844 50.56  92.543909  26.601755 23.766
 74    56.164 54800.17152909 50.20  92.543059  26.598465 23.766
 74    56.274 54800.17153102 49.69  92.540509  26.588595 23.766
 74    56.243 54800.17153167 50.86  92.539659  26.585295 23.766
 74    56.271 54800.17153231 47.38  92.538809  26.582005 23.766
 75    55.335 54835.17152733 42.76  92.543044  26.605874 25.187
 75    55.580 54835.17152797 49.56  92.542204  26.602574 25.187
 75    55.342 54835.17152862 55.18  92.541354  26.599284 25.187
 75    55.411 54835.17152926 46.44  92.540504  26.595994 25.187
 75    55.478 54835.17153055 49.93  92.538804  26.589414 25.187
 75    55.528 54835.17153119 49.67  92.537954  26.586124 25.187
 75    55.558 54835.17153184 43.96  92.537104  26.582824 25.187
 77    55.973 54905.17153657 36.39  92.539105  26.605136 12.561
 77    55.700 54905.17153722 39.79  92.538265  26.601846 12.561
 77    55.627 54905.17153786 38.26  92.537415  26.598556 12.561
 77    55.654 54905.17153851 38.51  92.536565  26.595266 12.561
 77    55.328 54905.17153915 32.53  92.535715  26.591976 12.561
 77    55.309 54905.17153980 29.88  92.534865  26.588676 12.561
 77    55.673 54905.17154044 26.51  92.534015  26.585386 12.561
 78    56.922 54940.17151620 25.80  92.544974  26.606362 10.241
 78    56.661 54940.17151685 19.22  92.544124  26.603072 10.241
 78    56.541 54940.17151749 20.09  92.543274  26.599782 10.241
 78    57.333 54940.17152007 20.74  92.539884  26.586612 10.241
 78    58.745 54940.17152071 17.04  92.539034  26.583322 10.241
 79    57.706 54975.17154641 47.43  92.543288  26.605641 16.759
 79    57.615 54975.17154705 48.70  92.542438  26.602341 16.759
 79    57.627 54975.17154770 44.90  92.541588  26.599051 16.759
 79    57.626 54975.17154834 41.32  92.540738  26.595761 16.759
 79    57.563 54975.17154963 30.49  92.539038  26.589181 16.759
 79    57.360 54975.17155028 26.32  92.538188  26.585881 16.759
 79    57.394 54975.17155092 23.29  92.537338  26.582591 16.759
 80    59.547 55010.17155837 36.95  92.542139  26.606578 15.426
 80    59.333 55010.17155901 26.90  92.541299  26.603278 15.426
 80    59.345 55010.17155966 27.65  92.540449  26.599988 15.426
 80    59.412 55010.17156030 28.84  92.539599  26.596698 15.426
 80    59.543 55010.17156159 45.07  92.537899  26.590118 15.426
 80    59.629 55010.17156224 41.29  92.537049  26.586828 15.426
 80    59.443 55010.17156288 31.67  92.536199  26.583528 15.426
 81    61.091 55045.17154873 46.52  92.544432  26.606098 29.305
 81    61.012 55045.17154937 48.58  92.543582  26.602798 29.305
 81    60.959 55045.17155002 49.29  92.542732  26.599508 29.305
 81    60.914 55045.17155066 51.28  92.541882  26.596218 29.305
 81    60.976 55045.17155195 53.40  92.540182  26.589638 29.305
 81    60.997 55045.17155259 45.96  92.539332  26.586348 29.305
 81    60.958 55045.17155324 46.74  92.538482  26.583048 29.305
 82    59.617 55080.17152412 46.72  92.541738  26.605603 30.064
 82    59.613 55080.17152476 47.41  92.540898  26.602313 30.064
 82    59.701 55080.17152541 47.90  92.540048  26.599013 30.064
 82    59.672 55080.17152605 44.63  92.539198  26.595723 30.064
 82    59.634 55080.17152734 45.92  92.537498  26.589143 30.064
 82    59.628 55080.17152799 49.00  92.536648  26.585853 30.064
 83    59.207 55115.17148152 46.17  92.545127  26.605262 29.716
 83    59.164 55115.17148217 51.73  92.544277  26.601972 29.716
 83    59.214 55115.17148281 50.73  92.543427  26.598682 29.716
 83    59.447 55115.17148474 48.41  92.540877  26.588812 29.716
 83    59.389 55115.17148539 48.79  92.540027  26.585522 29.716
 83    59.315 55115.17148603 45.29  92.539177  26.582222 29.716
 84    56.369 55150.17148115 50.27  92.541768  26.604345 27.264
 84    56.444 55150.17148179 52.41  92.540928  26.601055 27.264
 84    56.393 55150.17148244 49.78  92.540078  26.597765 27.264
 84    56.313 55150.17148308 47.23  92.539228  26.594475 27.264
 84    56.628 55150.17148373 44.16  92.538378  26.591185 27.264
 84    56.615 55150.17148437 48.39  92.537528  26.587895 27.264
 84    56.639 55150.17148502 47.25  92.536678  26.584595 27.264
 85    55.935 55185.17146509 41.11  92.545463  26.606985 18.477
 85    55.541 55185.17146573 49.86  92.544613  26.603685 18.477
 85    55.481 55185.17146638 42.57  92.543763  26.600395 18.477
 85    55.869 55185.17146896 26.18  92.540363  26.587225 18.477
 85    55.878 55185.17146960 23.59  92.539513  26.583935 18.477
 85    55.880 55185.17147025 30.45  92.538663  26.580645 18.477
 86    55.279 55220.17147935 48.66  92.541347  26.603992 23.191
 86    55.237 55220.17147999 47.67  92.540507  26.600702 23.191
 86    55.135 55220.17148064 43.96  92.539657  26.597412 23.191
 86    54.840 55220.17148128 36.86  92.538807  26.594122 23.191
 86    55.268 55220.17148193 44.26  92.537957  26.590832 23.191
 86    55.159 55220.17148257 48.86  92.537107  26.587542 23.191
 86    55.259 55220.17148322 41.68  92.536257  26.584242 23.191
 87    55.340 55255.17146156 38.06  92.546283  26.606251 17.097
 87    55.287 55255.17146220 41.95  92.545433  26.602961 17.097
 87    54.981 55255.17146285 44.54  92.544583  26.599671 17.097
 87    55.191 55255.17146543 26.70  92.541183  26.586501 17.097
 87    55.262 55255.17146607 28.10  92.540333  26.583211 17.097
 87    55.112 55255.17146672 35.85  92.539483  26.579921 17.097
 88    58.653 55290.17146775 17.75  92.540567  26.605966  6.487
 88    58.381 55290.17146839 17.17  92.539717  26.602676  6.487
 88    58.191 55290.17146903 22.81  92.538877  26.599376  6.487
 88    58.196 55290.17146968 21.10  92.538027  26.596086  6.487
 88    58.403 55290.17147032 18.51  92.537177  26.592796  6.487
 88    58.285 55290.17147097 18.33  92.536327  26.589506  6.487
 88    58.817 55290.17147161 17.55  92.535477  26.586216  6.487
 89    59.136 55325.17144734 45.98  92.541807  26.605743 24.262
 89    58.988 55325.17144799 48.40  92.540967  26.602443 24.262
 89    58.806 55325.17144863 36.39  92.540117  26.599153 24.262
 89    58.866 55325.17144928 35.44  92.539267  26.595863 24.262
 89    58.778 55325.17145056 35.56  92.537567  26.589283 24.262
 89    58.986 55325.17145121 39.41  92.536717  26.585993 24.262
 90    60.818 55360.17144553 47.20  92.541694  26.604196 31.535
 90    60.793 55360.17144618 52.85  92.540844  26.600906 31.535
 90    60.744 55360.17144682 50.82  92.539994  26.597616 31.535
 90    60.698 55360.17144746 51.74  92.539144  26.594326 31.535
 90    60.715 55360.17144811 52.16  92.538294  26.591036 31.535
 90    60.770 55360.17144875 47.15  92.537444  26.587746 31.535
 90    60.761 55360.17144940 45.24  92.536594  26.584446 31.535
 91    61.089 55395.17145016 32.10  92.544476  26.605278 28.291
 91    61.062 55395.17145081 32.06  92.543626  26.601988 28.291
 91    61.321 55395.17145145 35.18  92.542776  26.598698 28.291
 91    61.320 55395.17145210 39.08  92.541926  26.595408 28.291
 91    61.102 55395.17145339 33.42  92.540226  26.588828 28.291
 91    60.815 55395.17145403 27.35  92.539376  26.585528 28.291
 91    60.433 55395.17145468 29.11  92.538526  26.582238 28.291
 92    60.636 55430.17146002 31.16  92.545449  26.607044 22.933
 92    60.594 55430.17146067 31.12  92.544599  26.603754 22.933
 92    60.722 55430.17146131 33.53  92.543759  26.600454 22.933
 92    60.629 55430.17146389 32.86  92.540359  26.587294 22.933
 92    60.349 55430.17146453 30.61  92.539509  26.584004 22.933
 92    60.333 55430.17146518 29.53  92.538659  26.580704 22.933
 93    60.359 55465.17142243 36.06  92.542582  26.605912 23.485
 93    60.493 55465.17142307 39.82  92.541732  26.602622 23.485
 93    60.373 55465.17142372 40.21  92.540892  26.599332 23.485
 93    60.345 55465.17142436 41.15  92.540042  26.596032 23.485
 93    60.303 55465.17142565 36.99  92.538342  26.589452 23.485
 93    60.086 55465.17142630 33.12  92.537492  26.586162 23.485
 93    60.116 55465.17142694 31.97  92.536642  26.582872 23.485
