# NaN NaN NaN ;Mean Elev.(m), Avg Gradient(m/km), RMS Gradient(m/km) - SRTM1     
#   33.857  -0.113   1.810 ;Mean Elev.(m), Avg Gradient(m/km), RMS Gradient(m/km) - ASTER GDEM
#   39.328  -0.170   1.624 ;Mean Elev.(m), Avg Gradient(m/km), RMS Gradient(m/km) - GMTED2010 
  7  91.067646  26.238020    41.873    41.852  5 52467.65203463 48.040
  8  91.068129  26.239453    41.596    41.580  5 52502.65202524 44.883
  9  91.064504  26.239451    40.251    40.097  4 52537.65201034 50.470
 10  91.065629  26.237459    38.423    38.421  4 52572.65204864 52.287
 11  91.072289  26.238760    36.774    36.798  4 52607.65200623 44.219
 12  91.065722  26.237479    36.119    36.061  4 52642.65200374 47.858
 13  91.073317  26.236908    35.838    35.881  3 52677.65198809 44.340
 14  91.064474  26.239398    36.094    36.113  4 52712.65202329 42.419
 16  91.062338  26.241754    39.432    38.960  3 52782.65199014 49.299
 17  91.062084  26.241102    41.101    41.055  3 52817.65206855 47.382
 18  91.067914  26.238404    41.350    41.337  4 52852.65211803 46.794
 20  91.070585  26.237248    40.802    40.808  5 52922.65210642 48.287
 21  91.071579  26.240241    38.052    38.057  3 52957.65207255 48.183
 22  91.071666  26.237460    36.611    36.610  3 52992.65209519 49.983
 23  91.078164  26.232016    35.561    35.561  2 53027.65205957 34.889
 24  91.075606  26.233268    35.642    35.642  2 53062.65206844 40.007
 25  91.064982  26.239377    38.695    38.686  4 53097.65209022 48.746
 26  91.077595  26.230851    38.266    38.266  2 53132.65206550 42.536
 28  91.066831  26.239214    42.598    42.591  5 53202.65214388 44.787
 29  91.078688  26.231863    40.765    40.765  2 53237.65211085 50.897
 30  91.067515  26.237992    39.842    39.843  4 53272.65207025 46.434
 32  91.069540  26.238376    36.880    36.874  5 53342.65209942 49.167
 34  91.072489  26.239337    36.153    36.154  4 53412.65207531 45.038
 35  91.064272  26.240011    37.887    37.870  4 53447.65206177 45.717
 37  91.070184  26.237281    39.325    39.310  5 53517.65214770 47.034
 39  91.075616  26.233410    40.767    40.767  2 53587.65211956 48.884
 41  91.065161  26.238223    38.998    38.997  4 53657.65211709 49.787
 42  91.068291  26.238976    37.143    37.141  4 53692.65210052 46.431
 44  91.075014  26.233182    35.403    35.403  2 53762.65197862 34.828
 45  91.076359  26.232272    36.384    36.384  2 53797.65198941 35.320
 47  91.064761  26.240073    38.651    38.498  4 53867.65205045 16.101
 48  91.066653  26.239842    41.618    41.598  4 53902.65208136 45.699
 50  91.066573  26.239605    39.682    39.682  4 53972.65208200 50.850
 51  91.067442  26.238553    39.690    39.691  4 54007.65206858 51.460
 52  91.071906  26.239213    37.402    37.412  4 54042.65209258 49.707
 53  91.070195  26.239705    36.403    36.409  5 54077.65208642 50.008
 54  91.071845  26.239056    35.707    35.726  4 54112.65202547 50.782
 55  91.067074  26.238304    35.598    35.616  4 54147.65203002 45.617
 56  91.071856  26.238429    36.260    36.273  4 54182.65201357 48.149
 57  91.065994  26.238915    39.341    39.342  4 54217.65203858 33.927
 58  91.067184  26.239514    39.718    39.797  4 54252.65206461 37.975
 59  91.071059  26.238412    40.888    40.816  5 54287.65206874 29.656
 60  91.070553  26.238526    41.079    41.020  5 54322.65206582 41.357
 61  91.075007  26.231415    42.257    42.257  2 54357.65202255 49.865
 62  91.069365  26.238901    39.030    38.825  4 54392.65200631 27.776
 63  91.071097  26.240653    36.945    36.933  3 54427.65197431 46.359
 64  91.068675  26.238394    35.603    35.608  4 54462.65198420 41.628
 65  91.071943  26.237524    35.788    35.809  3 54497.65198222 47.263
 66  91.069830  26.240153    35.827    35.845  5 54532.65199783 46.670
 67  91.072293  26.239366    37.375    37.350  4 54567.65198744 47.935
 68  91.067765  26.239358    38.305    38.291  5 54602.65199337 36.081
 69  91.068023  26.239308    40.804    40.670  5 54637.65200422 39.635
 70  91.068524  26.238177    42.041    42.043  5 54672.65200724 45.766
 71  91.073117  26.237173    41.945    41.905  3 54707.65196629 52.532
 72  91.068462  26.237732    39.410    39.402  5 54742.65197249 49.466
 73  91.071821  26.238987    37.363    37.363  2 54777.65194786 50.306
 74  91.067300  26.238826    35.687    35.702  4 54812.65196599 47.803
 75  91.070710  26.239073    35.092    35.023  5 54847.65194840 47.126
 76  91.067164  26.238620    34.873    34.817  4 54882.65196922 30.748
 77  91.070239  26.237373    35.588    35.581  5 54917.65195049 48.543
 78  91.066993  26.238730    37.966    37.715  4 54952.65196372 22.556
 79  91.065466  26.239891    38.759    38.737  4 54987.65198824 47.158
 80  91.070796  26.240565    41.247    41.212  3 55022.65198022 36.056
 81  91.070075  26.238945    41.397    41.392  5 55057.65197605 47.713
 82  91.071139  26.239048    39.456    39.429  6 55092.65193174 31.203
 83  91.069094  26.237651    38.314    38.217  5 55127.65191558 34.376
 84  91.069951  26.239850    36.606    36.613  5 55162.65189302 47.529
 85  91.066991  26.239040    35.782    35.808  5 55197.65190731 48.529
 86  91.070382  26.239759    35.470    35.533  5 55232.65189707 47.251
 87  91.069326  26.237571    36.416    36.426  5 55267.65190139 44.323
 89  91.069257  26.238481    40.624    40.603  5 55337.65187617 49.570
 90  91.070825  26.238476    41.759    41.760  5 55372.65186592 51.027
 91  91.070026  26.237669    41.791    41.783  5 55407.65188626 49.687
 92  91.070078  26.240064    41.717    41.618  5 55442.65188525 36.922
 93  91.075422  26.232290    40.730    40.730  2 55477.65182349 22.140
